PR-AUC score 0.070708
0.000000, 1.000000
0.016949, 1.000000
0.033898, 1.000000
0.033898, 0.666667
0.033898, 0.500000
0.033898, 0.400000
0.033898, 0.333333
0.033898, 0.285714
0.033898, 0.250000
0.033898, 0.222222
0.033898, 0.200000
0.033898, 0.181818
0.033898, 0.166667
0.033898, 0.153846
0.033898, 0.142857
0.033898, 0.133333
0.033898, 0.125000
0.033898, 0.117647
0.033898, 0.111111
0.050847, 0.157895
0.050847, 0.150000
0.050847, 0.142857
0.050847, 0.136364
0.050847, 0.130435
0.050847, 0.125000
0.050847, 0.120000
0.050847, 0.115385
0.050847, 0.111111
0.050847, 0.107143
0.050847, 0.103448
0.067797, 0.133333
0.067797, 0.129032
0.067797, 0.125000
0.067797, 0.121212
0.067797, 0.117647
0.084746, 0.142857
0.084746, 0.138889
0.084746, 0.135135
0.084746, 0.131579
0.084746, 0.128205
0.084746, 0.125000
0.084746, 0.121951
0.084746, 0.119048
0.084746, 0.116279
0.084746, 0.113636
0.084746, 0.111111
0.101695, 0.130435
0.101695, 0.127660
0.101695, 0.125000
0.101695, 0.122449
0.101695, 0.120000
0.101695, 0.117647
0.101695, 0.115385
0.101695, 0.113208
0.101695, 0.111111
0.101695, 0.109091
0.101695, 0.107143
0.101695, 0.105263
0.101695, 0.103448
0.101695, 0.101695
0.101695, 0.100000
0.101695, 0.098361
0.101695, 0.096774
0.101695, 0.095238
0.101695, 0.093750
0.101695, 0.092308
0.101695, 0.090909
0.101695, 0.089552
0.101695, 0.088235
0.101695, 0.086957
0.101695, 0.085714
0.101695, 0.084507
0.101695, 0.083333
0.101695, 0.082192
0.101695, 0.081081
0.101695, 0.080000
0.101695, 0.078947
0.101695, 0.077922
0.101695, 0.076923
0.101695, 0.075949
0.101695, 0.075000
0.101695, 0.074074
0.101695, 0.073171
0.101695, 0.072289
0.101695, 0.071429
0.101695, 0.070588
0.101695, 0.069767
0.101695, 0.068966
0.101695, 0.068182
0.101695, 0.067416
0.101695, 0.066667
0.101695, 0.065934
0.101695, 0.065217
0.101695, 0.064516
0.101695, 0.063830
0.118644, 0.073684
0.118644, 0.072917
0.118644, 0.072165
0.118644, 0.071429
0.118644, 0.070707
0.118644, 0.070000
0.118644, 0.069307
0.118644, 0.068627
0.118644, 0.067961
0.118644, 0.067308
0.118644, 0.066667
0.135593, 0.075472
0.135593, 0.074766
0.135593, 0.074074
0.135593, 0.073394
0.135593, 0.072727
0.135593, 0.072072
0.135593, 0.071429
0.135593, 0.070796
0.135593, 0.070175
0.135593, 0.069565
0.135593, 0.068966
0.135593, 0.068376
0.135593, 0.067797
0.135593, 0.067227
0.135593, 0.066667
0.152542, 0.074380
0.152542, 0.073770
0.152542, 0.073171
0.169492, 0.080645
0.169492, 0.080000
0.169492, 0.079365
0.169492, 0.078740
0.169492, 0.078125
0.169492, 0.077519
0.169492, 0.076923
0.169492, 0.076336
0.169492, 0.075758
0.169492, 0.075188
0.169492, 0.074627
0.169492, 0.074074
0.186441, 0.080882
0.186441, 0.080292
0.186441, 0.079710
0.186441, 0.079137
0.186441, 0.078571
0.186441, 0.078014
0.186441, 0.077465
0.186441, 0.076923
0.186441, 0.076389
0.186441, 0.075862
0.186441, 0.075342
0.186441, 0.074830
0.186441, 0.074324
0.186441, 0.073826
0.186441, 0.073333
0.186441, 0.072848
0.186441, 0.072368
0.186441, 0.071895
0.186441, 0.071429
0.186441, 0.070968
0.186441, 0.070513
0.186441, 0.070064
0.186441, 0.069620
0.203390, 0.075472
0.203390, 0.075000
0.203390, 0.074534
0.203390, 0.074074
0.203390, 0.073620
0.203390, 0.073171
0.203390, 0.072727
0.203390, 0.072289
0.203390, 0.071856
0.203390, 0.071429
0.203390, 0.071006
0.203390, 0.070588
0.203390, 0.070175
0.203390, 0.069767
0.203390, 0.069364
0.203390, 0.068966
0.220339, 0.074286
0.220339, 0.073864
0.220339, 0.073446
0.220339, 0.073034
0.220339, 0.072626
0.220339, 0.072222
0.220339, 0.071823
0.220339, 0.071429
0.220339, 0.071038
0.220339, 0.070652
0.220339, 0.070270
0.220339, 0.069892
0.220339, 0.069519
0.220339, 0.069149
0.220339, 0.068783
0.220339, 0.068421
0.220339, 0.068063
0.220339, 0.067708
0.220339, 0.067358
0.220339, 0.067010
0.220339, 0.066667
0.220339, 0.066327
0.220339, 0.065990
0.220339, 0.065657
0.220339, 0.065327
0.220339, 0.065000
0.220339, 0.064677
0.220339, 0.064356
0.220339, 0.064039
0.220339, 0.063725
0.220339, 0.063415
0.220339, 0.063107
0.220339, 0.062802
0.220339, 0.062500
0.220339, 0.062201
0.220339, 0.061905
0.220339, 0.061611
0.220339, 0.061321
0.220339, 0.061033
0.220339, 0.060748
0.220339, 0.060465
0.220339, 0.060185
0.220339, 0.059908
0.220339, 0.059633
0.220339, 0.059361
0.220339, 0.059091
0.220339, 0.058824
0.220339, 0.058559
0.220339, 0.058296
0.220339, 0.058036
0.220339, 0.057778
0.220339, 0.057522
0.220339, 0.057269
0.220339, 0.057018
0.220339, 0.056769
0.220339, 0.056522
0.220339, 0.056277
0.220339, 0.056034
0.220339, 0.055794
0.220339, 0.055556
0.220339, 0.055319
0.220339, 0.055085
0.220339, 0.054852
0.220339, 0.054622
0.220339, 0.054393
0.220339, 0.054167
0.220339, 0.053942
0.220339, 0.053719
0.220339, 0.053498
0.220339, 0.053279
0.220339, 0.053061
0.220339, 0.052846
0.220339, 0.052632
0.220339, 0.052419
0.220339, 0.052209
0.220339, 0.052000
0.220339, 0.051793
0.220339, 0.051587
0.220339, 0.051383
0.220339, 0.051181
0.220339, 0.050980
0.220339, 0.050781
0.220339, 0.050584
0.220339, 0.050388
0.220339, 0.050193
0.220339, 0.050000
0.220339, 0.049808
0.220339, 0.049618
0.220339, 0.049430
0.220339, 0.049242
0.220339, 0.049057
0.220339, 0.048872
0.220339, 0.048689
0.220339, 0.048507
0.220339, 0.048327
0.220339, 0.048148
0.220339, 0.047970
0.220339, 0.047794
0.220339, 0.047619
0.220339, 0.047445
0.220339, 0.047273
0.220339, 0.047101
0.220339, 0.046931
0.220339, 0.046763
0.220339, 0.046595
0.220339, 0.046429
0.220339, 0.046263
0.220339, 0.046099
0.220339, 0.045936
0.220339, 0.045775
0.220339, 0.045614
0.220339, 0.045455
0.220339, 0.045296
0.220339, 0.045139
0.220339, 0.044983
0.220339, 0.044828
0.220339, 0.044674
0.220339, 0.044521
0.220339, 0.044369
0.220339, 0.044218
0.220339, 0.044068
0.220339, 0.043919
0.220339, 0.043771
0.220339, 0.043624
0.220339, 0.043478
0.220339, 0.043333
0.220339, 0.043189
0.220339, 0.043046
0.220339, 0.042904
0.220339, 0.042763
0.220339, 0.042623
0.220339, 0.042484
0.220339, 0.042345
0.220339, 0.042208
0.220339, 0.042071
0.220339, 0.041935
0.220339, 0.041801
0.220339, 0.041667
0.220339, 0.041534
0.220339, 0.041401
0.220339, 0.041270
0.220339, 0.041139
0.220339, 0.041009
0.237288, 0.044025
0.237288, 0.043887
0.237288, 0.043750
0.237288, 0.043614
0.237288, 0.043478
0.237288, 0.043344
0.237288, 0.043210
0.237288, 0.043077
0.237288, 0.042945
0.237288, 0.042813
0.237288, 0.042683
0.237288, 0.042553
0.237288, 0.042424
0.237288, 0.042296
0.237288, 0.042169
0.237288, 0.042042
0.237288, 0.041916
0.237288, 0.041791
0.237288, 0.041667
0.237288, 0.041543
0.237288, 0.041420
0.237288, 0.041298
0.237288, 0.041176
0.254237, 0.043988
0.254237, 0.043860
0.254237, 0.043732
0.254237, 0.043605
0.254237, 0.043478
0.254237, 0.043353
0.254237, 0.043228
0.254237, 0.043103
0.254237, 0.042980
0.254237, 0.042857
0.271186, 0.045584
0.271186, 0.045455
0.271186, 0.045326
0.271186, 0.045198
0.271186, 0.045070
0.271186, 0.044944
0.271186, 0.044818
0.271186, 0.044693
0.271186, 0.044568
0.271186, 0.044444
0.271186, 0.044321
0.271186, 0.044199
0.271186, 0.044077
0.271186, 0.043956
0.271186, 0.043836
0.271186, 0.043716
0.271186, 0.043597
0.271186, 0.043478
0.271186, 0.043360
0.271186, 0.043243
0.271186, 0.043127
0.271186, 0.043011
0.271186, 0.042895
0.271186, 0.042781
0.271186, 0.042667
0.271186, 0.042553
0.271186, 0.042440
0.271186, 0.042328
0.271186, 0.042216
0.271186, 0.042105
0.288136, 0.044619
0.288136, 0.044503
0.288136, 0.044386
0.288136, 0.044271
0.288136, 0.044156
0.305085, 0.046632
0.305085, 0.046512
0.305085, 0.046392
0.305085, 0.046272
0.305085, 0.046154
0.305085, 0.046036
0.305085, 0.045918
0.305085, 0.045802
0.305085, 0.045685
0.305085, 0.045570
0.305085, 0.045455
0.305085, 0.045340
0.305085, 0.045226
0.305085, 0.045113
0.305085, 0.045000
0.322034, 0.047382
0.322034, 0.047264
0.322034, 0.047146
0.322034, 0.047030
0.322034, 0.046914
0.322034, 0.046798
0.322034, 0.046683
0.322034, 0.046569
0.322034, 0.046455
0.322034, 0.046341
0.322034, 0.046229
0.322034, 0.046117
0.322034, 0.046005
0.322034, 0.045894
0.322034, 0.045783
0.322034, 0.045673
0.322034, 0.045564
0.322034, 0.045455
0.322034, 0.045346
0.322034, 0.045238
0.322034, 0.045131
0.322034, 0.045024
0.322034, 0.044917
0.322034, 0.044811
0.322034, 0.044706
0.322034, 0.044601
0.322034, 0.044496
0.322034, 0.044393
0.322034, 0.044289
0.322034, 0.044186
0.322034, 0.044084
0.322034, 0.043981
0.322034, 0.043880
0.322034, 0.043779
0.322034, 0.043678
0.322034, 0.043578
0.322034, 0.043478
0.322034, 0.043379
0.322034, 0.043280
0.322034, 0.043182
0.322034, 0.043084
0.322034, 0.042986
0.322034, 0.042889
0.322034, 0.042793
0.322034, 0.042697
0.322034, 0.042601
0.322034, 0.042506
0.322034, 0.042411
0.322034, 0.042316
0.322034, 0.042222
0.322034, 0.042129
0.322034, 0.042035
0.322034, 0.041943
0.322034, 0.041850
0.322034, 0.041758
0.322034, 0.041667
0.322034, 0.041575
0.322034, 0.041485
0.322034, 0.041394
0.322034, 0.041304
0.322034, 0.041215
0.322034, 0.041126
0.322034, 0.041037
0.322034, 0.040948
0.322034, 0.040860
0.338983, 0.042918
0.338983, 0.042827
0.338983, 0.042735
0.338983, 0.042644
0.338983, 0.042553
0.338983, 0.042463
0.338983, 0.042373
0.338983, 0.042283
0.338983, 0.042194
0.338983, 0.042105
0.338983, 0.042017
0.338983, 0.041929
0.338983, 0.041841
0.338983, 0.041754
0.338983, 0.041667
0.338983, 0.041580
0.338983, 0.041494
0.338983, 0.041408
0.338983, 0.041322
0.338983, 0.041237
0.338983, 0.041152
0.338983, 0.041068
0.338983, 0.040984
0.338983, 0.040900
0.338983, 0.040816
0.338983, 0.040733
0.338983, 0.040650
0.338983, 0.040568
0.338983, 0.040486
0.338983, 0.040404
0.338983, 0.040323
0.338983, 0.040241
0.338983, 0.040161
0.355932, 0.042084
0.355932, 0.042000
0.355932, 0.041916
0.355932, 0.041833
0.355932, 0.041750
0.355932, 0.041667
0.355932, 0.041584
0.355932, 0.041502
0.355932, 0.041420
0.355932, 0.041339
0.355932, 0.041257
0.355932, 0.041176
0.355932, 0.041096
0.355932, 0.041016
0.355932, 0.040936
0.355932, 0.040856
0.355932, 0.040777
0.355932, 0.040698
0.355932, 0.040619
0.355932, 0.040541
0.355932, 0.040462
0.355932, 0.040385
0.355932, 0.040307
0.355932, 0.040230
0.355932, 0.040153
0.355932, 0.040076
0.355932, 0.040000
0.355932, 0.039924
0.355932, 0.039848
0.355932, 0.039773
0.355932, 0.039698
0.355932, 0.039623
0.355932, 0.039548
0.355932, 0.039474
0.355932, 0.039400
0.355932, 0.039326
0.355932, 0.039252
0.355932, 0.039179
0.355932, 0.039106
0.355932, 0.039033
0.355932, 0.038961
0.355932, 0.038889
0.355932, 0.038817
0.355932, 0.038745
0.355932, 0.038674
0.355932, 0.038603
0.355932, 0.038532
0.355932, 0.038462
0.355932, 0.038391
0.355932, 0.038321
0.355932, 0.038251
0.355932, 0.038182
0.355932, 0.038113
0.355932, 0.038043
0.355932, 0.037975
0.355932, 0.037906
0.355932, 0.037838
0.355932, 0.037770
0.355932, 0.037702
0.355932, 0.037634
0.355932, 0.037567
0.355932, 0.037500
0.355932, 0.037433
0.355932, 0.037367
0.355932, 0.037300
0.355932, 0.037234
0.355932, 0.037168
0.355932, 0.037102
0.355932, 0.037037
0.355932, 0.036972
0.355932, 0.036907
0.355932, 0.036842
0.355932, 0.036778
0.355932, 0.036713
0.355932, 0.036649
0.355932, 0.036585
0.355932, 0.036522
0.355932, 0.036458
0.355932, 0.036395
0.355932, 0.036332
0.355932, 0.036269
0.355932, 0.036207
0.355932, 0.036145
0.355932, 0.036082
0.355932, 0.036021
0.355932, 0.035959
0.355932, 0.035897
0.355932, 0.035836
0.355932, 0.035775
0.372881, 0.037415
0.372881, 0.037351
0.372881, 0.037288
0.372881, 0.037225
0.372881, 0.037162
0.372881, 0.037099
0.372881, 0.037037
0.372881, 0.036975
0.372881, 0.036913
0.372881, 0.036851
0.372881, 0.036789
0.372881, 0.036728
0.372881, 0.036667
0.372881, 0.036606
0.372881, 0.036545
0.372881, 0.036484
0.372881, 0.036424
0.372881, 0.036364
0.372881, 0.036304
0.372881, 0.036244
0.389831, 0.037829
0.389831, 0.037767
0.389831, 0.037705
0.389831, 0.037643
0.389831, 0.037582
0.389831, 0.037520
0.389831, 0.037459
0.389831, 0.037398
0.389831, 0.037338
0.389831, 0.037277
0.389831, 0.037217
0.389831, 0.037157
0.389831, 0.037097
0.389831, 0.037037
0.389831, 0.036977
0.389831, 0.036918
0.389831, 0.036859
0.389831, 0.036800
0.389831, 0.036741
0.389831, 0.036683
0.389831, 0.036624
0.389831, 0.036566
0.389831, 0.036508
0.389831, 0.036450
0.389831, 0.036392
0.389831, 0.036335
0.389831, 0.036278
0.389831, 0.036220
0.389831, 0.036164
0.389831, 0.036107
0.389831, 0.036050
0.389831, 0.035994
0.389831, 0.035937
0.389831, 0.035881
0.389831, 0.035826
0.389831, 0.035770
0.389831, 0.035714
0.389831, 0.035659
0.389831, 0.035604
0.389831, 0.035549
0.389831, 0.035494
0.389831, 0.035439
0.389831, 0.035385
0.389831, 0.035330
0.389831, 0.035276
0.389831, 0.035222
0.389831, 0.035168
0.389831, 0.035115
0.389831, 0.035061
0.389831, 0.035008
0.389831, 0.034954
0.389831, 0.034901
0.389831, 0.034848
0.389831, 0.034796
0.389831, 0.034743
0.389831, 0.034691
0.389831, 0.034639
0.389831, 0.034586
0.389831, 0.034535
0.389831, 0.034483
0.389831, 0.034431
0.389831, 0.034380
0.389831, 0.034328
0.389831, 0.034277
0.389831, 0.034226
0.389831, 0.034175
0.389831, 0.034125
0.389831, 0.034074
0.389831, 0.034024
0.389831, 0.033973
0.389831, 0.033923
0.389831, 0.033873
0.389831, 0.033824
0.389831, 0.033774
0.389831, 0.033724
0.389831, 0.033675
0.389831, 0.033626
0.389831, 0.033577
0.389831, 0.033528
0.389831, 0.033479
0.389831, 0.033430
0.389831, 0.033382
0.389831, 0.033333
0.389831, 0.033285
0.389831, 0.033237
0.389831, 0.033189
0.389831, 0.033141
0.389831, 0.033094
0.389831, 0.033046
0.389831, 0.032999
0.389831, 0.032951
0.389831, 0.032904
0.389831, 0.032857
0.389831, 0.032810
0.389831, 0.032764
0.389831, 0.032717
0.389831, 0.032670
0.389831, 0.032624
0.389831, 0.032578
0.389831, 0.032532
0.389831, 0.032486
0.389831, 0.032440
0.389831, 0.032394
0.389831, 0.032349
0.389831, 0.032303
0.389831, 0.032258
0.389831, 0.032213
0.389831, 0.032168
0.389831, 0.032123
0.389831, 0.032078
0.389831, 0.032033
0.389831, 0.031989
0.389831, 0.031944
0.389831, 0.031900
0.389831, 0.031856
0.389831, 0.031812
0.389831, 0.031768
0.389831, 0.031724
0.389831, 0.031680
0.389831, 0.031637
0.389831, 0.031593
0.389831, 0.031550
0.389831, 0.031507
0.389831, 0.031464
0.389831, 0.031421
0.389831, 0.031378
0.389831, 0.031335
0.389831, 0.031293
0.389831, 0.031250
0.389831, 0.031208
0.389831, 0.031165
0.389831, 0.031123
0.389831, 0.031081
0.389831, 0.031039
0.389831, 0.030997
0.389831, 0.030956
0.389831, 0.030914
0.389831, 0.030872
0.389831, 0.030831
0.389831, 0.030790
0.389831, 0.030749
0.389831, 0.030708
0.389831, 0.030667
0.389831, 0.030626
0.389831, 0.030585
0.389831, 0.030544
0.389831, 0.030504
0.389831, 0.030464
0.389831, 0.030423
0.389831, 0.030383
0.389831, 0.030343
0.389831, 0.030303
0.389831, 0.030263
0.389831, 0.030223
0.389831, 0.030184
0.389831, 0.030144
0.389831, 0.030105
0.389831, 0.030065
0.389831, 0.030026
0.389831, 0.029987
0.389831, 0.029948
0.389831, 0.029909
0.389831, 0.029870
0.389831, 0.029831
0.389831, 0.029793
0.389831, 0.029754
0.389831, 0.029716
0.389831, 0.029677
0.389831, 0.029639
0.406780, 0.030888
0.406780, 0.030848
0.406780, 0.030809
0.406780, 0.030769
0.406780, 0.030730
0.406780, 0.030691
0.406780, 0.030651
0.406780, 0.030612
0.406780, 0.030573
0.406780, 0.030534
0.406780, 0.030496
0.406780, 0.030457
0.406780, 0.030418
0.406780, 0.030380
0.406780, 0.030341
0.406780, 0.030303
0.406780, 0.030265
0.406780, 0.030227
0.406780, 0.030189
0.406780, 0.030151
0.406780, 0.030113
0.406780, 0.030075
0.406780, 0.030038
0.406780, 0.030000
0.406780, 0.029963
0.406780, 0.029925
0.406780, 0.029888
0.406780, 0.029851
0.406780, 0.029814
0.406780, 0.029777
0.406780, 0.029740
0.406780, 0.029703
0.406780, 0.029666
0.406780, 0.029630
0.406780, 0.029593
0.406780, 0.029557
0.406780, 0.029520
0.406780, 0.029484
0.406780, 0.029448
0.406780, 0.029412
0.406780, 0.029376
0.406780, 0.029340
0.406780, 0.029304
0.406780, 0.029268
0.406780, 0.029233
0.406780, 0.029197
0.406780, 0.029162
0.423729, 0.030340
0.423729, 0.030303
0.423729, 0.030266
0.423729, 0.030230
0.423729, 0.030193
0.423729, 0.030157
0.440678, 0.031325
0.440678, 0.031288
0.440678, 0.031250
0.440678, 0.031212
0.440678, 0.031175
0.440678, 0.031138
0.440678, 0.031100
0.440678, 0.031063
0.440678, 0.031026
0.440678, 0.030989
0.440678, 0.030952
0.440678, 0.030916
0.440678, 0.030879
0.440678, 0.030842
0.440678, 0.030806
0.440678, 0.030769
0.440678, 0.030733
0.440678, 0.030697
0.440678, 0.030660
0.440678, 0.030624
0.440678, 0.030588
0.440678, 0.030552
0.440678, 0.030516
0.440678, 0.030481
0.440678, 0.030445
0.440678, 0.030409
0.440678, 0.030374
0.440678, 0.030338
0.440678, 0.030303
0.440678, 0.030268
0.440678, 0.030233
0.440678, 0.030197
0.440678, 0.030162
0.440678, 0.030127
0.440678, 0.030093
0.440678, 0.030058
0.440678, 0.030023
0.440678, 0.029988
0.440678, 0.029954
0.440678, 0.029919
0.440678, 0.029885
0.440678, 0.029851
0.440678, 0.029817
0.440678, 0.029782
0.440678, 0.029748
0.440678, 0.029714
0.440678, 0.029680
0.440678, 0.029647
0.440678, 0.029613
0.440678, 0.029579
0.440678, 0.029545
0.440678, 0.029512
0.440678, 0.029478
0.440678, 0.029445
0.440678, 0.029412
0.440678, 0.029379
0.440678, 0.029345
0.440678, 0.029312
0.440678, 0.029279
0.440678, 0.029246
0.440678, 0.029213
0.440678, 0.029181
0.440678, 0.029148
0.440678, 0.029115
0.440678, 0.029083
0.440678, 0.029050
0.440678, 0.029018
0.440678, 0.028986
0.440678, 0.028953
0.440678, 0.028921
0.440678, 0.028889
0.440678, 0.028857
0.440678, 0.028825
0.440678, 0.028793
0.440678, 0.028761
0.440678, 0.028729
0.440678, 0.028698
0.440678, 0.028666
0.440678, 0.028634
0.440678, 0.028603
0.440678, 0.028571
0.440678, 0.028540
0.440678, 0.028509
0.440678, 0.028478
0.440678, 0.028446
0.440678, 0.028415
0.440678, 0.028384
0.440678, 0.028353
0.440678, 0.028322
0.440678, 0.028292
0.440678, 0.028261
0.440678, 0.028230
0.440678, 0.028200
0.440678, 0.028169
0.440678, 0.028139
0.440678, 0.028108
0.440678, 0.028078
0.440678, 0.028047
0.440678, 0.028017
0.440678, 0.027987
0.440678, 0.027957
0.440678, 0.027927
0.440678, 0.027897
0.440678, 0.027867
0.440678, 0.027837
0.440678, 0.027807
0.440678, 0.027778
0.440678, 0.027748
0.440678, 0.027719
0.440678, 0.027689
0.440678, 0.027660
0.440678, 0.027630
0.440678, 0.027601
0.440678, 0.027572
0.440678, 0.027542
0.440678, 0.027513
0.440678, 0.027484
0.440678, 0.027455
0.440678, 0.027426
0.440678, 0.027397
0.457627, 0.028421
0.457627, 0.028391
0.457627, 0.028361
0.457627, 0.028332
0.457627, 0.028302
0.457627, 0.028272
0.457627, 0.028243
0.457627, 0.028213
0.457627, 0.028184
0.457627, 0.028154
0.457627, 0.028125
0.457627, 0.028096
0.457627, 0.028067
0.457627, 0.028037
0.457627, 0.028008
0.457627, 0.027979
0.457627, 0.027950
0.457627, 0.027921
0.457627, 0.027893
0.457627, 0.027864
0.457627, 0.027835
0.457627, 0.027806
0.457627, 0.027778
0.457627, 0.027749
0.457627, 0.027721
0.457627, 0.027692
0.457627, 0.027664
0.457627, 0.027636
0.457627, 0.027607
0.457627, 0.027579
0.457627, 0.027551
0.457627, 0.027523
0.457627, 0.027495
0.457627, 0.027467
0.457627, 0.027439
0.457627, 0.027411
0.457627, 0.027383
0.457627, 0.027356
0.457627, 0.027328
0.457627, 0.027300
0.457627, 0.027273
0.457627, 0.027245
0.457627, 0.027218
0.457627, 0.027190
0.457627, 0.027163
0.457627, 0.027136
0.457627, 0.027108
0.457627, 0.027081
0.457627, 0.027054
0.457627, 0.027027
0.457627, 0.027000
0.457627, 0.026973
0.457627, 0.026946
0.474576, 0.027916
0.474576, 0.027888
0.474576, 0.027861
0.474576, 0.027833
0.474576, 0.027805
0.474576, 0.027778
0.474576, 0.027750
0.474576, 0.027723
0.474576, 0.027695
0.474576, 0.027668
0.474576, 0.027641
0.474576, 0.027613
0.474576, 0.027586
0.474576, 0.027559
0.474576, 0.027532
0.474576, 0.027505
0.474576, 0.027478
0.474576, 0.027451
0.474576, 0.027424
0.474576, 0.027397
0.474576, 0.027370
0.474576, 0.027344
0.474576, 0.027317
0.474576, 0.027290
0.474576, 0.027264
0.474576, 0.027237
0.474576, 0.027211
0.474576, 0.027184
0.474576, 0.027158
0.474576, 0.027132
0.474576, 0.027106
0.474576, 0.027079
0.474576, 0.027053
0.474576, 0.027027
0.474576, 0.027001
0.474576, 0.026975
0.474576, 0.026949
0.474576, 0.026923
0.474576, 0.026897
0.474576, 0.026871
0.474576, 0.026846
0.474576, 0.026820
0.474576, 0.026794
0.474576, 0.026769
0.474576, 0.026743
0.474576, 0.026718
0.474576, 0.026692
0.474576, 0.026667
0.474576, 0.026641
0.474576, 0.026616
0.474576, 0.026591
0.474576, 0.026565
0.474576, 0.026540
0.474576, 0.026515
0.474576, 0.026490
0.474576, 0.026465
0.474576, 0.026440
0.474576, 0.026415
0.474576, 0.026390
0.474576, 0.026365
0.474576, 0.026341
0.474576, 0.026316
0.474576, 0.026291
0.474576, 0.026266
0.474576, 0.026242
0.474576, 0.026217
0.474576, 0.026193
0.474576, 0.026168
0.474576, 0.026144
0.474576, 0.026119
0.474576, 0.026095
0.474576, 0.026071
0.474576, 0.026047
0.474576, 0.026022
0.474576, 0.025998
0.474576, 0.025974
0.474576, 0.025950
0.474576, 0.025926
0.474576, 0.025902
0.474576, 0.025878
0.474576, 0.025854
0.474576, 0.025830
0.474576, 0.025806
0.474576, 0.025783
0.474576, 0.025759
0.474576, 0.025735
0.474576, 0.025712
0.474576, 0.025688
0.474576, 0.025665
0.474576, 0.025641
0.474576, 0.025618
0.474576, 0.025594
0.474576, 0.025571
0.474576, 0.025547
0.474576, 0.025524
0.474576, 0.025501
0.474576, 0.025478
0.474576, 0.025455
0.474576, 0.025431
0.474576, 0.025408
0.474576, 0.025385
0.474576, 0.025362
0.474576, 0.025339
0.474576, 0.025316
0.474576, 0.025294
0.474576, 0.025271
0.474576, 0.025248
0.474576, 0.025225
0.474576, 0.025203
0.474576, 0.025180
0.474576, 0.025157
0.474576, 0.025135
0.474576, 0.025112
0.474576, 0.025090
0.474576, 0.025067
0.474576, 0.025045
0.474576, 0.025022
0.474576, 0.025000
0.474576, 0.024978
0.474576, 0.024955
0.474576, 0.024933
0.474576, 0.024911
0.474576, 0.024889
0.474576, 0.024867
0.474576, 0.024845
0.474576, 0.024823
0.474576, 0.024801
0.474576, 0.024779
0.474576, 0.024757
0.474576, 0.024735
0.474576, 0.024713
0.474576, 0.024691
0.474576, 0.024670
0.474576, 0.024648
0.474576, 0.024626
0.474576, 0.024605
0.474576, 0.024583
0.474576, 0.024561
0.474576, 0.024540
0.474576, 0.024518
0.474576, 0.024497
0.474576, 0.024476
0.474576, 0.024454
0.474576, 0.024433
0.474576, 0.024412
0.474576, 0.024390
0.474576, 0.024369
0.474576, 0.024348
0.474576, 0.024327
0.474576, 0.024306
0.474576, 0.024284
0.474576, 0.024263
0.474576, 0.024242
0.474576, 0.024221
0.474576, 0.024201
0.474576, 0.024180
0.474576, 0.024159
0.474576, 0.024138
0.474576, 0.024117
0.474576, 0.024096
0.474576, 0.024076
0.474576, 0.024055
0.474576, 0.024034
0.474576, 0.024014
0.474576, 0.023993
0.474576, 0.023973
0.474576, 0.023952
0.474576, 0.023932
0.474576, 0.023911
0.474576, 0.023891
0.474576, 0.023870
0.474576, 0.023850
0.474576, 0.023830
0.474576, 0.023810
0.474576, 0.023789
0.474576, 0.023769
0.474576, 0.023749
0.474576, 0.023729
0.474576, 0.023709
0.474576, 0.023689
0.474576, 0.023669
0.474576, 0.023649
0.474576, 0.023629
0.474576, 0.023609
0.474576, 0.023589
0.474576, 0.023569
0.474576, 0.023549
0.474576, 0.023529
0.474576, 0.023510
0.474576, 0.023490
0.474576, 0.023470
0.474576, 0.023451
0.474576, 0.023431
0.474576, 0.023411
0.474576, 0.023392
0.474576, 0.023372
0.474576, 0.023353
0.474576, 0.023333
0.474576, 0.023314
0.474576, 0.023295
0.474576, 0.023275
0.474576, 0.023256
0.474576, 0.023237
0.474576, 0.023217
0.474576, 0.023198
0.474576, 0.023179
0.474576, 0.023160
0.474576, 0.023140
0.474576, 0.023121
0.474576, 0.023102
0.474576, 0.023083
0.474576, 0.023064
0.474576, 0.023045
0.474576, 0.023026
0.474576, 0.023007
0.474576, 0.022989
0.474576, 0.022970
0.474576, 0.022951
0.474576, 0.022932
0.474576, 0.022913
0.474576, 0.022895
0.474576, 0.022876
0.474576, 0.022857
0.474576, 0.022838
0.474576, 0.022820
0.474576, 0.022801
0.474576, 0.022783
0.474576, 0.022764
0.474576, 0.022746
0.474576, 0.022727
0.474576, 0.022709
0.474576, 0.022690
0.474576, 0.022672
0.474576, 0.022654
0.474576, 0.022635
0.474576, 0.022617
0.474576, 0.022599
0.474576, 0.022581
0.474576, 0.022562
0.474576, 0.022544
0.474576, 0.022526
0.474576, 0.022508
0.474576, 0.022490
0.474576, 0.022472
0.474576, 0.022454
0.474576, 0.022436
0.474576, 0.022418
0.474576, 0.022400
0.474576, 0.022382
0.474576, 0.022364
0.474576, 0.022346
0.474576, 0.022329
0.474576, 0.022311
0.474576, 0.022293
0.474576, 0.022275
0.491525, 0.023052
0.491525, 0.023034
0.491525, 0.023016
0.491525, 0.022998
0.491525, 0.022979
0.491525, 0.022961
0.491525, 0.022943
0.491525, 0.022925
0.491525, 0.022907
0.491525, 0.022889
0.491525, 0.022871
0.491525, 0.022853
0.491525, 0.022835
0.491525, 0.022817
0.491525, 0.022799
0.491525, 0.022781
0.491525, 0.022763
0.491525, 0.022745
0.491525, 0.022727
0.491525, 0.022709
0.491525, 0.022692
0.491525, 0.022674
0.491525, 0.022656
0.491525, 0.022639
0.491525, 0.022621
0.491525, 0.022603
0.491525, 0.022586
0.491525, 0.022568
0.491525, 0.022551
0.491525, 0.022533
0.491525, 0.022516
0.491525, 0.022498
0.491525, 0.022481
0.491525, 0.022463
0.491525, 0.022446
0.491525, 0.022428
0.491525, 0.022411
0.491525, 0.022394
0.491525, 0.022377
0.491525, 0.022359
0.491525, 0.022342
0.491525, 0.022325
0.491525, 0.022308
0.491525, 0.022291
0.491525, 0.022273
0.491525, 0.022256
0.491525, 0.022239
0.491525, 0.022222
0.491525, 0.022205
0.491525, 0.022188
0.491525, 0.022171
0.491525, 0.022154
0.491525, 0.022137
0.491525, 0.022121
0.491525, 0.022104
0.491525, 0.022087
0.491525, 0.022070
0.491525, 0.022053
0.491525, 0.022036
0.491525, 0.022020
0.491525, 0.022003
0.491525, 0.021986
0.491525, 0.021970
0.491525, 0.021953
0.491525, 0.021936
0.491525, 0.021920
0.491525, 0.021903
0.491525, 0.021887
0.491525, 0.021870
0.491525, 0.021854
0.491525, 0.021837
0.491525, 0.021821
0.491525, 0.021805
0.491525, 0.021788
0.491525, 0.021772
0.491525, 0.021755
0.491525, 0.021739
0.491525, 0.021723
0.491525, 0.021707
0.508475, 0.022438
0.508475, 0.022422
0.508475, 0.022405
0.508475, 0.022388
0.508475, 0.022371
0.508475, 0.022355
0.508475, 0.022338
0.508475, 0.022321
0.508475, 0.022305
0.508475, 0.022288
0.508475, 0.022272
0.508475, 0.022255
0.508475, 0.022239
0.508475, 0.022222
0.508475, 0.022206
0.508475, 0.022189
0.508475, 0.022173
0.508475, 0.022157
0.508475, 0.022140
0.508475, 0.022124
0.508475, 0.022108
0.508475, 0.022091
0.508475, 0.022075
0.508475, 0.022059
0.508475, 0.022043
0.508475, 0.022026
0.508475, 0.022010
0.508475, 0.021994
0.508475, 0.021978
0.508475, 0.021962
0.508475, 0.021946
0.508475, 0.021930
0.508475, 0.021914
0.508475, 0.021898
0.508475, 0.021882
0.508475, 0.021866
0.508475, 0.021850
0.508475, 0.021834
0.508475, 0.021818
0.508475, 0.021802
0.508475, 0.021786
0.508475, 0.021771
0.508475, 0.021755
0.508475, 0.021739
0.508475, 0.021723
0.508475, 0.021708
0.508475, 0.021692
0.508475, 0.021676
0.508475, 0.021661
0.508475, 0.021645
0.508475, 0.021629
0.508475, 0.021614
0.508475, 0.021598
0.508475, 0.021583
0.508475, 0.021567
0.508475, 0.021552
0.508475, 0.021536
0.508475, 0.021521
0.508475, 0.021505
0.508475, 0.021490
0.508475, 0.021475
0.508475, 0.021459
0.508475, 0.021444
0.508475, 0.021429
0.508475, 0.021413
0.508475, 0.021398
0.508475, 0.021383
0.508475, 0.021368
0.508475, 0.021352
0.508475, 0.021337
0.508475, 0.021322
0.525424, 0.022017
0.525424, 0.022001
0.525424, 0.021986
0.525424, 0.021970
0.525424, 0.021955
0.525424, 0.021939
0.525424, 0.021924
0.525424, 0.021908
0.525424, 0.021893
0.525424, 0.021877
0.525424, 0.021862
0.525424, 0.021846
0.525424, 0.021831
0.525424, 0.021816
0.525424, 0.021800
0.525424, 0.021785
0.525424, 0.021770
0.525424, 0.021754
0.525424, 0.021739
0.525424, 0.021724
0.525424, 0.021709
0.525424, 0.021693
0.525424, 0.021678
0.525424, 0.021663
0.525424, 0.021648
0.525424, 0.021633
0.525424, 0.021618
0.525424, 0.021603
0.525424, 0.021588
0.525424, 0.021573
0.525424, 0.021558
0.525424, 0.021543
0.525424, 0.021528
0.525424, 0.021513
0.525424, 0.021498
0.525424, 0.021483
0.525424, 0.021468
0.525424, 0.021453
0.525424, 0.021438
0.525424, 0.021424
0.525424, 0.021409
0.525424, 0.021394
0.525424, 0.021379
0.525424, 0.021365
0.525424, 0.021350
0.525424, 0.021335
0.525424, 0.021320
0.525424, 0.021306
0.525424, 0.021291
0.525424, 0.021277
0.525424, 0.021262
0.525424, 0.021247
0.525424, 0.021233
0.525424, 0.021218
0.525424, 0.021204
0.525424, 0.021189
0.525424, 0.021175
0.525424, 0.021160
0.525424, 0.021146
0.525424, 0.021132
0.525424, 0.021117
0.525424, 0.021103
0.525424, 0.021088
0.525424, 0.021074
0.525424, 0.021060
0.525424, 0.021045
0.525424, 0.021031
0.525424, 0.021017
0.525424, 0.021003
0.525424, 0.020988
0.525424, 0.020974
0.525424, 0.020960
0.525424, 0.020946
0.525424, 0.020932
0.525424, 0.020918
0.525424, 0.020904
0.525424, 0.020889
0.525424, 0.020875
0.525424, 0.020861
0.525424, 0.020847
0.525424, 0.020833
0.525424, 0.020819
0.525424, 0.020805
0.525424, 0.020791
0.525424, 0.020777
0.525424, 0.020764
0.525424, 0.020750
0.525424, 0.020736
0.525424, 0.020722
0.525424, 0.020708
0.525424, 0.020694
0.525424, 0.020680
0.525424, 0.020667
0.525424, 0.020653
0.525424, 0.020639
0.525424, 0.020625
0.525424, 0.020612
0.525424, 0.020598
0.525424, 0.020584
0.525424, 0.020571
0.525424, 0.020557
0.525424, 0.020543
0.525424, 0.020530
0.525424, 0.020516
0.525424, 0.020503
0.525424, 0.020489
0.525424, 0.020476
0.525424, 0.020462
0.525424, 0.020449
0.525424, 0.020435
0.525424, 0.020422
0.525424, 0.020408
0.525424, 0.020395
0.525424, 0.020381
0.525424, 0.020368
0.525424, 0.020355
0.525424, 0.020341
0.525424, 0.020328
0.525424, 0.020315
0.525424, 0.020301
0.525424, 0.020288
0.525424, 0.020275
0.525424, 0.020261
0.525424, 0.020248
0.525424, 0.020235
0.525424, 0.020222
0.525424, 0.020209
0.525424, 0.020195
0.525424, 0.020182
0.525424, 0.020156
0.525424, 0.020143
0.525424, 0.020130
0.525424, 0.020117
0.525424, 0.020104
0.525424, 0.020091
0.525424, 0.020078
0.525424, 0.020065
0.525424, 0.020052
0.525424, 0.020039
0.525424, 0.020026
0.525424, 0.020013
0.525424, 0.020000
0.525424, 0.019987
0.525424, 0.019974
0.525424, 0.019961
0.525424, 0.019949
0.525424, 0.019936
0.525424, 0.019923
0.525424, 0.019910
0.525424, 0.019897
0.525424, 0.019885
0.525424, 0.019872
0.525424, 0.019859
0.525424, 0.019846
0.525424, 0.019834
0.525424, 0.019821
0.525424, 0.019808
0.525424, 0.019796
0.525424, 0.019783
0.525424, 0.019770
0.525424, 0.019758
0.525424, 0.019745
0.525424, 0.019733
0.525424, 0.019720
0.525424, 0.019708
0.525424, 0.019695
0.525424, 0.019683
0.525424, 0.019670
0.525424, 0.019658
0.525424, 0.019645
0.525424, 0.019633
0.525424, 0.019620
0.525424, 0.019608
0.525424, 0.019595
0.525424, 0.019583
0.525424, 0.019571
0.525424, 0.019558
0.525424, 0.019546
0.525424, 0.019534
0.525424, 0.019521
0.525424, 0.019509
0.525424, 0.019497
0.525424, 0.019485
0.525424, 0.019472
0.525424, 0.019460
0.525424, 0.019448
0.525424, 0.019436
0.525424, 0.019424
0.525424, 0.019411
0.525424, 0.019399
0.525424, 0.019387
0.525424, 0.019375
0.525424, 0.019363
0.525424, 0.019351
0.525424, 0.019339
0.525424, 0.019327
0.525424, 0.019315
0.525424, 0.019303
0.525424, 0.019291
0.525424, 0.019279
0.525424, 0.019267
0.525424, 0.019255
0.525424, 0.019243
0.525424, 0.019231
0.525424, 0.019219
0.525424, 0.019207
0.525424, 0.019195
0.525424, 0.019183
0.525424, 0.019171
0.525424, 0.019159
0.542373, 0.019765
0.542373, 0.019753
0.542373, 0.019741
0.542373, 0.019729
0.542373, 0.019717
0.542373, 0.019704
0.542373, 0.019692
0.542373, 0.019680
0.542373, 0.019668
0.542373, 0.019656
0.542373, 0.019644
0.542373, 0.019632
0.542373, 0.019620
0.542373, 0.019608
0.542373, 0.019596
0.542373, 0.019584
0.542373, 0.019572
0.542373, 0.019560
0.542373, 0.019548
0.542373, 0.019536
0.542373, 0.019524
0.542373, 0.019512
0.542373, 0.019500
0.542373, 0.019488
0.542373, 0.019477
0.542373, 0.019465
0.542373, 0.019453
0.542373, 0.019441
0.542373, 0.019429
0.542373, 0.019417
0.542373, 0.019406
0.542373, 0.019394
0.542373, 0.019382
0.542373, 0.019370
0.542373, 0.019359
0.542373, 0.019347
0.542373, 0.019335
0.542373, 0.019324
0.542373, 0.019312
0.542373, 0.019300
0.542373, 0.019289
0.542373, 0.019277
0.542373, 0.019266
0.542373, 0.019254
0.542373, 0.019242
0.542373, 0.019231
0.542373, 0.019219
0.542373, 0.019208
0.542373, 0.019196
0.542373, 0.019185
0.542373, 0.019173
0.542373, 0.019162
0.542373, 0.019150
0.542373, 0.019139
0.542373, 0.019127
0.542373, 0.019116
0.542373, 0.019104
0.542373, 0.019093
0.542373, 0.019082
0.542373, 0.019070
0.542373, 0.019059
0.542373, 0.019048
0.542373, 0.019036
0.542373, 0.019025
0.542373, 0.019014
0.542373, 0.019002
0.542373, 0.018991
0.542373, 0.018980
0.542373, 0.018969
0.542373, 0.018957
0.542373, 0.018946
0.542373, 0.018935
0.542373, 0.018924
0.542373, 0.018913
0.542373, 0.018901
0.542373, 0.018890
0.542373, 0.018879
0.542373, 0.018868
0.542373, 0.018857
0.542373, 0.018846
0.542373, 0.018835
0.542373, 0.018824
0.542373, 0.018812
0.542373, 0.018801
0.542373, 0.018790
0.542373, 0.018779
0.542373, 0.018768
0.542373, 0.018757
0.542373, 0.018746
0.542373, 0.018735
0.542373, 0.018724
0.542373, 0.018713
0.542373, 0.018703
0.542373, 0.018692
0.542373, 0.018681
0.542373, 0.018670
0.542373, 0.018659
0.542373, 0.018648
0.542373, 0.018637
0.542373, 0.018626
0.542373, 0.018615
0.542373, 0.018605
0.542373, 0.018594
0.542373, 0.018583
0.542373, 0.018572
0.542373, 0.018561
0.542373, 0.018551
0.542373, 0.018540
0.542373, 0.018529
0.542373, 0.018519
0.542373, 0.018508
0.542373, 0.018497
0.542373, 0.018486
0.542373, 0.018476
0.542373, 0.018465
0.542373, 0.018454
0.542373, 0.018444
0.542373, 0.018433
0.542373, 0.018423
0.542373, 0.018412
0.542373, 0.018401
0.542373, 0.018391
0.542373, 0.018380
0.542373, 0.018370
0.542373, 0.018359
0.542373, 0.018349
0.542373, 0.018338
0.542373, 0.018328
0.542373, 0.018317
0.542373, 0.018307
0.542373, 0.018296
0.542373, 0.018286
0.542373, 0.018275
0.542373, 0.018265
0.542373, 0.018254
0.542373, 0.018244
0.542373, 0.018234
0.542373, 0.018223
0.542373, 0.018213
0.542373, 0.018203
0.542373, 0.018192
0.542373, 0.018182
0.542373, 0.018171
0.542373, 0.018161
0.542373, 0.018151
0.542373, 0.018141
0.542373, 0.018130
0.542373, 0.018120
0.542373, 0.018110
0.542373, 0.018100
0.542373, 0.018089
0.542373, 0.018079
0.542373, 0.018069
0.542373, 0.018059
0.542373, 0.018049
0.542373, 0.018038
0.542373, 0.018028
0.542373, 0.018018
0.542373, 0.018008
0.542373, 0.017998
0.542373, 0.017988
0.542373, 0.017978
0.542373, 0.017967
0.542373, 0.017957
0.542373, 0.017947
0.542373, 0.017937
0.542373, 0.017927
0.542373, 0.017917
0.542373, 0.017907
0.542373, 0.017897
0.542373, 0.017887
0.542373, 0.017877
0.542373, 0.017867
0.542373, 0.017857
0.542373, 0.017847
0.542373, 0.017837
0.542373, 0.017827
0.542373, 0.017817
0.542373, 0.017807
0.542373, 0.017798
0.542373, 0.017788
0.542373, 0.017778
0.542373, 0.017768
0.542373, 0.017758
0.542373, 0.017748
0.542373, 0.017738
0.542373, 0.017729
0.542373, 0.017719
0.542373, 0.017709
0.542373, 0.017699
0.542373, 0.017689
0.542373, 0.017680
0.542373, 0.017670
0.542373, 0.017660
0.542373, 0.017650
0.542373, 0.017641
0.542373, 0.017631
0.542373, 0.017621
0.542373, 0.017611
0.542373, 0.017602
0.542373, 0.017592
0.542373, 0.017582
0.542373, 0.017573
0.542373, 0.017563
0.542373, 0.017553
0.542373, 0.017544
0.542373, 0.017534
0.559322, 0.018072
0.559322, 0.018062
0.559322, 0.018053
0.559322, 0.018043
0.559322, 0.018033
0.559322, 0.018023
0.559322, 0.018013
0.559322, 0.018003
0.559322, 0.017993
0.559322, 0.017984
0.559322, 0.017974
0.559322, 0.017964
0.559322, 0.017954
0.559322, 0.017945
0.559322, 0.017935
0.559322, 0.017925
0.559322, 0.017915
0.559322, 0.017906
0.559322, 0.017896
0.559322, 0.017886
0.559322, 0.017876
0.559322, 0.017867
0.559322, 0.017857
0.559322, 0.017847
0.559322, 0.017838
0.559322, 0.017828
0.559322, 0.017819
0.559322, 0.017809
0.559322, 0.017799
0.559322, 0.017790
0.559322, 0.017780
0.559322, 0.017771
0.559322, 0.017761
0.559322, 0.017751
0.559322, 0.017742
0.559322, 0.017732
0.559322, 0.017723
0.559322, 0.017713
0.559322, 0.017704
0.559322, 0.017694
0.559322, 0.017685
0.559322, 0.017675
0.559322, 0.017666
0.559322, 0.017657
0.559322, 0.017647
0.559322, 0.017638
0.559322, 0.017628
0.559322, 0.017619
0.559322, 0.017609
0.559322, 0.017600
0.559322, 0.017591
0.559322, 0.017581
0.559322, 0.017572
0.559322, 0.017563
0.559322, 0.017553
0.559322, 0.017544
0.559322, 0.017535
0.559322, 0.017525
0.559322, 0.017516
0.559322, 0.017507
0.559322, 0.017497
0.559322, 0.017488
0.559322, 0.017479
0.559322, 0.017470
0.559322, 0.017460
0.559322, 0.017451
0.559322, 0.017442
0.559322, 0.017433
0.559322, 0.017423
0.559322, 0.017414
0.559322, 0.017405
0.559322, 0.017396
0.559322, 0.017387
0.559322, 0.017378
0.559322, 0.017368
0.559322, 0.017359
0.559322, 0.017350
0.559322, 0.017341
0.559322, 0.017332
0.559322, 0.017323
0.559322, 0.017314
0.559322, 0.017305
0.559322, 0.017296
0.559322, 0.017287
0.559322, 0.017277
0.559322, 0.017268
0.559322, 0.017259
0.559322, 0.017250
0.559322, 0.017241
0.559322, 0.017232
0.559322, 0.017223
0.559322, 0.017214
0.559322, 0.017205
0.559322, 0.017196
0.559322, 0.017188
0.559322, 0.017179
0.559322, 0.017170
0.559322, 0.017161
0.559322, 0.017152
0.559322, 0.017143
0.559322, 0.017134
0.559322, 0.017125
0.559322, 0.017116
0.559322, 0.017107
0.559322, 0.017098
0.559322, 0.017090
0.559322, 0.017081
0.559322, 0.017072
0.559322, 0.017063
0.559322, 0.017054
0.559322, 0.017045
0.559322, 0.017037
0.559322, 0.017028
0.559322, 0.017019
0.559322, 0.017010
0.559322, 0.017002
0.559322, 0.016993
0.559322, 0.016984
0.559322, 0.016975
0.576271, 0.017481
0.576271, 0.017472
0.576271, 0.017463
0.576271, 0.017454
0.576271, 0.017445
0.576271, 0.017436
0.576271, 0.017427
0.576271, 0.017418
0.576271, 0.017409
0.576271, 0.017400
0.576271, 0.017391
0.576271, 0.017382
0.593220, 0.017885
0.593220, 0.017875
0.593220, 0.017866
0.593220, 0.017857
0.593220, 0.017848
0.593220, 0.017839
0.593220, 0.017830
0.593220, 0.017821
0.593220, 0.017812
0.593220, 0.017803
0.593220, 0.017794
0.593220, 0.017785
0.593220, 0.017776
0.610169, 0.018274
0.610169, 0.018265
0.610169, 0.018256
0.610169, 0.018246
0.610169, 0.018237
0.610169, 0.018228
0.610169, 0.018219
0.610169, 0.018209
0.610169, 0.018200
0.610169, 0.018191
0.610169, 0.018182
0.610169, 0.018173
0.610169, 0.018163
0.610169, 0.018154
0.610169, 0.018145
0.610169, 0.018136
0.610169, 0.018127
0.610169, 0.018118
0.610169, 0.018109
0.610169, 0.018100
0.610169, 0.018090
0.610169, 0.018081
0.627119, 0.018574
0.644068, 0.019067
0.644068, 0.019057
0.644068, 0.019048
0.644068, 0.019038
0.644068, 0.019029
0.644068, 0.019019
0.644068, 0.019010
0.644068, 0.019000
0.644068, 0.018991
0.644068, 0.018981
0.644068, 0.018972
0.644068, 0.018962
0.644068, 0.018953
0.644068, 0.018943
0.644068, 0.018934
0.644068, 0.018924
0.644068, 0.018915
0.644068, 0.018905
0.644068, 0.018896
0.644068, 0.018887
0.644068, 0.018877
0.644068, 0.018868
0.644068, 0.018859
0.644068, 0.018849
0.644068, 0.018840
0.644068, 0.018831
0.644068, 0.018821
0.644068, 0.018812
0.644068, 0.018803
0.644068, 0.018793
0.644068, 0.018784
0.644068, 0.018775
0.644068, 0.018765
0.644068, 0.018756
0.644068, 0.018747
0.644068, 0.018738
0.644068, 0.018728
0.644068, 0.018719
0.644068, 0.018710
0.644068, 0.018701
0.644068, 0.018692
0.644068, 0.018682
0.644068, 0.018673
0.644068, 0.018664
0.644068, 0.018655
0.644068, 0.018646
0.661017, 0.019127
0.661017, 0.019118
0.661017, 0.019108
0.661017, 0.019099
0.661017, 0.019090
0.661017, 0.019080
0.661017, 0.019071
0.661017, 0.019062
0.661017, 0.019052
0.677966, 0.019531
0.677966, 0.019522
0.677966, 0.019512
0.694915, 0.019990
0.694915, 0.019981
0.694915, 0.019971
0.694915, 0.019961
0.694915, 0.019951
0.694915, 0.019942
0.694915, 0.019932
0.694915, 0.019922
0.694915, 0.019913
0.694915, 0.019903
0.694915, 0.019893
0.694915, 0.019884
0.694915, 0.019874
0.694915, 0.019864
0.694915, 0.019855
0.694915, 0.019845
0.694915, 0.019836
0.694915, 0.019826
0.694915, 0.019816
0.694915, 0.019807
0.694915, 0.019797
0.694915, 0.019788
0.694915, 0.019778
0.694915, 0.019769
0.694915, 0.019759
0.694915, 0.019750
0.694915, 0.019740
0.694915, 0.019731
0.694915, 0.019721
0.694915, 0.019712
0.694915, 0.019702
0.694915, 0.019693
0.694915, 0.019683
0.694915, 0.019674
0.694915, 0.019664
0.694915, 0.019655
0.694915, 0.019645
0.694915, 0.019636
0.694915, 0.019627
0.694915, 0.019617
0.694915, 0.019608
0.694915, 0.019598
0.694915, 0.019589
0.694915, 0.019580
0.694915, 0.019570
0.694915, 0.019561
0.694915, 0.019552
0.694915, 0.019542
0.694915, 0.019533
0.694915, 0.019524
0.694915, 0.019515
0.694915, 0.019505
0.694915, 0.019496
0.694915, 0.019487
0.694915, 0.019477
0.694915, 0.019468
0.694915, 0.019459
0.694915, 0.019450
0.694915, 0.019440
0.694915, 0.019431
0.694915, 0.019422
0.694915, 0.019413
0.694915, 0.019404
0.694915, 0.019395
0.694915, 0.019385
0.694915, 0.019376
0.694915, 0.019367
0.694915, 0.019358
0.694915, 0.019349
0.694915, 0.019340
0.694915, 0.019331
0.694915, 0.019321
0.694915, 0.019312
0.694915, 0.019303
0.694915, 0.019294
0.694915, 0.019285
0.694915, 0.019276
0.694915, 0.019267
0.694915, 0.019258
0.694915, 0.019249
0.694915, 0.019240
0.694915, 0.019231
0.694915, 0.019222
0.694915, 0.019213
0.694915, 0.019204
0.694915, 0.019195
0.694915, 0.019186
0.694915, 0.019177
0.694915, 0.019168
0.694915, 0.019159
0.694915, 0.019150
0.694915, 0.019141
0.694915, 0.019132
0.694915, 0.019123
0.694915, 0.019114
0.694915, 0.019105
0.694915, 0.019096
0.694915, 0.019088
0.694915, 0.019079
0.694915, 0.019070
0.694915, 0.019061
0.694915, 0.019052
0.694915, 0.019043
0.694915, 0.019034
0.694915, 0.019026
0.694915, 0.019017
0.694915, 0.019008
0.694915, 0.018999
0.694915, 0.018990
0.694915, 0.018981
0.694915, 0.018973
0.694915, 0.018964
0.694915, 0.018955
0.694915, 0.018946
0.694915, 0.018938
0.694915, 0.018929
0.694915, 0.018920
0.694915, 0.018911
0.694915, 0.018903
0.694915, 0.018894
0.694915, 0.018885
0.694915, 0.018877
0.694915, 0.018868
0.694915, 0.018859
0.694915, 0.018851
0.694915, 0.018842
0.694915, 0.018833
0.694915, 0.018825
0.694915, 0.018816
0.694915, 0.018807
0.694915, 0.018799
0.694915, 0.018790
0.694915, 0.018781
0.694915, 0.018773
0.694915, 0.018764
0.694915, 0.018756
0.694915, 0.018747
0.694915, 0.018739
0.694915, 0.018730
0.694915, 0.018721
0.694915, 0.018713
0.694915, 0.018704
0.694915, 0.018696
0.694915, 0.018687
0.694915, 0.018679
0.694915, 0.018670
0.694915, 0.018662
0.694915, 0.018653
0.694915, 0.018645
0.694915, 0.018636
0.694915, 0.018628
0.694915, 0.018619
0.694915, 0.018611
0.694915, 0.018603
0.694915, 0.018594
0.694915, 0.018586
0.694915, 0.018577
0.694915, 0.018569
0.694915, 0.018560
0.694915, 0.018552
0.694915, 0.018544
0.694915, 0.018535
0.694915, 0.018527
0.694915, 0.018519
0.694915, 0.018510
0.694915, 0.018502
0.694915, 0.018493
0.694915, 0.018485
0.694915, 0.018477
0.694915, 0.018468
0.694915, 0.018460
0.694915, 0.018452
0.694915, 0.018444
0.694915, 0.018435
0.694915, 0.018427
0.694915, 0.018419
0.694915, 0.018410
0.694915, 0.018402
0.694915, 0.018394
0.694915, 0.018386
0.711864, 0.018826
0.711864, 0.018817
0.711864, 0.018809
0.711864, 0.018800
0.711864, 0.018792
0.711864, 0.018784
0.711864, 0.018775
0.711864, 0.018767
0.711864, 0.018758
0.711864, 0.018750
0.711864, 0.018742
0.711864, 0.018733
0.711864, 0.018725
0.711864, 0.018717
0.711864, 0.018708
0.711864, 0.018700
0.711864, 0.018692
0.711864, 0.018683
0.711864, 0.018675
0.711864, 0.018667
0.711864, 0.018658
0.711864, 0.018650
0.711864, 0.018642
0.711864, 0.018634
0.711864, 0.018625
0.711864, 0.018617
0.711864, 0.018609
0.711864, 0.018601
0.711864, 0.018592
0.711864, 0.018584
0.711864, 0.018576
0.711864, 0.018568
0.711864, 0.018559
0.711864, 0.018551
0.711864, 0.018543
0.711864, 0.018535
0.711864, 0.018527
0.711864, 0.018519
0.711864, 0.018510
0.711864, 0.018502
0.711864, 0.018494
0.711864, 0.018486
0.711864, 0.018478
0.711864, 0.018470
0.711864, 0.018462
0.711864, 0.018453
0.711864, 0.018445
0.711864, 0.018437
0.711864, 0.018429
0.711864, 0.018421
0.711864, 0.018413
0.711864, 0.018405
0.711864, 0.018397
0.711864, 0.018389
0.711864, 0.018381
0.728814, 0.018810
0.728814, 0.018802
0.728814, 0.018794
0.728814, 0.018785
0.745763, 0.019214
0.745763, 0.019206
0.745763, 0.019197
0.745763, 0.019189
0.745763, 0.019180
0.745763, 0.019172
0.745763, 0.019164
0.745763, 0.019155
0.745763, 0.019147
0.745763, 0.019139
0.745763, 0.019130
0.745763, 0.019122
0.745763, 0.019114
0.745763, 0.019106
0.762712, 0.019531
0.762712, 0.019523
0.762712, 0.019514
0.762712, 0.019506
0.762712, 0.019497
0.762712, 0.019489
0.762712, 0.019481
0.762712, 0.019472
0.762712, 0.019464
0.762712, 0.019455
0.762712, 0.019447
0.762712, 0.019438
0.762712, 0.019430
0.762712, 0.019422
0.762712, 0.019413
0.762712, 0.019405
0.762712, 0.019397
0.762712, 0.019388
0.762712, 0.019380
0.762712, 0.019372
0.762712, 0.019363
0.762712, 0.019355
0.762712, 0.019347
0.762712, 0.019338
0.762712, 0.019330
0.762712, 0.019322
0.762712, 0.019313
0.762712, 0.019305
0.762712, 0.019297
0.762712, 0.019288
0.762712, 0.019280
0.762712, 0.019272
0.762712, 0.019264
0.762712, 0.019255
0.762712, 0.019247
0.762712, 0.019239
0.762712, 0.019231
0.762712, 0.019223
0.762712, 0.019214
0.762712, 0.019206
0.762712, 0.019198
0.762712, 0.019190
0.762712, 0.019182
0.762712, 0.019173
0.762712, 0.019165
0.762712, 0.019157
0.762712, 0.019149
0.762712, 0.019141
0.762712, 0.019133
0.762712, 0.019125
0.762712, 0.019116
0.762712, 0.019108
0.762712, 0.019100
0.762712, 0.019092
0.762712, 0.019084
0.762712, 0.019076
0.762712, 0.019068
0.762712, 0.019060
0.762712, 0.019052
0.762712, 0.019044
0.762712, 0.019036
0.762712, 0.019027
0.762712, 0.019019
0.762712, 0.019011
0.762712, 0.019003
0.762712, 0.018995
0.762712, 0.018987
0.762712, 0.018979
0.762712, 0.018971
0.762712, 0.018963
0.762712, 0.018955
0.762712, 0.018947
0.762712, 0.018939
0.762712, 0.018931
0.762712, 0.018923
0.762712, 0.018916
0.762712, 0.018908
0.762712, 0.018900
0.762712, 0.018892
0.762712, 0.018884
0.762712, 0.018876
0.762712, 0.018868
0.762712, 0.018860
0.762712, 0.018852
0.762712, 0.018844
0.762712, 0.018836
0.762712, 0.018828
0.762712, 0.018821
0.762712, 0.018813
0.762712, 0.018805
0.762712, 0.018797
0.762712, 0.018789
0.762712, 0.018781
0.762712, 0.018773
0.762712, 0.018766
0.762712, 0.018758
0.762712, 0.018750
0.762712, 0.018742
0.762712, 0.018734
0.762712, 0.018727
0.762712, 0.018719
0.762712, 0.018711
0.762712, 0.018703
0.762712, 0.018695
0.762712, 0.018688
0.762712, 0.018680
0.779661, 0.019087
0.779661, 0.019079
0.779661, 0.019071
0.796610, 0.019478
0.796610, 0.019470
0.796610, 0.019462
0.796610, 0.019454
0.796610, 0.019446
0.796610, 0.019438
0.796610, 0.019430
0.813559, 0.019835
0.830508, 0.020240
0.830508, 0.020231
0.830508, 0.020223
0.830508, 0.020215
0.830508, 0.020206
0.830508, 0.020198
0.830508, 0.020190
0.830508, 0.020181
0.830508, 0.020173
0.830508, 0.020165
0.830508, 0.020156
0.830508, 0.020148
0.830508, 0.020140
0.830508, 0.020131
0.830508, 0.020123
0.830508, 0.020115
0.830508, 0.020107
0.830508, 0.020098
0.830508, 0.020090
0.830508, 0.020082
0.830508, 0.020074
0.830508, 0.020066
0.830508, 0.020057
0.830508, 0.020049
0.830508, 0.020041
0.830508, 0.020033
0.830508, 0.020025
0.830508, 0.020016
0.830508, 0.020008
0.830508, 0.020000
0.830508, 0.019992
0.830508, 0.019984
0.830508, 0.019976
0.830508, 0.019967
0.830508, 0.019959
0.830508, 0.019951
0.830508, 0.019943
0.830508, 0.019935
0.830508, 0.019927
0.830508, 0.019919
0.830508, 0.019911
0.830508, 0.019903
0.830508, 0.019894
0.830508, 0.019886
0.830508, 0.019878
0.830508, 0.019870
0.830508, 0.019862
0.830508, 0.019854
0.830508, 0.019846
0.830508, 0.019838
0.830508, 0.019830
0.830508, 0.019822
0.830508, 0.019814
0.830508, 0.019806
0.830508, 0.019798
0.830508, 0.019790
0.830508, 0.019782
0.830508, 0.019774
0.830508, 0.019766
0.830508, 0.019758
0.830508, 0.019750
0.830508, 0.019742
0.830508, 0.019734
0.830508, 0.019726
0.830508, 0.019718
0.830508, 0.019710
0.830508, 0.019702
0.830508, 0.019695
0.830508, 0.019687
0.830508, 0.019679
0.830508, 0.019671
0.830508, 0.019663
0.830508, 0.019655
0.830508, 0.019647
0.830508, 0.019639
0.830508, 0.019631
0.847458, 0.020024
0.847458, 0.020016
0.847458, 0.020008
0.847458, 0.020000
0.847458, 0.019992
0.847458, 0.019984
0.847458, 0.019976
0.847458, 0.019968
0.847458, 0.019960
0.847458, 0.019952
0.847458, 0.019944
0.847458, 0.019936
0.847458, 0.019928
0.847458, 0.019920
0.847458, 0.019912
0.847458, 0.019904
0.847458, 0.019897
0.847458, 0.019889
0.847458, 0.019881
0.847458, 0.019873
0.847458, 0.019865
0.847458, 0.019857
0.847458, 0.019849
0.847458, 0.019841
0.847458, 0.019833
0.847458, 0.019826
0.847458, 0.019818
0.847458, 0.019810
0.847458, 0.019802
0.847458, 0.019794
0.847458, 0.019786
0.847458, 0.019778
0.847458, 0.019771
0.847458, 0.019763
0.847458, 0.019755
0.847458, 0.019747
0.847458, 0.019739
0.847458, 0.019732
0.847458, 0.019724
0.847458, 0.019716
0.847458, 0.019708
0.847458, 0.019701
0.847458, 0.019693
0.847458, 0.019685
0.847458, 0.019677
0.847458, 0.019670
0.847458, 0.019662
0.847458, 0.019654
0.847458, 0.019646
0.847458, 0.019639
0.847458, 0.019631
0.847458, 0.019623
0.847458, 0.019616
0.847458, 0.019608
0.847458, 0.019600
0.847458, 0.019592
0.847458, 0.019585
0.847458, 0.019577
0.847458, 0.019569
0.847458, 0.019562
0.847458, 0.019554
0.847458, 0.019547
0.847458, 0.019539
0.847458, 0.019531
0.847458, 0.019524
0.847458, 0.019516
0.847458, 0.019508
0.847458, 0.019501
0.847458, 0.019493
0.847458, 0.019486
0.847458, 0.019478
0.847458, 0.019470
0.847458, 0.019463
0.847458, 0.019455
0.847458, 0.019448
0.847458, 0.019440
0.847458, 0.019433
0.847458, 0.019425
0.847458, 0.019417
0.847458, 0.019410
0.847458, 0.019402
0.847458, 0.019395
0.847458, 0.019387
0.847458, 0.019380
0.847458, 0.019372
0.847458, 0.019365
0.847458, 0.019357
0.847458, 0.019350
0.847458, 0.019342
0.847458, 0.019335
0.847458, 0.019327
0.847458, 0.019320
0.847458, 0.019312
0.847458, 0.019305
0.847458, 0.019298
0.847458, 0.019290
0.847458, 0.019283
0.847458, 0.019275
0.847458, 0.019268
0.847458, 0.019260
0.847458, 0.019253
0.847458, 0.019246
0.847458, 0.019238
0.847458, 0.019231
0.847458, 0.019223
0.847458, 0.019216
0.847458, 0.019209
0.847458, 0.019201
0.847458, 0.019194
0.847458, 0.019186
0.847458, 0.019179
0.847458, 0.019172
0.847458, 0.019164
0.847458, 0.019157
0.847458, 0.019150
0.847458, 0.019142
0.847458, 0.019135
0.847458, 0.019128
0.847458, 0.019120
0.847458, 0.019113
0.847458, 0.019106
0.847458, 0.019099
0.847458, 0.019091
0.847458, 0.019084
0.847458, 0.019077
0.847458, 0.019069
0.847458, 0.019062
0.847458, 0.019055
0.847458, 0.019048
0.847458, 0.019040
0.847458, 0.019033
0.847458, 0.019026
0.847458, 0.019019
0.847458, 0.019011
0.847458, 0.019004
0.847458, 0.018997
0.847458, 0.018990
0.847458, 0.018983
0.847458, 0.018975
0.847458, 0.018968
0.847458, 0.018961
0.847458, 0.018954
0.847458, 0.018947
0.847458, 0.018939
0.847458, 0.018932
0.847458, 0.018925
0.847458, 0.018918
0.847458, 0.018911
0.847458, 0.018904
0.847458, 0.018896
0.847458, 0.018889
0.847458, 0.018882
0.847458, 0.018875
0.847458, 0.018868
0.847458, 0.018861
0.847458, 0.018854
0.847458, 0.018847
0.847458, 0.018839
0.847458, 0.018832
0.847458, 0.018825
0.847458, 0.018818
0.847458, 0.018811
0.847458, 0.018804
0.847458, 0.018797
0.847458, 0.018790
0.847458, 0.018783
0.847458, 0.018776
0.847458, 0.018769
0.847458, 0.018762
0.847458, 0.018755
0.847458, 0.018748
0.847458, 0.018741
0.847458, 0.018734
0.847458, 0.018727
0.847458, 0.018720
0.847458, 0.018713
0.847458, 0.018706
0.847458, 0.018699
0.847458, 0.018692
0.847458, 0.018685
0.847458, 0.018678
0.847458, 0.018671
0.847458, 0.018664
0.847458, 0.018657
0.847458, 0.018650
0.847458, 0.018643
0.847458, 0.018636
0.847458, 0.018629
0.847458, 0.018622
0.847458, 0.018615
0.847458, 0.018608
0.847458, 0.018601
0.847458, 0.018594
0.847458, 0.018587
0.847458, 0.018580
0.847458, 0.018574
0.847458, 0.018567
0.847458, 0.018560
0.847458, 0.018553
0.847458, 0.018546
0.847458, 0.018539
0.847458, 0.018532
0.847458, 0.018525
0.847458, 0.018519
0.864407, 0.018882
0.864407, 0.018875
0.864407, 0.018868
0.864407, 0.018861
0.864407, 0.018854
0.864407, 0.018847
0.864407, 0.018840
0.864407, 0.018833
0.864407, 0.018826
0.864407, 0.018819
0.864407, 0.018812
0.864407, 0.018805
0.864407, 0.018798
0.864407, 0.018791
0.864407, 0.018785
0.864407, 0.018778
0.864407, 0.018771
0.864407, 0.018764
0.864407, 0.018757
0.864407, 0.018750
0.864407, 0.018743
0.864407, 0.018736
0.864407, 0.018729
0.864407, 0.018722
0.864407, 0.018716
0.864407, 0.018709
0.864407, 0.018702
0.864407, 0.018695
0.864407, 0.018688
0.864407, 0.018681
0.864407, 0.018674
0.864407, 0.018668
0.864407, 0.018661
0.864407, 0.018654
0.881356, 0.019013
0.881356, 0.019006
0.881356, 0.018999
0.881356, 0.018992
0.881356, 0.018985
0.881356, 0.018978
0.881356, 0.018971
0.881356, 0.018964
0.881356, 0.018957
0.881356, 0.018950
0.881356, 0.018944
0.881356, 0.018937
0.881356, 0.018930
0.881356, 0.018923
0.881356, 0.018916
0.881356, 0.018909
0.881356, 0.018902
0.881356, 0.018895
0.881356, 0.018888
0.881356, 0.018882
0.881356, 0.018875
0.881356, 0.018868
0.881356, 0.018861
0.881356, 0.018854
0.881356, 0.018847
0.881356, 0.018841
0.881356, 0.018834
0.881356, 0.018827
0.881356, 0.018820
0.881356, 0.018813
0.881356, 0.018807
0.881356, 0.018800
0.881356, 0.018793
0.881356, 0.018786
0.881356, 0.018779
0.881356, 0.018773
0.881356, 0.018766
0.881356, 0.018759
0.881356, 0.018752
0.881356, 0.018745
0.881356, 0.018739
0.881356, 0.018732
0.881356, 0.018725
0.881356, 0.018719
0.881356, 0.018712
0.881356, 0.018705
0.881356, 0.018698
0.881356, 0.018692
0.881356, 0.018685
0.881356, 0.018678
0.881356, 0.018671
0.881356, 0.018665
0.881356, 0.018658
0.881356, 0.018651
0.881356, 0.018645
0.881356, 0.018638
0.881356, 0.018631
0.881356, 0.018625
0.881356, 0.018618
0.881356, 0.018611
0.881356, 0.018605
0.881356, 0.018598
0.881356, 0.018591
0.881356, 0.018585
0.881356, 0.018578
0.881356, 0.018571
0.881356, 0.018565
0.898305, 0.018915
0.898305, 0.018908
0.898305, 0.018902
0.898305, 0.018895
0.898305, 0.018888
0.898305, 0.018881
0.898305, 0.018875
0.898305, 0.018868
0.898305, 0.018861
0.898305, 0.018855
0.898305, 0.018848
0.898305, 0.018841
0.898305, 0.018834
0.898305, 0.018828
0.898305, 0.018821
0.898305, 0.018814
0.898305, 0.018808
0.898305, 0.018801
0.898305, 0.018794
0.898305, 0.018788
0.898305, 0.018781
0.898305, 0.018774
0.898305, 0.018768
0.898305, 0.018761
0.898305, 0.018754
0.898305, 0.018748
0.898305, 0.018741
0.898305, 0.018735
0.898305, 0.018728
0.898305, 0.018721
0.898305, 0.018715
0.898305, 0.018708
0.898305, 0.018701
0.898305, 0.018695
0.898305, 0.018688
0.898305, 0.018682
0.898305, 0.018675
0.898305, 0.018669
0.898305, 0.018662
0.898305, 0.018655
0.898305, 0.018649
0.898305, 0.018642
0.898305, 0.018636
0.898305, 0.018629
0.898305, 0.018623
0.898305, 0.018616
0.898305, 0.018610
0.898305, 0.018603
0.898305, 0.018596
0.898305, 0.018590
0.898305, 0.018583
0.898305, 0.018577
0.898305, 0.018570
0.898305, 0.018564
0.898305, 0.018557
0.898305, 0.018551
0.898305, 0.018544
0.898305, 0.018538
0.898305, 0.018531
0.898305, 0.018525
0.915254, 0.018868
0.915254, 0.018861
0.915254, 0.018855
0.915254, 0.018848
0.915254, 0.018842
0.915254, 0.018835
0.915254, 0.018828
0.915254, 0.018822
0.915254, 0.018815
0.915254, 0.018809
0.915254, 0.018802
0.915254, 0.018796
0.915254, 0.018789
0.915254, 0.018783
0.915254, 0.018776
0.915254, 0.018770
0.915254, 0.018763
0.915254, 0.018757
0.915254, 0.018750
0.915254, 0.018743
0.915254, 0.018737
0.915254, 0.018730
0.915254, 0.018724
0.915254, 0.018718
0.915254, 0.018711
0.915254, 0.018705
0.915254, 0.018698
0.915254, 0.018692
0.915254, 0.018685
0.915254, 0.018679
0.915254, 0.018672
0.915254, 0.018666
0.915254, 0.018659
0.915254, 0.018653
0.915254, 0.018646
0.915254, 0.018640
0.915254, 0.018634
0.915254, 0.018627
0.915254, 0.018621
0.915254, 0.018614
0.915254, 0.018608
0.915254, 0.018601
0.915254, 0.018595
0.915254, 0.018589
0.915254, 0.018582
0.915254, 0.018576
0.915254, 0.018569
0.915254, 0.018563
0.915254, 0.018557
0.915254, 0.018550
0.915254, 0.018544
0.915254, 0.018538
0.915254, 0.018531
0.915254, 0.018525
0.915254, 0.018519
0.915254, 0.018512
0.915254, 0.018506
0.915254, 0.018499
0.915254, 0.018493
0.915254, 0.018487
0.915254, 0.018480
0.915254, 0.018474
0.915254, 0.018468
0.915254, 0.018462
0.915254, 0.018455
0.915254, 0.018449
0.915254, 0.018443
0.915254, 0.018436
0.915254, 0.018430
0.915254, 0.018424
0.915254, 0.018417
0.915254, 0.018411
0.915254, 0.018405
0.915254, 0.018399
0.915254, 0.018392
0.915254, 0.018386
0.915254, 0.018380
0.915254, 0.018374
0.915254, 0.018367
0.915254, 0.018361
0.915254, 0.018355
0.915254, 0.018349
0.915254, 0.018342
0.915254, 0.018336
0.915254, 0.018330
0.915254, 0.018324
0.915254, 0.018318
0.915254, 0.018311
0.915254, 0.018305
0.915254, 0.018299
0.915254, 0.018293
0.915254, 0.018286
0.915254, 0.018280
0.915254, 0.018274
0.915254, 0.018268
0.915254, 0.018262
0.915254, 0.018256
0.915254, 0.018249
0.915254, 0.018243
0.915254, 0.018237
0.915254, 0.018231
0.915254, 0.018225
0.915254, 0.018219
0.915254, 0.018212
0.915254, 0.018206
0.932203, 0.018537
0.932203, 0.018531
0.932203, 0.018525
0.932203, 0.018519
0.932203, 0.018512
0.932203, 0.018506
0.932203, 0.018500
0.932203, 0.018494
0.932203, 0.018487
0.932203, 0.018481
0.932203, 0.018475
0.932203, 0.018469
0.932203, 0.018463
0.932203, 0.018456
0.932203, 0.018450
0.932203, 0.018444
0.932203, 0.018438
0.932203, 0.018432
0.932203, 0.018425
0.932203, 0.018419
0.932203, 0.018413
0.932203, 0.018407
0.932203, 0.018401
0.932203, 0.018395
0.932203, 0.018388
0.932203, 0.018382
0.932203, 0.018376
0.932203, 0.018370
0.932203, 0.018364
0.932203, 0.018358
0.932203, 0.018352
0.932203, 0.018346
0.932203, 0.018339
0.932203, 0.018333
0.932203, 0.018327
0.932203, 0.018321
0.932203, 0.018315
0.932203, 0.018309
0.932203, 0.018303
0.932203, 0.018297
0.932203, 0.018291
0.932203, 0.018285
0.932203, 0.018278
0.932203, 0.018272
0.932203, 0.018266
0.932203, 0.018260
0.932203, 0.018254
0.932203, 0.018248
0.949153, 0.018574
0.949153, 0.018568
0.949153, 0.018561
0.949153, 0.018555
0.949153, 0.018549
0.949153, 0.018543
0.949153, 0.018537
0.949153, 0.018531
0.949153, 0.018525
0.949153, 0.018519
0.949153, 0.018512
0.949153, 0.018506
0.949153, 0.018500
0.949153, 0.018494
0.949153, 0.018488
0.949153, 0.018482
0.949153, 0.018476
0.949153, 0.018470
0.949153, 0.018464
0.949153, 0.018457
0.949153, 0.018451
0.949153, 0.018445
0.949153, 0.018439
0.949153, 0.018433
0.949153, 0.018427
0.949153, 0.018421
0.949153, 0.018415
0.949153, 0.018409
0.949153, 0.018403
0.949153, 0.018397
0.949153, 0.018391
0.949153, 0.018385
0.949153, 0.018379
0.949153, 0.018373
0.949153, 0.018367
0.949153, 0.018361
0.949153, 0.018355
0.949153, 0.018349
0.949153, 0.018343
0.949153, 0.018337
0.949153, 0.018331
0.949153, 0.018325
0.949153, 0.018319
0.949153, 0.018313
0.949153, 0.018307
0.949153, 0.018301
0.949153, 0.018295
0.949153, 0.018289
0.949153, 0.018283
0.949153, 0.018277
0.949153, 0.018271
0.949153, 0.018265
0.949153, 0.018259
0.949153, 0.018253
0.949153, 0.018247
0.949153, 0.018241
0.949153, 0.018235
0.949153, 0.018229
0.949153, 0.018223
0.949153, 0.018217
0.949153, 0.018211
0.949153, 0.018205
0.949153, 0.018200
0.949153, 0.018194
0.949153, 0.018188
0.949153, 0.018182
0.949153, 0.018176
0.949153, 0.018170
0.949153, 0.018164
0.949153, 0.018158
0.949153, 0.018152
0.949153, 0.018146
0.949153, 0.018141
0.949153, 0.018135
0.949153, 0.018129
0.949153, 0.018123
0.966102, 0.018441
0.966102, 0.018435
0.966102, 0.018429
0.966102, 0.018423
0.966102, 0.018417
0.966102, 0.018411
0.966102, 0.018405
0.966102, 0.018399
0.966102, 0.018393
0.966102, 0.018387
0.966102, 0.018381
0.966102, 0.018375
0.966102, 0.018369
0.966102, 0.018363
0.966102, 0.018357
0.966102, 0.018352
0.966102, 0.018346
0.966102, 0.018340
0.966102, 0.018334
0.966102, 0.018328
0.966102, 0.018322
0.966102, 0.018316
0.966102, 0.018310
0.966102, 0.018304
0.966102, 0.018299
0.966102, 0.018293
0.966102, 0.018287
0.966102, 0.018281
0.966102, 0.018275
0.966102, 0.018269
0.966102, 0.018263
0.966102, 0.018258
0.966102, 0.018252
0.983051, 0.018566
0.983051, 0.018560
0.983051, 0.018554
0.983051, 0.018548
0.983051, 0.018542
0.983051, 0.018536
1.000000, 0.018850
