PR-AUC score 0.461112
0.000000, 1.000000
0.016949, 1.000000
0.033898, 1.000000
0.050847, 1.000000
0.067797, 1.000000
0.084746, 1.000000
0.101695, 1.000000
0.118644, 1.000000
0.135593, 1.000000
0.152542, 1.000000
0.169492, 1.000000
0.186441, 1.000000
0.203390, 1.000000
0.220339, 1.000000
0.237288, 1.000000
0.254237, 1.000000
0.271186, 1.000000
0.271186, 0.941176
0.288136, 0.944444
0.305085, 0.947368
0.305085, 0.900000
0.322034, 0.904762
0.322034, 0.863636
0.322034, 0.826087
0.322034, 0.791667
0.338983, 0.800000
0.338983, 0.769231
0.355932, 0.777778
0.355932, 0.750000
0.355932, 0.724138
0.355932, 0.700000
0.355932, 0.677419
0.372881, 0.687500
0.372881, 0.666667
0.372881, 0.647059
0.372881, 0.628571
0.389831, 0.638889
0.406780, 0.648649
0.423729, 0.657895
0.423729, 0.641026
0.423729, 0.625000
0.423729, 0.609756
0.423729, 0.595238
0.440678, 0.604651
0.440678, 0.590909
0.440678, 0.577778
0.440678, 0.565217
0.457627, 0.574468
0.457627, 0.562500
0.457627, 0.551020
0.457627, 0.540000
0.457627, 0.529412
0.457627, 0.519231
0.457627, 0.509434
0.474576, 0.518519
0.491525, 0.527273
0.508475, 0.535714
0.508475, 0.526316
0.508475, 0.517241
0.508475, 0.508475
0.508475, 0.500000
0.508475, 0.491803
0.508475, 0.483871
0.508475, 0.476190
0.508475, 0.468750
0.508475, 0.461538
0.508475, 0.454545
0.508475, 0.447761
0.508475, 0.441176
0.508475, 0.434783
0.508475, 0.428571
0.508475, 0.422535
0.508475, 0.416667
0.508475, 0.410959
0.508475, 0.405405
0.508475, 0.400000
0.508475, 0.394737
0.508475, 0.389610
0.508475, 0.384615
0.508475, 0.379747
0.508475, 0.375000
0.508475, 0.370370
0.508475, 0.365854
0.508475, 0.361446
0.508475, 0.357143
0.508475, 0.352941
0.508475, 0.348837
0.508475, 0.344828
0.508475, 0.340909
0.508475, 0.337079
0.508475, 0.333333
0.508475, 0.329670
0.508475, 0.326087
0.508475, 0.322581
0.508475, 0.319149
0.508475, 0.315789
0.508475, 0.312500
0.508475, 0.309278
0.508475, 0.306122
0.508475, 0.303030
0.508475, 0.300000
0.508475, 0.297030
0.508475, 0.294118
0.508475, 0.291262
0.508475, 0.288462
0.508475, 0.285714
0.508475, 0.283019
0.508475, 0.280374
0.508475, 0.277778
0.508475, 0.275229
0.508475, 0.272727
0.508475, 0.270270
0.508475, 0.267857
0.508475, 0.265487
0.508475, 0.263158
0.525424, 0.269565
0.542373, 0.275862
0.542373, 0.273504
0.542373, 0.271186
0.542373, 0.268908
0.542373, 0.266667
0.542373, 0.264463
0.542373, 0.262295
0.542373, 0.260163
0.542373, 0.258065
0.542373, 0.256000
0.542373, 0.253968
0.542373, 0.251969
0.542373, 0.250000
0.542373, 0.248062
0.542373, 0.246154
0.542373, 0.244275
0.542373, 0.242424
0.542373, 0.240602
0.542373, 0.238806
0.542373, 0.237037
0.542373, 0.235294
0.542373, 0.233577
0.542373, 0.231884
0.542373, 0.230216
0.542373, 0.228571
0.542373, 0.226950
0.542373, 0.225352
0.542373, 0.223776
0.542373, 0.222222
0.542373, 0.220690
0.542373, 0.219178
0.542373, 0.217687
0.542373, 0.216216
0.542373, 0.214765
0.542373, 0.213333
0.542373, 0.211921
0.542373, 0.210526
0.542373, 0.209150
0.542373, 0.207792
0.542373, 0.206452
0.542373, 0.205128
0.542373, 0.203822
0.559322, 0.208861
0.559322, 0.207547
0.559322, 0.206250
0.559322, 0.204969
0.559322, 0.203704
0.559322, 0.202454
0.559322, 0.201220
0.559322, 0.200000
0.559322, 0.198795
0.559322, 0.197605
0.559322, 0.196429
0.559322, 0.195266
0.559322, 0.194118
0.559322, 0.192982
0.559322, 0.191860
0.559322, 0.190751
0.559322, 0.189655
0.559322, 0.188571
0.559322, 0.187500
0.559322, 0.186441
0.559322, 0.185393
0.559322, 0.184358
0.559322, 0.183333
0.559322, 0.182320
0.559322, 0.181319
0.559322, 0.180328
0.559322, 0.179348
0.559322, 0.178378
0.559322, 0.177419
0.559322, 0.176471
0.559322, 0.175532
0.559322, 0.174603
0.559322, 0.173684
0.559322, 0.172775
0.559322, 0.171875
0.559322, 0.170984
0.559322, 0.170103
0.559322, 0.169231
0.559322, 0.168367
0.559322, 0.167513
0.559322, 0.166667
0.559322, 0.165829
0.559322, 0.165000
0.559322, 0.164179
0.559322, 0.163366
0.559322, 0.162562
0.559322, 0.161765
0.559322, 0.160976
0.559322, 0.160194
0.559322, 0.159420
0.559322, 0.158654
0.559322, 0.157895
0.559322, 0.157143
0.559322, 0.156398
0.559322, 0.155660
0.559322, 0.154930
0.559322, 0.154206
0.559322, 0.153488
0.559322, 0.152778
0.559322, 0.152074
0.559322, 0.151376
0.559322, 0.150685
0.559322, 0.150000
0.559322, 0.149321
0.559322, 0.148649
0.559322, 0.147982
0.559322, 0.147321
0.559322, 0.146667
0.559322, 0.146018
0.559322, 0.145374
0.559322, 0.144737
0.559322, 0.144105
0.559322, 0.143478
0.559322, 0.142857
0.559322, 0.142241
0.559322, 0.141631
0.559322, 0.141026
0.559322, 0.140426
0.559322, 0.139831
0.559322, 0.139241
0.559322, 0.138655
0.559322, 0.138075
0.559322, 0.137500
0.559322, 0.136929
0.559322, 0.136364
0.559322, 0.135802
0.559322, 0.135246
0.559322, 0.134694
0.559322, 0.134146
0.559322, 0.133603
0.559322, 0.133065
0.559322, 0.132530
0.559322, 0.132000
0.559322, 0.131474
0.576271, 0.134921
0.576271, 0.134387
0.576271, 0.133858
0.576271, 0.133333
0.576271, 0.132812
0.576271, 0.132296
0.576271, 0.131783
0.576271, 0.131274
0.576271, 0.130769
0.576271, 0.130268
0.576271, 0.129771
0.576271, 0.129278
0.576271, 0.128788
0.576271, 0.128302
0.576271, 0.127820
0.576271, 0.127341
0.576271, 0.126866
0.576271, 0.126394
0.576271, 0.125926
0.576271, 0.125461
0.576271, 0.125000
0.576271, 0.124542
0.576271, 0.124088
0.576271, 0.123636
0.576271, 0.123188
0.576271, 0.122744
0.576271, 0.122302
0.576271, 0.121864
0.576271, 0.121429
0.576271, 0.120996
0.576271, 0.120567
0.576271, 0.120141
0.576271, 0.119718
0.576271, 0.119298
0.576271, 0.118881
0.576271, 0.118467
0.576271, 0.118056
0.576271, 0.117647
0.576271, 0.117241
0.576271, 0.116838
0.576271, 0.116438
0.576271, 0.116041
0.576271, 0.115646
0.576271, 0.115254
0.576271, 0.114865
0.576271, 0.114478
0.576271, 0.114094
0.576271, 0.113712
0.576271, 0.113333
0.576271, 0.112957
0.576271, 0.112583
0.576271, 0.112211
0.576271, 0.111842
0.576271, 0.111475
0.576271, 0.111111
0.576271, 0.110749
0.576271, 0.110390
0.576271, 0.110032
0.576271, 0.109677
0.576271, 0.109325
0.576271, 0.108974
0.576271, 0.108626
0.576271, 0.108280
0.576271, 0.107937
0.576271, 0.107595
0.576271, 0.107256
0.576271, 0.106918
0.576271, 0.106583
0.576271, 0.106250
0.576271, 0.105919
0.576271, 0.105590
0.576271, 0.105263
0.576271, 0.104938
0.576271, 0.104615
0.576271, 0.104294
0.576271, 0.103976
0.576271, 0.103659
0.576271, 0.103343
0.576271, 0.103030
0.576271, 0.102719
0.576271, 0.102410
0.576271, 0.102102
0.576271, 0.101796
0.576271, 0.101493
0.576271, 0.101190
0.576271, 0.100890
0.576271, 0.100592
0.576271, 0.100295
0.576271, 0.100000
0.576271, 0.099707
0.576271, 0.099415
0.576271, 0.099125
0.576271, 0.098837
0.576271, 0.098551
0.576271, 0.098266
0.576271, 0.097983
0.576271, 0.097701
0.576271, 0.097421
0.576271, 0.097143
0.576271, 0.096866
0.576271, 0.096591
0.576271, 0.096317
0.576271, 0.096045
0.576271, 0.095775
0.576271, 0.095506
0.576271, 0.095238
0.576271, 0.094972
0.576271, 0.094708
0.576271, 0.094444
0.576271, 0.094183
0.576271, 0.093923
0.576271, 0.093664
0.576271, 0.093407
0.576271, 0.093151
0.576271, 0.092896
0.576271, 0.092643
0.576271, 0.092391
0.576271, 0.092141
0.576271, 0.091892
0.576271, 0.091644
0.576271, 0.091398
0.576271, 0.091153
0.576271, 0.090909
0.576271, 0.090667
0.576271, 0.090426
0.576271, 0.090186
0.576271, 0.089947
0.576271, 0.089710
0.576271, 0.089474
0.576271, 0.089239
0.576271, 0.089005
0.576271, 0.088773
0.576271, 0.088542
0.576271, 0.088312
0.576271, 0.088083
0.576271, 0.087855
0.576271, 0.087629
0.576271, 0.087404
0.576271, 0.087179
0.576271, 0.086957
0.576271, 0.086735
0.576271, 0.086514
0.576271, 0.086294
0.576271, 0.086076
0.576271, 0.085859
0.576271, 0.085642
0.576271, 0.085427
0.576271, 0.085213
0.576271, 0.085000
0.576271, 0.084788
0.576271, 0.084577
0.576271, 0.084367
0.576271, 0.084158
0.576271, 0.083951
0.576271, 0.083744
0.576271, 0.083538
0.576271, 0.083333
0.576271, 0.083130
0.576271, 0.082927
0.576271, 0.082725
0.576271, 0.082524
0.576271, 0.082324
0.576271, 0.082126
0.576271, 0.081928
0.576271, 0.081731
0.576271, 0.081535
0.576271, 0.081340
0.576271, 0.081146
0.576271, 0.080952
0.576271, 0.080760
0.576271, 0.080569
0.576271, 0.080378
0.576271, 0.080189
0.576271, 0.080000
0.576271, 0.079812
0.576271, 0.079625
0.576271, 0.079439
0.576271, 0.079254
0.576271, 0.079070
0.576271, 0.078886
0.576271, 0.078704
0.576271, 0.078522
0.576271, 0.078341
0.576271, 0.078161
0.576271, 0.077982
0.576271, 0.077803
0.576271, 0.077626
0.576271, 0.077449
0.576271, 0.077273
0.576271, 0.077098
0.576271, 0.076923
0.576271, 0.076749
0.576271, 0.076577
0.576271, 0.076404
0.576271, 0.076233
0.576271, 0.076063
0.576271, 0.075893
0.576271, 0.075724
0.593220, 0.077778
0.593220, 0.077605
0.593220, 0.077434
0.593220, 0.077263
0.593220, 0.077093
0.593220, 0.076923
0.593220, 0.076754
0.593220, 0.076586
0.593220, 0.076419
0.593220, 0.076253
0.593220, 0.076087
0.593220, 0.075922
0.593220, 0.075758
0.593220, 0.075594
0.593220, 0.075431
0.593220, 0.075269
0.593220, 0.075107
0.593220, 0.074946
0.593220, 0.074786
0.593220, 0.074627
0.593220, 0.074468
0.593220, 0.074310
0.593220, 0.074153
0.593220, 0.073996
0.593220, 0.073840
0.593220, 0.073684
0.593220, 0.073529
0.593220, 0.073375
0.593220, 0.073222
0.593220, 0.073069
0.593220, 0.072917
0.593220, 0.072765
0.593220, 0.072614
0.593220, 0.072464
0.593220, 0.072314
0.593220, 0.072165
0.593220, 0.072016
0.593220, 0.071869
0.593220, 0.071721
0.593220, 0.071575
0.593220, 0.071429
0.593220, 0.071283
0.593220, 0.071138
0.593220, 0.070994
0.593220, 0.070850
0.593220, 0.070707
0.593220, 0.070565
0.593220, 0.070423
0.593220, 0.070281
0.593220, 0.070140
0.593220, 0.070000
0.593220, 0.069860
0.593220, 0.069721
0.593220, 0.069583
0.593220, 0.069444
0.593220, 0.069307
0.593220, 0.069170
0.593220, 0.069034
0.593220, 0.068898
0.593220, 0.068762
0.593220, 0.068627
0.593220, 0.068493
0.593220, 0.068359
0.593220, 0.068226
0.593220, 0.068093
0.593220, 0.067961
0.593220, 0.067829
0.593220, 0.067698
0.593220, 0.067568
0.593220, 0.067437
0.593220, 0.067308
0.593220, 0.067179
0.593220, 0.067050
0.593220, 0.066922
0.593220, 0.066794
0.593220, 0.066667
0.593220, 0.066540
0.593220, 0.066414
0.593220, 0.066288
0.593220, 0.066163
0.593220, 0.066038
0.593220, 0.065913
0.593220, 0.065789
0.593220, 0.065666
0.593220, 0.065543
0.593220, 0.065421
0.593220, 0.065299
0.593220, 0.065177
0.593220, 0.065056
0.593220, 0.064935
0.593220, 0.064815
0.593220, 0.064695
0.593220, 0.064576
0.593220, 0.064457
0.593220, 0.064338
0.593220, 0.064220
0.593220, 0.064103
0.593220, 0.063985
0.593220, 0.063869
0.593220, 0.063752
0.593220, 0.063636
0.593220, 0.063521
0.593220, 0.063406
0.593220, 0.063291
0.593220, 0.063177
0.593220, 0.063063
0.593220, 0.062950
0.593220, 0.062837
0.593220, 0.062724
0.593220, 0.062612
0.593220, 0.062500
0.593220, 0.062389
0.593220, 0.062278
0.593220, 0.062167
0.593220, 0.062057
0.593220, 0.061947
0.593220, 0.061837
0.593220, 0.061728
0.593220, 0.061620
0.593220, 0.061511
0.593220, 0.061404
0.593220, 0.061296
0.593220, 0.061189
0.593220, 0.061082
0.593220, 0.060976
0.593220, 0.060870
0.593220, 0.060764
0.593220, 0.060659
0.593220, 0.060554
0.593220, 0.060449
0.593220, 0.060345
0.593220, 0.060241
0.593220, 0.060137
0.593220, 0.060034
0.593220, 0.059932
0.593220, 0.059829
0.593220, 0.059727
0.593220, 0.059625
0.593220, 0.059524
0.593220, 0.059423
0.593220, 0.059322
0.593220, 0.059222
0.593220, 0.059122
0.610169, 0.060708
0.610169, 0.060606
0.610169, 0.060504
0.610169, 0.060403
0.610169, 0.060302
0.610169, 0.060201
0.610169, 0.060100
0.610169, 0.060000
0.610169, 0.059900
0.610169, 0.059801
0.610169, 0.059701
0.610169, 0.059603
0.610169, 0.059504
0.610169, 0.059406
0.610169, 0.059308
0.610169, 0.059211
0.610169, 0.059113
0.610169, 0.059016
0.610169, 0.058920
0.610169, 0.058824
0.610169, 0.058728
0.610169, 0.058632
0.610169, 0.058537
0.610169, 0.058442
0.610169, 0.058347
0.610169, 0.058252
0.610169, 0.058158
0.610169, 0.058065
0.610169, 0.057971
0.610169, 0.057878
0.610169, 0.057785
0.610169, 0.057692
0.610169, 0.057600
0.610169, 0.057508
0.610169, 0.057416
0.610169, 0.057325
0.610169, 0.057234
0.610169, 0.057143
0.610169, 0.057052
0.610169, 0.056962
0.610169, 0.056872
0.610169, 0.056782
0.610169, 0.056693
0.610169, 0.056604
0.610169, 0.056515
0.610169, 0.056426
0.610169, 0.056338
0.610169, 0.056250
0.610169, 0.056162
0.610169, 0.056075
0.610169, 0.055988
0.610169, 0.055901
0.610169, 0.055814
0.610169, 0.055728
0.610169, 0.055641
0.610169, 0.055556
0.610169, 0.055470
0.610169, 0.055385
0.610169, 0.055300
0.610169, 0.055215
0.610169, 0.055130
0.610169, 0.055046
0.610169, 0.054962
0.610169, 0.054878
0.610169, 0.054795
0.610169, 0.054711
0.610169, 0.054628
0.610169, 0.054545
0.610169, 0.054463
0.610169, 0.054381
0.610169, 0.054299
0.610169, 0.054217
0.610169, 0.054135
0.610169, 0.054054
0.610169, 0.053973
0.610169, 0.053892
0.610169, 0.053812
0.610169, 0.053731
0.610169, 0.053651
0.610169, 0.053571
0.610169, 0.053492
0.610169, 0.053412
0.610169, 0.053333
0.610169, 0.053254
0.610169, 0.053176
0.610169, 0.053097
0.610169, 0.053019
0.610169, 0.052941
0.610169, 0.052863
0.610169, 0.052786
0.610169, 0.052709
0.610169, 0.052632
0.610169, 0.052555
0.610169, 0.052478
0.610169, 0.052402
0.610169, 0.052326
0.610169, 0.052250
0.610169, 0.052174
0.610169, 0.052098
0.610169, 0.052023
0.610169, 0.051948
0.610169, 0.051873
0.610169, 0.051799
0.610169, 0.051724
0.610169, 0.051650
0.610169, 0.051576
0.610169, 0.051502
0.610169, 0.051429
0.610169, 0.051355
0.610169, 0.051282
0.610169, 0.051209
0.610169, 0.051136
0.610169, 0.051064
0.610169, 0.050992
0.610169, 0.050919
0.610169, 0.050847
0.610169, 0.050776
0.610169, 0.050704
0.610169, 0.050633
0.610169, 0.050562
0.610169, 0.050491
0.610169, 0.050420
0.610169, 0.050350
0.610169, 0.050279
0.610169, 0.050209
0.610169, 0.050139
0.610169, 0.050070
0.610169, 0.050000
0.610169, 0.049931
0.610169, 0.049861
0.610169, 0.049793
0.610169, 0.049724
0.610169, 0.049655
0.610169, 0.049587
0.610169, 0.049519
0.610169, 0.049451
0.610169, 0.049383
0.610169, 0.049315
0.610169, 0.049248
0.610169, 0.049180
0.610169, 0.049113
0.610169, 0.049046
0.610169, 0.048980
0.610169, 0.048913
0.610169, 0.048847
0.610169, 0.048780
0.610169, 0.048714
0.610169, 0.048649
0.610169, 0.048583
0.610169, 0.048518
0.610169, 0.048452
0.610169, 0.048387
0.610169, 0.048322
0.610169, 0.048257
0.610169, 0.048193
0.610169, 0.048128
0.610169, 0.048064
0.610169, 0.048000
0.610169, 0.047936
0.610169, 0.047872
0.610169, 0.047809
0.610169, 0.047745
0.610169, 0.047682
0.610169, 0.047619
0.610169, 0.047556
0.610169, 0.047493
0.610169, 0.047431
0.610169, 0.047368
0.610169, 0.047306
0.610169, 0.047244
0.610169, 0.047182
0.610169, 0.047120
0.610169, 0.047059
0.610169, 0.046997
0.610169, 0.046936
0.610169, 0.046875
0.610169, 0.046814
0.610169, 0.046753
0.610169, 0.046693
0.610169, 0.046632
0.610169, 0.046572
0.610169, 0.046512
0.610169, 0.046452
0.610169, 0.046392
0.610169, 0.046332
0.610169, 0.046272
0.610169, 0.046213
0.610169, 0.046154
0.610169, 0.046095
0.610169, 0.046036
0.610169, 0.045977
0.610169, 0.045918
0.610169, 0.045860
0.610169, 0.045802
0.610169, 0.045743
0.610169, 0.045685
0.610169, 0.045627
0.610169, 0.045570
0.610169, 0.045512
0.610169, 0.045455
0.610169, 0.045397
0.610169, 0.045340
0.610169, 0.045283
0.610169, 0.045226
0.610169, 0.045169
0.610169, 0.045113
0.610169, 0.045056
0.610169, 0.045000
0.610169, 0.044944
0.610169, 0.044888
0.610169, 0.044832
0.610169, 0.044776
0.610169, 0.044720
0.610169, 0.044665
0.610169, 0.044610
0.610169, 0.044554
0.610169, 0.044499
0.610169, 0.044444
0.610169, 0.044390
0.610169, 0.044335
0.610169, 0.044280
0.610169, 0.044226
0.610169, 0.044172
0.610169, 0.044118
0.610169, 0.044064
0.610169, 0.044010
0.610169, 0.043956
0.610169, 0.043902
0.610169, 0.043849
0.610169, 0.043796
0.610169, 0.043742
0.610169, 0.043689
0.610169, 0.043636
0.610169, 0.043584
0.610169, 0.043531
0.610169, 0.043478
0.610169, 0.043426
0.610169, 0.043373
0.610169, 0.043321
0.610169, 0.043269
0.610169, 0.043217
0.610169, 0.043165
0.610169, 0.043114
0.610169, 0.043062
0.610169, 0.043011
0.610169, 0.042959
0.610169, 0.042908
0.610169, 0.042857
0.610169, 0.042806
0.610169, 0.042755
0.610169, 0.042705
0.610169, 0.042654
0.610169, 0.042604
0.610169, 0.042553
0.610169, 0.042503
0.610169, 0.042453
0.610169, 0.042403
0.610169, 0.042353
0.610169, 0.042303
0.610169, 0.042254
0.610169, 0.042204
0.610169, 0.042155
0.610169, 0.042105
0.610169, 0.042056
0.610169, 0.042007
0.610169, 0.041958
0.610169, 0.041909
0.610169, 0.041860
0.610169, 0.041812
0.610169, 0.041763
0.610169, 0.041715
0.610169, 0.041667
0.610169, 0.041618
0.610169, 0.041570
0.610169, 0.041522
0.610169, 0.041475
0.610169, 0.041427
0.610169, 0.041379
0.610169, 0.041332
0.610169, 0.041284
0.610169, 0.041237
0.610169, 0.041190
0.610169, 0.041143
0.627119, 0.042237
0.627119, 0.042189
0.627119, 0.042141
0.627119, 0.042093
0.627119, 0.042045
0.627119, 0.041998
0.627119, 0.041950
0.627119, 0.041903
0.627119, 0.041855
0.627119, 0.041808
0.627119, 0.041761
0.627119, 0.041714
0.627119, 0.041667
0.627119, 0.041620
0.627119, 0.041573
0.627119, 0.041526
0.627119, 0.041480
0.627119, 0.041433
0.627119, 0.041387
0.627119, 0.041341
0.627119, 0.041295
0.627119, 0.041249
0.627119, 0.041203
0.627119, 0.041157
0.627119, 0.041111
0.627119, 0.041065
0.627119, 0.041020
0.627119, 0.040975
0.627119, 0.040929
0.627119, 0.040884
0.627119, 0.040839
0.627119, 0.040794
0.627119, 0.040749
0.627119, 0.040704
0.627119, 0.040659
0.627119, 0.040615
0.627119, 0.040570
0.627119, 0.040526
0.627119, 0.040481
0.627119, 0.040437
0.627119, 0.040393
0.627119, 0.040349
0.627119, 0.040305
0.627119, 0.040261
0.627119, 0.040217
0.627119, 0.040174
0.627119, 0.040130
0.627119, 0.040087
0.627119, 0.040043
0.627119, 0.040000
0.627119, 0.039957
0.627119, 0.039914
0.627119, 0.039871
0.627119, 0.039828
0.627119, 0.039785
0.627119, 0.039742
0.627119, 0.039700
0.627119, 0.039657
0.627119, 0.039615
0.627119, 0.039572
0.627119, 0.039530
0.627119, 0.039488
0.627119, 0.039446
0.627119, 0.039404
0.627119, 0.039362
0.627119, 0.039320
0.627119, 0.039278
0.627119, 0.039236
0.627119, 0.039195
0.627119, 0.039153
0.627119, 0.039112
0.627119, 0.039071
0.627119, 0.039030
0.627119, 0.038988
0.627119, 0.038947
0.627119, 0.038906
0.627119, 0.038866
0.627119, 0.038825
0.627119, 0.038784
0.627119, 0.038743
0.627119, 0.038703
0.627119, 0.038662
0.627119, 0.038622
0.627119, 0.038582
0.627119, 0.038542
0.627119, 0.038502
0.627119, 0.038462
0.627119, 0.038422
0.627119, 0.038382
0.627119, 0.038342
0.627119, 0.038302
0.627119, 0.038263
0.627119, 0.038223
0.627119, 0.038184
0.627119, 0.038144
0.627119, 0.038105
0.627119, 0.038066
0.627119, 0.038027
0.627119, 0.037988
0.627119, 0.037949
0.627119, 0.037910
0.627119, 0.037871
0.627119, 0.037832
0.627119, 0.037794
0.627119, 0.037755
0.627119, 0.037717
0.627119, 0.037678
0.627119, 0.037640
0.627119, 0.037602
0.627119, 0.037563
0.627119, 0.037525
0.627119, 0.037487
0.627119, 0.037449
0.627119, 0.037412
0.627119, 0.037374
0.627119, 0.037336
0.627119, 0.037298
0.627119, 0.037261
0.644068, 0.038229
0.644068, 0.038191
0.644068, 0.038153
0.644068, 0.038114
0.644068, 0.038076
0.644068, 0.038038
0.644068, 0.038000
0.644068, 0.037962
0.644068, 0.037924
0.644068, 0.037886
0.644068, 0.037849
0.644068, 0.037811
0.644068, 0.037773
0.644068, 0.037736
0.644068, 0.037698
0.644068, 0.037661
0.644068, 0.037624
0.644068, 0.037587
0.644068, 0.037549
0.644068, 0.037512
0.644068, 0.037475
0.644068, 0.037438
0.644068, 0.037402
0.644068, 0.037365
0.644068, 0.037328
0.644068, 0.037291
0.644068, 0.037255
0.644068, 0.037218
0.644068, 0.037182
0.644068, 0.037146
0.644068, 0.037109
0.644068, 0.037073
0.644068, 0.037037
0.644068, 0.037001
0.644068, 0.036965
0.644068, 0.036929
0.644068, 0.036893
0.644068, 0.036857
0.644068, 0.036822
0.644068, 0.036786
0.644068, 0.036750
0.644068, 0.036715
0.644068, 0.036680
0.644068, 0.036644
0.644068, 0.036609
0.644068, 0.036574
0.644068, 0.036538
0.644068, 0.036503
0.644068, 0.036468
0.644068, 0.036433
0.644068, 0.036398
0.644068, 0.036364
0.644068, 0.036329
0.644068, 0.036294
0.644068, 0.036260
0.644068, 0.036225
0.644068, 0.036190
0.644068, 0.036156
0.644068, 0.036122
0.644068, 0.036087
0.644068, 0.036053
0.644068, 0.036019
0.644068, 0.035985
0.644068, 0.035951
0.644068, 0.035917
0.644068, 0.035883
0.644068, 0.035849
0.644068, 0.035815
0.644068, 0.035782
0.644068, 0.035748
0.644068, 0.035714
0.644068, 0.035681
0.644068, 0.035647
0.644068, 0.035614
0.644068, 0.035581
0.644068, 0.035547
0.644068, 0.035514
0.644068, 0.035481
0.644068, 0.035448
0.644068, 0.035415
0.644068, 0.035382
0.644068, 0.035349
0.644068, 0.035316
0.644068, 0.035283
0.644068, 0.035250
0.644068, 0.035218
0.644068, 0.035185
0.644068, 0.035153
0.644068, 0.035120
0.644068, 0.035088
0.644068, 0.035055
0.644068, 0.035023
0.644068, 0.034991
0.644068, 0.034959
0.644068, 0.034926
0.644068, 0.034894
0.644068, 0.034862
0.644068, 0.034830
0.644068, 0.034799
0.644068, 0.034767
0.644068, 0.034735
0.644068, 0.034703
0.644068, 0.034672
0.644068, 0.034640
0.644068, 0.034608
0.644068, 0.034577
0.644068, 0.034545
0.644068, 0.034514
0.644068, 0.034483
0.644068, 0.034451
0.644068, 0.034420
0.644068, 0.034389
0.644068, 0.034358
0.644068, 0.034327
0.644068, 0.034296
0.644068, 0.034265
0.644068, 0.034234
0.644068, 0.034203
0.644068, 0.034173
0.644068, 0.034142
0.644068, 0.034111
0.644068, 0.034081
0.644068, 0.034050
0.644068, 0.034020
0.644068, 0.033989
0.644068, 0.033959
0.644068, 0.033929
0.644068, 0.033898
0.644068, 0.033868
0.644068, 0.033838
0.644068, 0.033808
0.644068, 0.033778
0.644068, 0.033748
0.644068, 0.033718
0.644068, 0.033688
0.644068, 0.033658
0.644068, 0.033628
0.644068, 0.033599
0.644068, 0.033569
0.644068, 0.033539
0.644068, 0.033510
0.644068, 0.033480
0.644068, 0.033451
0.644068, 0.033421
0.644068, 0.033392
0.644068, 0.033363
0.644068, 0.033333
0.644068, 0.033304
0.644068, 0.033275
0.644068, 0.033246
0.644068, 0.033217
0.644068, 0.033188
0.644068, 0.033159
0.644068, 0.033130
0.644068, 0.033101
0.644068, 0.033072
0.644068, 0.033043
0.644068, 0.033015
0.644068, 0.032986
0.644068, 0.032958
0.644068, 0.032929
0.644068, 0.032900
0.644068, 0.032872
0.644068, 0.032844
0.644068, 0.032815
0.644068, 0.032787
0.644068, 0.032759
0.644068, 0.032730
0.644068, 0.032702
0.644068, 0.032674
0.644068, 0.032646
0.644068, 0.032618
0.644068, 0.032590
0.644068, 0.032562
0.644068, 0.032534
0.644068, 0.032506
0.644068, 0.032479
0.644068, 0.032451
0.644068, 0.032423
0.644068, 0.032396
0.644068, 0.032368
0.644068, 0.032340
0.644068, 0.032313
0.644068, 0.032285
0.644068, 0.032258
0.644068, 0.032231
0.644068, 0.032203
0.644068, 0.032176
0.644068, 0.032149
0.644068, 0.032122
0.644068, 0.032095
0.644068, 0.032068
0.644068, 0.032040
0.644068, 0.032013
0.644068, 0.031987
0.644068, 0.031960
0.644068, 0.031933
0.644068, 0.031906
0.644068, 0.031879
0.644068, 0.031852
0.644068, 0.031826
0.644068, 0.031799
0.644068, 0.031773
0.644068, 0.031746
0.644068, 0.031720
0.644068, 0.031693
0.644068, 0.031667
0.644068, 0.031640
0.644068, 0.031614
0.644068, 0.031588
0.644068, 0.031561
0.644068, 0.031535
0.644068, 0.031509
0.644068, 0.031483
0.644068, 0.031457
0.644068, 0.031431
0.644068, 0.031405
0.644068, 0.031379
0.644068, 0.031353
0.644068, 0.031327
0.644068, 0.031301
0.644068, 0.031276
0.644068, 0.031250
0.644068, 0.031224
0.644068, 0.031199
0.644068, 0.031173
0.644068, 0.031148
0.644068, 0.031122
0.644068, 0.031097
0.644068, 0.031071
0.644068, 0.031046
0.644068, 0.031020
0.644068, 0.030995
0.644068, 0.030970
0.644068, 0.030945
0.644068, 0.030919
0.644068, 0.030894
0.644068, 0.030869
0.644068, 0.030844
0.644068, 0.030819
0.644068, 0.030794
0.644068, 0.030769
0.644068, 0.030744
0.644068, 0.030719
0.644068, 0.030695
0.644068, 0.030670
0.644068, 0.030645
0.644068, 0.030620
0.644068, 0.030596
0.644068, 0.030571
0.644068, 0.030547
0.644068, 0.030522
0.644068, 0.030498
0.644068, 0.030473
0.644068, 0.030449
0.644068, 0.030424
0.644068, 0.030400
0.644068, 0.030376
0.644068, 0.030351
0.644068, 0.030327
0.644068, 0.030303
0.644068, 0.030279
0.644068, 0.030255
0.644068, 0.030231
0.644068, 0.030207
0.644068, 0.030183
0.644068, 0.030159
0.644068, 0.030135
0.644068, 0.030111
0.644068, 0.030087
0.644068, 0.030063
0.644068, 0.030040
0.644068, 0.030016
0.644068, 0.029992
0.644068, 0.029968
0.644068, 0.029945
0.644068, 0.029921
0.644068, 0.029898
0.644068, 0.029874
0.644068, 0.029851
0.644068, 0.029827
0.644068, 0.029804
0.644068, 0.029781
0.644068, 0.029757
0.644068, 0.029734
0.644068, 0.029711
0.644068, 0.029687
0.644068, 0.029664
0.644068, 0.029641
0.644068, 0.029618
0.644068, 0.029595
0.644068, 0.029572
0.644068, 0.029549
0.644068, 0.029526
0.644068, 0.029503
0.644068, 0.029480
0.644068, 0.029457
0.644068, 0.029435
0.644068, 0.029412
0.644068, 0.029389
0.644068, 0.029366
0.644068, 0.029344
0.644068, 0.029321
0.644068, 0.029298
0.644068, 0.029276
0.644068, 0.029253
0.644068, 0.029231
0.644068, 0.029208
0.644068, 0.029186
0.644068, 0.029163
0.644068, 0.029141
0.644068, 0.029119
0.644068, 0.029096
0.644068, 0.029074
0.644068, 0.029052
0.644068, 0.029030
0.644068, 0.029008
0.644068, 0.028986
0.644068, 0.028963
0.644068, 0.028941
0.644068, 0.028919
0.644068, 0.028897
0.644068, 0.028875
0.644068, 0.028853
0.644068, 0.028832
0.644068, 0.028810
0.644068, 0.028788
0.644068, 0.028766
0.644068, 0.028744
0.644068, 0.028723
0.644068, 0.028701
0.644068, 0.028679
0.644068, 0.028658
0.644068, 0.028636
0.644068, 0.028614
0.644068, 0.028593
0.644068, 0.028571
0.644068, 0.028550
0.644068, 0.028529
0.644068, 0.028507
0.644068, 0.028486
0.644068, 0.028464
0.644068, 0.028443
0.644068, 0.028422
0.644068, 0.028401
0.644068, 0.028379
0.644068, 0.028358
0.644068, 0.028337
0.644068, 0.028316
0.644068, 0.028295
0.644068, 0.028274
0.644068, 0.028253
0.644068, 0.028232
0.644068, 0.028211
0.644068, 0.028190
0.644068, 0.028169
0.644068, 0.028148
0.644068, 0.028127
0.644068, 0.028107
0.644068, 0.028086
0.644068, 0.028065
0.644068, 0.028044
0.644068, 0.028024
0.644068, 0.028003
0.644068, 0.027982
0.644068, 0.027962
0.644068, 0.027941
0.644068, 0.027921
0.644068, 0.027900
0.644068, 0.027880
0.644068, 0.027859
0.644068, 0.027839
0.644068, 0.027818
0.644068, 0.027798
0.644068, 0.027778
0.644068, 0.027757
0.644068, 0.027737
0.644068, 0.027717
0.644068, 0.027697
0.644068, 0.027677
0.644068, 0.027656
0.661017, 0.028364
0.661017, 0.028343
0.661017, 0.028322
0.661017, 0.028302
0.661017, 0.028281
0.661017, 0.028261
0.661017, 0.028240
0.661017, 0.028220
0.661017, 0.028200
0.661017, 0.028179
0.661017, 0.028159
0.661017, 0.028139
0.661017, 0.028118
0.661017, 0.028098
0.661017, 0.028078
0.661017, 0.028058
0.661017, 0.028037
0.661017, 0.028017
0.661017, 0.027997
0.661017, 0.027977
0.661017, 0.027957
0.661017, 0.027937
0.661017, 0.027917
0.661017, 0.027897
0.661017, 0.027877
0.661017, 0.027857
0.661017, 0.027837
0.661017, 0.027817
0.661017, 0.027798
0.661017, 0.027778
0.661017, 0.027758
0.661017, 0.027738
0.661017, 0.027719
0.661017, 0.027699
0.661017, 0.027679
0.661017, 0.027660
0.661017, 0.027640
0.661017, 0.027620
0.661017, 0.027601
0.661017, 0.027581
0.661017, 0.027562
0.661017, 0.027542
0.661017, 0.027523
0.661017, 0.027504
0.661017, 0.027484
0.661017, 0.027465
0.661017, 0.027445
0.661017, 0.027426
0.661017, 0.027407
0.661017, 0.027388
0.661017, 0.027368
0.661017, 0.027349
0.661017, 0.027330
0.661017, 0.027311
0.661017, 0.027292
0.661017, 0.027273
0.661017, 0.027254
0.661017, 0.027235
0.661017, 0.027216
0.661017, 0.027197
0.661017, 0.027178
0.661017, 0.027159
0.661017, 0.027140
0.661017, 0.027121
0.661017, 0.027102
0.661017, 0.027083
0.661017, 0.027065
0.661017, 0.027046
0.661017, 0.027027
0.661017, 0.027008
0.661017, 0.026990
0.661017, 0.026971
0.661017, 0.026952
0.661017, 0.026934
0.661017, 0.026915
0.661017, 0.026897
0.661017, 0.026878
0.661017, 0.026860
0.661017, 0.026841
0.661017, 0.026823
0.661017, 0.026804
0.661017, 0.026786
0.661017, 0.026767
0.661017, 0.026749
0.661017, 0.026731
0.661017, 0.026712
0.661017, 0.026694
0.661017, 0.026676
0.661017, 0.026658
0.661017, 0.026639
0.661017, 0.026621
0.661017, 0.026603
0.677966, 0.027267
0.677966, 0.027248
0.677966, 0.027229
0.677966, 0.027211
0.677966, 0.027192
0.677966, 0.027174
0.677966, 0.027155
0.677966, 0.027137
0.677966, 0.027119
0.677966, 0.027100
0.677966, 0.027082
0.677966, 0.027064
0.677966, 0.027045
0.677966, 0.027027
0.677966, 0.027009
0.677966, 0.026991
0.677966, 0.026972
0.677966, 0.026954
0.677966, 0.026936
0.677966, 0.026918
0.677966, 0.026900
0.677966, 0.026882
0.677966, 0.026864
0.677966, 0.026846
0.677966, 0.026828
0.677966, 0.026810
0.677966, 0.026792
0.677966, 0.026774
0.677966, 0.026756
0.677966, 0.026738
0.677966, 0.026720
0.677966, 0.026702
0.677966, 0.026684
0.677966, 0.026667
0.677966, 0.026649
0.677966, 0.026631
0.677966, 0.026613
0.677966, 0.026596
0.677966, 0.026578
0.677966, 0.026560
0.677966, 0.026543
0.677966, 0.026525
0.677966, 0.026508
0.677966, 0.026490
0.677966, 0.026473
0.677966, 0.026455
0.677966, 0.026438
0.677966, 0.026420
0.677966, 0.026403
0.677966, 0.026385
0.677966, 0.026368
0.677966, 0.026350
0.677966, 0.026333
0.677966, 0.026316
0.677966, 0.026298
0.677966, 0.026281
0.677966, 0.026264
0.677966, 0.026247
0.677966, 0.026230
0.677966, 0.026212
0.677966, 0.026195
0.677966, 0.026178
0.677966, 0.026161
0.677966, 0.026144
0.677966, 0.026127
0.677966, 0.026110
0.677966, 0.026093
0.677966, 0.026076
0.677966, 0.026059
0.677966, 0.026042
0.677966, 0.026025
0.677966, 0.026008
0.677966, 0.025991
0.677966, 0.025974
0.677966, 0.025957
0.677966, 0.025940
0.677966, 0.025924
0.677966, 0.025907
0.677966, 0.025890
0.677966, 0.025873
0.677966, 0.025856
0.677966, 0.025840
0.677966, 0.025823
0.677966, 0.025806
0.677966, 0.025790
0.677966, 0.025773
0.677966, 0.025757
0.677966, 0.025740
0.677966, 0.025723
0.677966, 0.025707
0.677966, 0.025690
0.677966, 0.025674
0.677966, 0.025657
0.677966, 0.025641
0.677966, 0.025625
0.677966, 0.025608
0.677966, 0.025592
0.677966, 0.025575
0.677966, 0.025559
0.677966, 0.025543
0.677966, 0.025526
0.677966, 0.025510
0.677966, 0.025494
0.677966, 0.025478
0.677966, 0.025461
0.677966, 0.025445
0.677966, 0.025429
0.677966, 0.025413
0.677966, 0.025397
0.677966, 0.025381
0.677966, 0.025365
0.677966, 0.025349
0.677966, 0.025332
0.677966, 0.025316
0.677966, 0.025300
0.677966, 0.025284
0.677966, 0.025268
0.677966, 0.025253
0.677966, 0.025237
0.677966, 0.025221
0.677966, 0.025205
0.677966, 0.025189
0.677966, 0.025173
0.677966, 0.025157
0.677966, 0.025141
0.677966, 0.025126
0.677966, 0.025110
0.677966, 0.025094
0.677966, 0.025078
0.677966, 0.025063
0.677966, 0.025047
0.677966, 0.025031
0.677966, 0.025016
0.677966, 0.025000
0.677966, 0.024984
0.677966, 0.024969
0.677966, 0.024953
0.677966, 0.024938
0.677966, 0.024922
0.677966, 0.024907
0.677966, 0.024891
0.677966, 0.024876
0.677966, 0.024860
0.677966, 0.024845
0.677966, 0.024829
0.677966, 0.024814
0.677966, 0.024799
0.677966, 0.024783
0.677966, 0.024768
0.677966, 0.024752
0.677966, 0.024737
0.677966, 0.024722
0.677966, 0.024707
0.677966, 0.024691
0.677966, 0.024676
0.677966, 0.024661
0.677966, 0.024646
0.677966, 0.024631
0.677966, 0.024615
0.677966, 0.024600
0.677966, 0.024585
0.677966, 0.024570
0.677966, 0.024555
0.677966, 0.024540
0.677966, 0.024525
0.677966, 0.024510
0.677966, 0.024495
0.677966, 0.024480
0.677966, 0.024465
0.677966, 0.024450
0.677966, 0.024435
0.677966, 0.024420
0.677966, 0.024405
0.677966, 0.024390
0.677966, 0.024375
0.677966, 0.024361
0.677966, 0.024346
0.677966, 0.024331
0.677966, 0.024316
0.677966, 0.024301
0.677966, 0.024287
0.677966, 0.024272
0.677966, 0.024257
0.677966, 0.024242
0.677966, 0.024228
0.677966, 0.024213
0.677966, 0.024198
0.677966, 0.024184
0.677966, 0.024169
0.677966, 0.024155
0.677966, 0.024140
0.677966, 0.024125
0.677966, 0.024111
0.677966, 0.024096
0.677966, 0.024082
0.677966, 0.024067
0.677966, 0.024053
0.677966, 0.024038
0.677966, 0.024024
0.677966, 0.024010
0.677966, 0.023995
0.677966, 0.023981
0.677966, 0.023966
0.677966, 0.023952
0.677966, 0.023938
0.677966, 0.023923
0.677966, 0.023909
0.677966, 0.023895
0.677966, 0.023881
0.677966, 0.023866
0.677966, 0.023852
0.677966, 0.023838
0.677966, 0.023824
0.677966, 0.023810
0.677966, 0.023795
0.677966, 0.023781
0.677966, 0.023767
0.677966, 0.023753
0.677966, 0.023739
0.677966, 0.023725
0.677966, 0.023711
0.677966, 0.023697
0.677966, 0.023683
0.677966, 0.023669
0.677966, 0.023655
0.677966, 0.023641
0.677966, 0.023627
0.677966, 0.023613
0.677966, 0.023599
0.677966, 0.023585
0.677966, 0.023571
0.677966, 0.023557
0.677966, 0.023543
0.677966, 0.023529
0.677966, 0.023516
0.677966, 0.023502
0.677966, 0.023488
0.677966, 0.023474
0.677966, 0.023460
0.677966, 0.023447
0.677966, 0.023433
0.677966, 0.023419
0.677966, 0.023406
0.677966, 0.023392
0.677966, 0.023378
0.677966, 0.023364
0.677966, 0.023351
0.677966, 0.023337
0.677966, 0.023324
0.677966, 0.023310
0.677966, 0.023296
0.677966, 0.023283
0.677966, 0.023269
0.677966, 0.023256
0.677966, 0.023242
0.677966, 0.023229
0.677966, 0.023215
0.677966, 0.023202
0.677966, 0.023188
0.677966, 0.023175
0.677966, 0.023162
0.677966, 0.023148
0.677966, 0.023135
0.677966, 0.023121
0.677966, 0.023108
0.677966, 0.023095
0.677966, 0.023081
0.677966, 0.023068
0.677966, 0.023055
0.677966, 0.023041
0.677966, 0.023028
0.677966, 0.023015
0.677966, 0.023002
0.677966, 0.022989
0.677966, 0.022975
0.677966, 0.022962
0.677966, 0.022949
0.677966, 0.022936
0.677966, 0.022923
0.677966, 0.022910
0.677966, 0.022896
0.677966, 0.022883
0.677966, 0.022870
0.677966, 0.022857
0.677966, 0.022844
0.677966, 0.022831
0.677966, 0.022818
0.677966, 0.022805
0.677966, 0.022792
0.677966, 0.022779
0.677966, 0.022766
0.677966, 0.022753
0.677966, 0.022740
0.677966, 0.022727
0.677966, 0.022714
0.677966, 0.022701
0.677966, 0.022689
0.677966, 0.022676
0.677966, 0.022663
0.677966, 0.022650
0.677966, 0.022637
0.677966, 0.022624
0.677966, 0.022612
0.677966, 0.022599
0.677966, 0.022586
0.677966, 0.022573
0.677966, 0.022561
0.677966, 0.022548
0.677966, 0.022535
0.677966, 0.022523
0.677966, 0.022510
0.677966, 0.022497
0.677966, 0.022485
0.677966, 0.022472
0.677966, 0.022459
0.677966, 0.022447
0.677966, 0.022434
0.677966, 0.022422
0.677966, 0.022409
0.677966, 0.022396
0.677966, 0.022384
0.677966, 0.022371
0.677966, 0.022359
0.677966, 0.022346
0.677966, 0.022334
0.677966, 0.022321
0.677966, 0.022309
0.677966, 0.022297
0.677966, 0.022284
0.677966, 0.022272
0.677966, 0.022259
0.677966, 0.022247
0.677966, 0.022235
0.677966, 0.022222
0.677966, 0.022210
0.677966, 0.022198
0.677966, 0.022185
0.677966, 0.022173
0.677966, 0.022161
0.677966, 0.022148
0.677966, 0.022136
0.677966, 0.022124
0.677966, 0.022112
0.677966, 0.022099
0.677966, 0.022087
0.677966, 0.022075
0.677966, 0.022063
0.677966, 0.022051
0.677966, 0.022039
0.677966, 0.022026
0.677966, 0.022014
0.677966, 0.022002
0.677966, 0.021990
0.677966, 0.021978
0.677966, 0.021966
0.677966, 0.021954
0.677966, 0.021942
0.677966, 0.021930
0.677966, 0.021918
0.677966, 0.021906
0.677966, 0.021894
0.677966, 0.021882
0.677966, 0.021870
0.677966, 0.021858
0.677966, 0.021846
0.677966, 0.021834
0.677966, 0.021822
0.677966, 0.021810
0.677966, 0.021798
0.677966, 0.021786
0.677966, 0.021775
0.677966, 0.021763
0.677966, 0.021751
0.677966, 0.021739
0.677966, 0.021727
0.677966, 0.021716
0.677966, 0.021704
0.677966, 0.021692
0.677966, 0.021680
0.677966, 0.021668
0.677966, 0.021657
0.677966, 0.021645
0.677966, 0.021633
0.677966, 0.021622
0.677966, 0.021610
0.677966, 0.021598
0.677966, 0.021587
0.677966, 0.021575
0.677966, 0.021563
0.677966, 0.021552
0.677966, 0.021540
0.677966, 0.021529
0.677966, 0.021517
0.677966, 0.021505
0.677966, 0.021494
0.677966, 0.021482
0.677966, 0.021471
0.677966, 0.021459
0.677966, 0.021448
0.677966, 0.021436
0.677966, 0.021425
0.677966, 0.021413
0.677966, 0.021402
0.677966, 0.021390
0.677966, 0.021379
0.677966, 0.021368
0.677966, 0.021356
0.677966, 0.021345
0.677966, 0.021333
0.677966, 0.021322
0.677966, 0.021311
0.677966, 0.021299
0.677966, 0.021288
0.677966, 0.021277
0.677966, 0.021265
0.677966, 0.021254
0.677966, 0.021243
0.677966, 0.021231
0.677966, 0.021220
0.677966, 0.021209
0.677966, 0.021198
0.677966, 0.021186
0.677966, 0.021175
0.677966, 0.021164
0.677966, 0.021153
0.677966, 0.021142
0.677966, 0.021130
0.677966, 0.021119
0.677966, 0.021108
0.677966, 0.021097
0.677966, 0.021086
0.677966, 0.021075
0.677966, 0.021064
0.677966, 0.021053
0.677966, 0.021042
0.677966, 0.021030
0.677966, 0.021019
0.677966, 0.021008
0.677966, 0.020997
0.677966, 0.020986
0.677966, 0.020975
0.677966, 0.020964
0.677966, 0.020953
0.677966, 0.020942
0.677966, 0.020931
0.677966, 0.020921
0.677966, 0.020910
0.677966, 0.020899
0.677966, 0.020888
0.677966, 0.020877
0.677966, 0.020866
0.677966, 0.020855
0.677966, 0.020844
0.677966, 0.020833
0.677966, 0.020822
0.677966, 0.020812
0.677966, 0.020801
0.677966, 0.020790
0.677966, 0.020779
0.677966, 0.020768
0.677966, 0.020758
0.677966, 0.020747
0.677966, 0.020736
0.677966, 0.020725
0.677966, 0.020715
0.677966, 0.020704
0.677966, 0.020693
0.677966, 0.020683
0.677966, 0.020672
0.677966, 0.020661
0.677966, 0.020650
0.677966, 0.020640
0.677966, 0.020629
0.677966, 0.020619
0.677966, 0.020608
0.677966, 0.020597
0.677966, 0.020587
0.677966, 0.020576
0.677966, 0.020566
0.677966, 0.020555
0.677966, 0.020544
0.677966, 0.020534
0.677966, 0.020523
0.677966, 0.020513
0.677966, 0.020502
0.677966, 0.020492
0.677966, 0.020481
0.677966, 0.020471
0.677966, 0.020460
0.677966, 0.020450
0.677966, 0.020439
0.677966, 0.020429
0.677966, 0.020419
0.677966, 0.020408
0.677966, 0.020398
0.677966, 0.020387
0.677966, 0.020377
0.677966, 0.020367
0.677966, 0.020356
0.677966, 0.020346
0.677966, 0.020336
0.677966, 0.020325
0.677966, 0.020315
0.677966, 0.020305
0.677966, 0.020294
0.677966, 0.020284
0.677966, 0.020274
0.677966, 0.020263
0.677966, 0.020253
0.677966, 0.020243
0.677966, 0.020233
0.677966, 0.020222
0.677966, 0.020212
0.677966, 0.020202
0.677966, 0.020192
0.677966, 0.020182
0.677966, 0.020171
0.677966, 0.020161
0.677966, 0.020151
0.677966, 0.020141
0.677966, 0.020131
0.677966, 0.020121
0.677966, 0.020111
0.677966, 0.020101
0.677966, 0.020090
0.677966, 0.020080
0.677966, 0.020070
0.677966, 0.020060
0.677966, 0.020050
0.677966, 0.020040
0.677966, 0.020030
0.677966, 0.020020
0.677966, 0.020010
0.677966, 0.020000
0.677966, 0.019990
0.677966, 0.019980
0.677966, 0.019970
0.677966, 0.019960
0.677966, 0.019950
0.677966, 0.019940
0.677966, 0.019930
0.677966, 0.019920
0.677966, 0.019910
0.677966, 0.019900
0.677966, 0.019891
0.677966, 0.019881
0.677966, 0.019871
0.677966, 0.019861
0.677966, 0.019851
0.694915, 0.020337
0.694915, 0.020327
0.694915, 0.020317
0.694915, 0.020307
0.694915, 0.020297
0.694915, 0.020287
0.694915, 0.020277
0.694915, 0.020267
0.694915, 0.020257
0.694915, 0.020247
0.694915, 0.020237
0.694915, 0.020227
0.694915, 0.020217
0.694915, 0.020207
0.694915, 0.020197
0.694915, 0.020187
0.694915, 0.020177
0.694915, 0.020167
0.694915, 0.020157
0.694915, 0.020147
0.694915, 0.020138
0.694915, 0.020128
0.694915, 0.020118
0.694915, 0.020108
0.694915, 0.020098
0.694915, 0.020088
0.694915, 0.020078
0.694915, 0.020069
0.694915, 0.020059
0.694915, 0.020049
0.694915, 0.020039
0.694915, 0.020029
0.694915, 0.020020
0.694915, 0.020010
0.694915, 0.020000
0.694915, 0.019990
0.694915, 0.019981
0.694915, 0.019971
0.694915, 0.019961
0.694915, 0.019951
0.694915, 0.019942
0.694915, 0.019932
0.694915, 0.019922
0.694915, 0.019913
0.694915, 0.019903
0.694915, 0.019893
0.694915, 0.019884
0.694915, 0.019874
0.694915, 0.019864
0.694915, 0.019855
0.694915, 0.019845
0.711864, 0.020319
0.711864, 0.020309
0.711864, 0.020300
0.711864, 0.020290
0.711864, 0.020280
0.711864, 0.020270
0.711864, 0.020260
0.711864, 0.020251
0.711864, 0.020241
0.711864, 0.020231
0.711864, 0.020221
0.711864, 0.020212
0.711864, 0.020202
0.711864, 0.020192
0.711864, 0.020183
0.711864, 0.020173
0.711864, 0.020163
0.711864, 0.020154
0.711864, 0.020144
0.711864, 0.020134
0.711864, 0.020125
0.711864, 0.020115
0.711864, 0.020105
0.711864, 0.020096
0.711864, 0.020086
0.711864, 0.020076
0.711864, 0.020067
0.711864, 0.020057
0.711864, 0.020048
0.711864, 0.020038
0.711864, 0.020029
0.711864, 0.020019
0.728814, 0.020486
0.728814, 0.020476
0.728814, 0.020466
0.728814, 0.020457
0.728814, 0.020447
0.728814, 0.020437
0.728814, 0.020428
0.728814, 0.020418
0.728814, 0.020408
0.728814, 0.020398
0.728814, 0.020389
0.728814, 0.020379
0.728814, 0.020369
0.728814, 0.020360
0.728814, 0.020350
0.728814, 0.020341
0.728814, 0.020331
0.728814, 0.020321
0.728814, 0.020312
0.728814, 0.020302
0.728814, 0.020293
0.728814, 0.020283
0.728814, 0.020273
0.728814, 0.020264
0.728814, 0.020254
0.728814, 0.020245
0.728814, 0.020235
0.728814, 0.020226
0.728814, 0.020216
0.728814, 0.020207
0.728814, 0.020197
0.728814, 0.020188
0.728814, 0.020178
0.728814, 0.020169
0.728814, 0.020159
0.728814, 0.020150
0.728814, 0.020141
0.728814, 0.020131
0.728814, 0.020122
0.728814, 0.020112
0.728814, 0.020103
0.728814, 0.020093
0.728814, 0.020084
0.728814, 0.020075
0.728814, 0.020065
0.728814, 0.020056
0.728814, 0.020047
0.728814, 0.020037
0.728814, 0.020028
0.728814, 0.020019
0.728814, 0.020009
0.728814, 0.020000
0.728814, 0.019991
0.728814, 0.019981
0.728814, 0.019972
0.728814, 0.019963
0.728814, 0.019954
0.728814, 0.019944
0.728814, 0.019935
0.728814, 0.019926
0.728814, 0.019917
0.728814, 0.019907
0.728814, 0.019898
0.728814, 0.019889
0.728814, 0.019880
0.728814, 0.019871
0.728814, 0.019861
0.728814, 0.019852
0.728814, 0.019843
0.728814, 0.019834
0.728814, 0.019825
0.728814, 0.019816
0.728814, 0.019807
0.728814, 0.019797
0.728814, 0.019788
0.728814, 0.019779
0.728814, 0.019770
0.728814, 0.019761
0.728814, 0.019752
0.728814, 0.019743
0.728814, 0.019734
0.728814, 0.019725
0.728814, 0.019716
0.728814, 0.019707
0.728814, 0.019698
0.728814, 0.019689
0.728814, 0.019680
0.728814, 0.019671
0.728814, 0.019662
0.728814, 0.019653
0.728814, 0.019644
0.728814, 0.019635
0.728814, 0.019626
0.728814, 0.019617
0.728814, 0.019608
0.728814, 0.019599
0.728814, 0.019590
0.728814, 0.019581
0.728814, 0.019572
0.728814, 0.019563
0.728814, 0.019554
0.728814, 0.019545
0.728814, 0.019537
0.728814, 0.019528
0.728814, 0.019519
0.728814, 0.019510
0.728814, 0.019501
0.728814, 0.019492
0.728814, 0.019483
0.728814, 0.019475
0.728814, 0.019466
0.728814, 0.019457
0.728814, 0.019448
0.728814, 0.019439
0.728814, 0.019431
0.728814, 0.019422
0.728814, 0.019413
0.728814, 0.019404
0.728814, 0.019396
0.728814, 0.019387
0.728814, 0.019378
0.728814, 0.019369
0.728814, 0.019361
0.728814, 0.019352
0.728814, 0.019343
0.728814, 0.019335
0.728814, 0.019326
0.728814, 0.019317
0.728814, 0.019308
0.728814, 0.019300
0.728814, 0.019291
0.728814, 0.019283
0.728814, 0.019274
0.728814, 0.019265
0.728814, 0.019257
0.728814, 0.019248
0.728814, 0.019239
0.728814, 0.019231
0.728814, 0.019222
0.728814, 0.019214
0.728814, 0.019205
0.728814, 0.019196
0.728814, 0.019188
0.728814, 0.019179
0.728814, 0.019171
0.728814, 0.019162
0.728814, 0.019154
0.728814, 0.019145
0.728814, 0.019137
0.728814, 0.019128
0.728814, 0.019120
0.728814, 0.019111
0.728814, 0.019103
0.728814, 0.019094
0.728814, 0.019086
0.728814, 0.019077
0.728814, 0.019069
0.728814, 0.019060
0.728814, 0.019052
0.728814, 0.019043
0.728814, 0.019035
0.728814, 0.019027
0.728814, 0.019018
0.728814, 0.019010
0.728814, 0.019001
0.728814, 0.018993
0.728814, 0.018985
0.728814, 0.018976
0.728814, 0.018968
0.728814, 0.018959
0.728814, 0.018951
0.728814, 0.018943
0.728814, 0.018934
0.728814, 0.018926
0.728814, 0.018918
0.728814, 0.018909
0.728814, 0.018901
0.728814, 0.018893
0.728814, 0.018884
0.728814, 0.018876
0.728814, 0.018868
0.728814, 0.018860
0.728814, 0.018851
0.728814, 0.018843
0.728814, 0.018835
0.728814, 0.018827
0.728814, 0.018818
0.728814, 0.018810
0.728814, 0.018802
0.728814, 0.018794
0.728814, 0.018785
0.728814, 0.018777
0.728814, 0.018769
0.728814, 0.018761
0.728814, 0.018753
0.728814, 0.018745
0.728814, 0.018736
0.728814, 0.018728
0.728814, 0.018720
0.728814, 0.018712
0.728814, 0.018704
0.728814, 0.018696
0.728814, 0.018688
0.728814, 0.018679
0.728814, 0.018671
0.728814, 0.018663
0.728814, 0.018655
0.728814, 0.018647
0.728814, 0.018639
0.728814, 0.018631
0.728814, 0.018623
0.728814, 0.018615
0.728814, 0.018607
0.728814, 0.018599
0.728814, 0.018591
0.728814, 0.018583
0.728814, 0.018575
0.728814, 0.018566
0.728814, 0.018558
0.728814, 0.018550
0.728814, 0.018542
0.728814, 0.018534
0.728814, 0.018526
0.728814, 0.018519
0.728814, 0.018511
0.728814, 0.018503
0.728814, 0.018495
0.728814, 0.018487
0.728814, 0.018479
0.728814, 0.018471
0.728814, 0.018463
0.728814, 0.018455
0.728814, 0.018447
0.728814, 0.018439
0.728814, 0.018431
0.728814, 0.018423
0.728814, 0.018415
0.728814, 0.018408
0.728814, 0.018400
0.728814, 0.018392
0.728814, 0.018384
0.728814, 0.018376
0.728814, 0.018368
0.728814, 0.018360
0.728814, 0.018353
0.728814, 0.018345
0.728814, 0.018337
0.728814, 0.018329
0.728814, 0.018321
0.728814, 0.018313
0.728814, 0.018306
0.728814, 0.018298
0.728814, 0.018290
0.728814, 0.018282
0.728814, 0.018275
0.728814, 0.018267
0.745763, 0.018684
0.745763, 0.018676
0.745763, 0.018668
0.745763, 0.018660
0.745763, 0.018652
0.745763, 0.018644
0.745763, 0.018636
0.745763, 0.018628
0.745763, 0.018620
0.745763, 0.018613
0.745763, 0.018605
0.745763, 0.018597
0.745763, 0.018589
0.745763, 0.018581
0.745763, 0.018573
0.745763, 0.018565
0.745763, 0.018558
0.745763, 0.018550
0.745763, 0.018542
0.745763, 0.018534
0.745763, 0.018526
0.745763, 0.018519
0.745763, 0.018511
0.745763, 0.018503
0.745763, 0.018495
0.745763, 0.018487
0.745763, 0.018480
0.745763, 0.018472
0.745763, 0.018464
0.745763, 0.018456
0.745763, 0.018449
0.745763, 0.018441
0.745763, 0.018433
0.745763, 0.018425
0.745763, 0.018418
0.745763, 0.018410
0.745763, 0.018402
0.745763, 0.018395
0.745763, 0.018387
0.745763, 0.018379
0.745763, 0.018372
0.745763, 0.018364
0.745763, 0.018356
0.745763, 0.018349
0.745763, 0.018341
0.745763, 0.018333
0.745763, 0.018326
0.745763, 0.018318
0.745763, 0.018310
0.745763, 0.018303
0.745763, 0.018295
0.745763, 0.018288
0.745763, 0.018280
0.745763, 0.018272
0.745763, 0.018265
0.745763, 0.018257
0.745763, 0.018250
0.745763, 0.018242
0.745763, 0.018235
0.745763, 0.018227
0.745763, 0.018219
0.745763, 0.018212
0.745763, 0.018204
0.745763, 0.018197
0.745763, 0.018189
0.745763, 0.018182
0.745763, 0.018174
0.745763, 0.018167
0.745763, 0.018159
0.745763, 0.018152
0.745763, 0.018144
0.745763, 0.018137
0.745763, 0.018129
0.745763, 0.018122
0.745763, 0.018114
0.745763, 0.018107
0.745763, 0.018100
0.745763, 0.018092
0.745763, 0.018085
0.745763, 0.018077
0.745763, 0.018070
0.745763, 0.018062
0.745763, 0.018055
0.745763, 0.018048
0.745763, 0.018040
0.745763, 0.018033
0.745763, 0.018025
0.745763, 0.018018
0.745763, 0.018011
0.745763, 0.018003
0.745763, 0.017996
0.745763, 0.017989
0.745763, 0.017981
0.745763, 0.017974
0.745763, 0.017967
0.745763, 0.017959
0.762712, 0.018360
0.762712, 0.018352
0.762712, 0.018345
0.762712, 0.018337
0.762712, 0.018330
0.762712, 0.018322
0.762712, 0.018315
0.762712, 0.018308
0.762712, 0.018300
0.762712, 0.018293
0.762712, 0.018285
0.762712, 0.018278
0.762712, 0.018270
0.762712, 0.018263
0.762712, 0.018256
0.762712, 0.018248
0.762712, 0.018241
0.762712, 0.018233
0.762712, 0.018226
0.762712, 0.018219
0.762712, 0.018211
0.762712, 0.018204
0.762712, 0.018197
0.762712, 0.018189
0.762712, 0.018182
0.762712, 0.018174
0.762712, 0.018167
0.762712, 0.018160
0.762712, 0.018152
0.762712, 0.018145
0.762712, 0.018138
0.762712, 0.018131
0.762712, 0.018123
0.762712, 0.018116
0.762712, 0.018109
0.762712, 0.018101
0.762712, 0.018094
0.762712, 0.018087
0.762712, 0.018080
0.762712, 0.018072
0.762712, 0.018065
0.762712, 0.018058
0.762712, 0.018051
0.762712, 0.018043
0.762712, 0.018036
0.762712, 0.018029
0.762712, 0.018022
0.762712, 0.018014
0.762712, 0.018007
0.762712, 0.018000
0.762712, 0.017993
0.762712, 0.017986
0.762712, 0.017978
0.762712, 0.017971
0.762712, 0.017964
0.762712, 0.017957
0.762712, 0.017950
0.762712, 0.017943
0.762712, 0.017935
0.762712, 0.017928
0.762712, 0.017921
0.762712, 0.017914
0.762712, 0.017907
0.762712, 0.017900
0.762712, 0.017893
0.762712, 0.017886
0.762712, 0.017878
0.762712, 0.017871
0.762712, 0.017864
0.762712, 0.017857
0.762712, 0.017850
0.762712, 0.017843
0.762712, 0.017836
0.762712, 0.017829
0.762712, 0.017822
0.762712, 0.017815
0.762712, 0.017808
0.762712, 0.017801
0.762712, 0.017794
0.762712, 0.017787
0.762712, 0.017780
0.762712, 0.017773
0.762712, 0.017765
0.762712, 0.017758
0.762712, 0.017751
0.762712, 0.017744
0.762712, 0.017737
0.762712, 0.017730
0.762712, 0.017724
0.762712, 0.017717
0.762712, 0.017710
0.762712, 0.017703
0.762712, 0.017696
0.762712, 0.017689
0.762712, 0.017682
0.762712, 0.017675
0.762712, 0.017668
0.762712, 0.017661
0.762712, 0.017654
0.762712, 0.017647
0.762712, 0.017640
0.762712, 0.017633
0.779661, 0.018018
0.779661, 0.018011
0.779661, 0.018004
0.779661, 0.017997
0.779661, 0.017990
0.779661, 0.017983
0.779661, 0.017976
0.779661, 0.017969
0.779661, 0.017962
0.779661, 0.017955
0.779661, 0.017948
0.779661, 0.017941
0.779661, 0.017934
0.779661, 0.017927
0.779661, 0.017920
0.779661, 0.017913
0.779661, 0.017906
0.779661, 0.017899
0.779661, 0.017892
0.779661, 0.017885
0.779661, 0.017878
0.779661, 0.017871
0.779661, 0.017864
0.779661, 0.017857
0.779661, 0.017850
0.779661, 0.017843
0.779661, 0.017836
0.779661, 0.017829
0.779661, 0.017823
0.779661, 0.017816
0.779661, 0.017809
0.779661, 0.017802
0.779661, 0.017795
0.779661, 0.017788
0.779661, 0.017781
0.779661, 0.017774
0.779661, 0.017767
0.779661, 0.017761
0.779661, 0.017754
0.779661, 0.017747
0.779661, 0.017740
0.779661, 0.017733
0.779661, 0.017726
0.779661, 0.017720
0.779661, 0.017713
0.779661, 0.017706
0.779661, 0.017699
0.779661, 0.017692
0.779661, 0.017686
0.779661, 0.017679
0.779661, 0.017672
0.779661, 0.017665
0.779661, 0.017658
0.779661, 0.017652
0.779661, 0.017645
0.779661, 0.017638
0.779661, 0.017631
0.779661, 0.017625
0.779661, 0.017618
0.779661, 0.017611
0.779661, 0.017604
0.779661, 0.017598
0.779661, 0.017591
0.779661, 0.017584
0.779661, 0.017577
0.779661, 0.017571
0.779661, 0.017564
0.779661, 0.017557
0.779661, 0.017551
0.779661, 0.017544
0.779661, 0.017537
0.779661, 0.017530
0.779661, 0.017524
0.779661, 0.017517
0.779661, 0.017510
0.779661, 0.017504
0.779661, 0.017497
0.779661, 0.017490
0.779661, 0.017484
0.779661, 0.017477
0.779661, 0.017471
0.779661, 0.017464
0.779661, 0.017457
0.779661, 0.017451
0.779661, 0.017444
0.779661, 0.017437
0.779661, 0.017431
0.779661, 0.017424
0.779661, 0.017418
0.779661, 0.017411
0.779661, 0.017404
0.779661, 0.017398
0.779661, 0.017391
0.779661, 0.017385
0.779661, 0.017378
0.779661, 0.017372
0.779661, 0.017365
0.779661, 0.017358
0.779661, 0.017352
0.779661, 0.017345
0.779661, 0.017339
0.779661, 0.017332
0.779661, 0.017326
0.779661, 0.017319
0.779661, 0.017313
0.779661, 0.017306
0.779661, 0.017300
0.796610, 0.017669
0.796610, 0.017663
0.796610, 0.017656
0.796610, 0.017649
0.796610, 0.017643
0.796610, 0.017636
0.796610, 0.017629
0.796610, 0.017623
0.796610, 0.017616
0.796610, 0.017610
0.796610, 0.017603
0.796610, 0.017596
0.796610, 0.017590
0.796610, 0.017583
0.796610, 0.017577
0.796610, 0.017570
0.796610, 0.017564
0.796610, 0.017557
0.796610, 0.017550
0.796610, 0.017544
0.796610, 0.017537
0.796610, 0.017531
0.796610, 0.017524
0.796610, 0.017518
0.796610, 0.017511
0.796610, 0.017505
0.796610, 0.017498
0.796610, 0.017492
0.796610, 0.017485
0.796610, 0.017479
0.796610, 0.017472
0.796610, 0.017466
0.796610, 0.017459
0.796610, 0.017453
0.796610, 0.017446
0.796610, 0.017440
0.796610, 0.017433
0.796610, 0.017427
0.796610, 0.017420
0.796610, 0.017414
0.796610, 0.017407
0.796610, 0.017401
0.796610, 0.017395
0.796610, 0.017388
0.796610, 0.017382
0.796610, 0.017375
0.796610, 0.017369
0.796610, 0.017362
0.796610, 0.017356
0.796610, 0.017350
0.796610, 0.017343
0.796610, 0.017337
0.796610, 0.017330
0.796610, 0.017324
0.796610, 0.017318
0.796610, 0.017311
0.796610, 0.017305
0.796610, 0.017298
0.796610, 0.017292
0.796610, 0.017286
0.796610, 0.017279
0.796610, 0.017273
0.796610, 0.017267
0.796610, 0.017260
0.796610, 0.017254
0.796610, 0.017248
0.796610, 0.017241
0.796610, 0.017235
0.796610, 0.017229
0.796610, 0.017222
0.796610, 0.017216
0.796610, 0.017210
0.796610, 0.017204
0.796610, 0.017197
0.796610, 0.017191
0.796610, 0.017185
0.796610, 0.017178
0.796610, 0.017172
0.796610, 0.017166
0.796610, 0.017160
0.796610, 0.017153
0.796610, 0.017147
0.796610, 0.017141
0.796610, 0.017135
0.796610, 0.017128
0.796610, 0.017122
0.796610, 0.017116
0.813559, 0.017474
0.813559, 0.017467
0.813559, 0.017461
0.813559, 0.017455
0.813559, 0.017448
0.813559, 0.017442
0.813559, 0.017436
0.813559, 0.017429
0.813559, 0.017423
0.813559, 0.017417
0.813559, 0.017410
0.813559, 0.017404
0.813559, 0.017398
0.813559, 0.017391
0.813559, 0.017385
0.813559, 0.017379
0.813559, 0.017372
0.813559, 0.017366
0.813559, 0.017360
0.813559, 0.017354
0.813559, 0.017347
0.813559, 0.017341
0.813559, 0.017335
0.813559, 0.017329
0.813559, 0.017322
0.813559, 0.017316
0.813559, 0.017310
0.813559, 0.017304
0.813559, 0.017297
0.813559, 0.017291
0.813559, 0.017285
0.813559, 0.017279
0.813559, 0.017272
0.813559, 0.017266
0.813559, 0.017260
0.813559, 0.017254
0.813559, 0.017248
0.813559, 0.017241
0.813559, 0.017235
0.813559, 0.017229
0.813559, 0.017223
0.813559, 0.017217
0.813559, 0.017210
0.813559, 0.017204
0.813559, 0.017198
0.813559, 0.017192
0.813559, 0.017186
0.813559, 0.017180
0.813559, 0.017174
0.813559, 0.017167
0.813559, 0.017161
0.813559, 0.017155
0.813559, 0.017149
0.813559, 0.017143
0.813559, 0.017137
0.813559, 0.017131
0.813559, 0.017125
0.813559, 0.017118
0.813559, 0.017112
0.813559, 0.017106
0.813559, 0.017100
0.813559, 0.017094
0.813559, 0.017088
0.813559, 0.017082
0.813559, 0.017076
0.813559, 0.017070
0.813559, 0.017064
0.813559, 0.017058
0.813559, 0.017052
0.813559, 0.017045
0.813559, 0.017039
0.813559, 0.017033
0.813559, 0.017027
0.813559, 0.017021
0.813559, 0.017015
0.813559, 0.017009
0.813559, 0.017003
0.813559, 0.016997
0.813559, 0.016991
0.813559, 0.016985
0.813559, 0.016979
0.813559, 0.016973
0.813559, 0.016967
0.813559, 0.016961
0.813559, 0.016955
0.813559, 0.016949
0.813559, 0.016943
0.813559, 0.016937
0.830508, 0.017284
0.830508, 0.017278
0.830508, 0.017272
0.830508, 0.017266
0.830508, 0.017260
0.830508, 0.017254
0.830508, 0.017247
0.830508, 0.017241
0.830508, 0.017235
0.830508, 0.017229
0.830508, 0.017223
0.830508, 0.017217
0.830508, 0.017211
0.830508, 0.017205
0.830508, 0.017199
0.830508, 0.017193
0.830508, 0.017187
0.830508, 0.017181
0.830508, 0.017175
0.830508, 0.017169
0.830508, 0.017163
0.830508, 0.017157
0.830508, 0.017151
0.830508, 0.017145
0.830508, 0.017139
0.830508, 0.017133
0.830508, 0.017127
0.830508, 0.017121
0.830508, 0.017115
0.830508, 0.017109
0.830508, 0.017103
0.830508, 0.017097
0.830508, 0.017091
0.830508, 0.017085
0.830508, 0.017079
0.830508, 0.017073
0.830508, 0.017067
0.830508, 0.017061
0.830508, 0.017055
0.830508, 0.017049
0.830508, 0.017043
0.830508, 0.017038
0.830508, 0.017032
0.830508, 0.017026
0.830508, 0.017020
0.830508, 0.017014
0.830508, 0.017008
0.830508, 0.017002
0.830508, 0.016996
0.830508, 0.016990
0.830508, 0.016984
0.830508, 0.016979
0.830508, 0.016973
0.830508, 0.016967
0.830508, 0.016961
0.830508, 0.016955
0.830508, 0.016949
0.830508, 0.016943
0.830508, 0.016937
0.830508, 0.016932
0.830508, 0.016926
0.830508, 0.016920
0.830508, 0.016914
0.830508, 0.016908
0.830508, 0.016902
0.830508, 0.016897
0.830508, 0.016891
0.830508, 0.016885
0.830508, 0.016879
0.830508, 0.016873
0.847458, 0.017212
0.847458, 0.017206
0.847458, 0.017200
0.847458, 0.017194
0.847458, 0.017188
0.847458, 0.017182
0.847458, 0.017176
0.847458, 0.017170
0.847458, 0.017164
0.847458, 0.017159
0.847458, 0.017153
0.847458, 0.017147
0.847458, 0.017141
0.847458, 0.017135
0.847458, 0.017129
0.847458, 0.017123
0.847458, 0.017117
0.847458, 0.017112
0.847458, 0.017106
0.847458, 0.017100
0.847458, 0.017094
0.847458, 0.017088
0.847458, 0.017082
0.847458, 0.017077
0.847458, 0.017071
0.847458, 0.017065
0.847458, 0.017059
0.847458, 0.017053
0.847458, 0.017047
0.847458, 0.017042
0.847458, 0.017036
0.847458, 0.017030
0.847458, 0.017024
0.847458, 0.017018
0.847458, 0.017013
0.847458, 0.017007
0.847458, 0.017001
0.847458, 0.016995
0.847458, 0.016989
0.847458, 0.016984
0.847458, 0.016978
0.847458, 0.016972
0.847458, 0.016966
0.847458, 0.016961
0.847458, 0.016955
0.847458, 0.016949
0.847458, 0.016943
0.847458, 0.016938
0.847458, 0.016932
0.847458, 0.016926
0.847458, 0.016920
0.847458, 0.016915
0.847458, 0.016909
0.847458, 0.016903
0.847458, 0.016898
0.847458, 0.016892
0.847458, 0.016886
0.847458, 0.016880
0.847458, 0.016875
0.847458, 0.016869
0.847458, 0.016863
0.847458, 0.016858
0.847458, 0.016852
0.847458, 0.016846
0.847458, 0.016841
0.847458, 0.016835
0.847458, 0.016829
0.847458, 0.016824
0.847458, 0.016818
0.847458, 0.016812
0.847458, 0.016807
0.847458, 0.016801
0.847458, 0.016795
0.847458, 0.016790
0.864407, 0.017120
0.864407, 0.017114
0.864407, 0.017108
0.864407, 0.017103
0.864407, 0.017097
0.864407, 0.017091
0.864407, 0.017085
0.864407, 0.017080
0.864407, 0.017074
0.864407, 0.017068
0.864407, 0.017063
0.864407, 0.017057
0.864407, 0.017051
0.864407, 0.017045
0.864407, 0.017040
0.864407, 0.017034
0.864407, 0.017028
0.864407, 0.017023
0.864407, 0.017017
0.864407, 0.017011
0.864407, 0.017006
0.864407, 0.017000
0.864407, 0.016994
0.864407, 0.016989
0.864407, 0.016983
0.864407, 0.016977
0.864407, 0.016972
0.881356, 0.017299
0.881356, 0.017293
0.898305, 0.017620
0.898305, 0.017614
0.898305, 0.017608
0.898305, 0.017602
0.898305, 0.017596
0.898305, 0.017590
0.898305, 0.017585
0.898305, 0.017579
0.898305, 0.017573
0.898305, 0.017567
0.898305, 0.017561
0.898305, 0.017555
0.898305, 0.017550
0.898305, 0.017544
0.898305, 0.017538
0.898305, 0.017532
0.898305, 0.017526
0.898305, 0.017521
0.898305, 0.017515
0.898305, 0.017509
0.898305, 0.017503
0.898305, 0.017498
0.898305, 0.017492
0.898305, 0.017486
0.898305, 0.017480
0.898305, 0.017474
0.898305, 0.017469
0.898305, 0.017463
0.898305, 0.017457
0.898305, 0.017451
0.898305, 0.017446
0.898305, 0.017440
0.898305, 0.017434
0.898305, 0.017428
0.898305, 0.017423
0.898305, 0.017417
0.898305, 0.017411
0.898305, 0.017406
0.898305, 0.017400
0.898305, 0.017394
0.898305, 0.017388
0.898305, 0.017383
0.898305, 0.017377
0.898305, 0.017371
0.898305, 0.017366
0.915254, 0.017688
0.915254, 0.017682
0.915254, 0.017676
0.915254, 0.017670
0.915254, 0.017664
0.915254, 0.017659
0.932203, 0.017980
0.932203, 0.017974
0.932203, 0.017968
0.932203, 0.017962
0.932203, 0.017956
0.932203, 0.017950
0.932203, 0.017945
0.932203, 0.017939
0.932203, 0.017933
0.932203, 0.017927
0.932203, 0.017921
0.932203, 0.017915
0.932203, 0.017909
0.932203, 0.017904
0.932203, 0.017898
0.932203, 0.017892
0.932203, 0.017886
0.932203, 0.017880
0.932203, 0.017875
0.932203, 0.017869
0.932203, 0.017863
0.932203, 0.017857
0.932203, 0.017851
0.932203, 0.017846
0.932203, 0.017840
0.949153, 0.018158
0.949153, 0.018152
0.949153, 0.018146
0.949153, 0.018141
0.949153, 0.018135
0.949153, 0.018129
0.949153, 0.018123
0.949153, 0.018117
0.949153, 0.018111
0.949153, 0.018105
0.949153, 0.018100
0.949153, 0.018094
0.949153, 0.018088
0.949153, 0.018082
0.949153, 0.018076
0.949153, 0.018070
0.949153, 0.018065
0.949153, 0.018059
0.949153, 0.018053
0.949153, 0.018047
0.949153, 0.018041
0.949153, 0.018035
0.949153, 0.018030
0.949153, 0.018024
0.949153, 0.018018
0.966102, 0.018334
0.983051, 0.018650
0.983051, 0.018644
0.983051, 0.018638
0.983051, 0.018632
0.983051, 0.018626
0.983051, 0.018620
1.000000, 0.018935
