0.0429 0.008620689655172414 0.0
0.0487 0.025862068965517244 0.0
0.0545 0.021551724137931036 0.0
0.060300000000000006 0.030172413793103453 0.0
0.0661 0.017241379310344827 0.0
0.0719 0.021551724137931036 0.0
0.0777 0.025862068965517244 0.0
0.0835 0.03879310344827587 0.0
0.0893 0.021551724137931036 0.0
0.0951 0.017241379310344827 0.0
0.1009 0.03448275862068966 0.0
0.10670000000000002 0.01293103448275862 0.0
0.11250000000000002 0.04741379310344829 0.0
0.11830000000000002 0.021551724137931036 0.0
0.12410000000000002 0.030172413793103453 0.0
0.12990000000000002 0.03879310344827587 0.0
0.13570000000000002 0.025862068965517244 0.0
0.14150000000000001 0.025862068965517244 0.0
0.14730000000000001 0.03879310344827587 0.0
0.1531 0.021551724137931036 0.0
0.1589 0.008620689655172414 0.004310344827586207
0.1647 0.021551724137931036 0.004310344827586207
0.1705 0.017241379310344827 0.0
0.1763 0.01293103448275862 0.0
0.1821 0.021551724137931036 0.0
0.1879 0.01293103448275862 0.0
0.1937 0.021551724137931036 0.0
0.1995 0.030172413793103453 0.0
0.2053 0.04310344827586208 0.0
0.2111 0.021551724137931036 0.0
0.2169 0.004310344827586207 0.0
0.2227 0.021551724137931036 0.0
0.22850000000000004 0.008620689655172414 0.0
0.23430000000000004 0.01293103448275862 0.0
0.24010000000000004 0.021551724137931036 0.0
0.24590000000000004 0.056034482758620704 0.0
0.25170000000000003 0.017241379310344827 0.0
0.2575 0.025862068965517244 0.0
0.26330000000000003 0.008620689655172414 0.0
0.2691 0.008620689655172414 0.0
0.27490000000000003 0.008620689655172414 0.0
0.2807 0.004310344827586207 0.0
0.28650000000000003 0.004310344827586207 0.004310344827586207
0.2923 0.004310344827586207 0.004310344827586207
0.2981 0.0 0.0
0.3039 0.004310344827586207 0.0
0.3097 0.0 0.0
0.3155 0.0 0.0
0.32130000000000003 0.004310344827586207 0.0
0.3271 0.008620689655172414 0.0
0.33290000000000003 0.0 0.0
0.3387 0.004310344827586207 0.0
0.34450000000000003 0.0 0.0
0.3503 0.0 0.0
0.3561 0.004310344827586207 0.0
0.3619 0.0 0.0
0.3677 0.0 0.0
0.3735 0.0 0.0
0.3793 0.0 0.0
0.3851 0.0 0.0
0.3909 0.0 0.0
0.3967 0.0 0.0
0.4025 0.0 0.0
0.4083 0.0 0.0
0.4141 0.0 0.0
0.4199 0.0 0.0
0.4257 0.0 0.0
0.4315 0.0 0.0
0.4373 0.0 0.0
0.4431 0.0 0.0
0.4489 0.0 0.0
0.4547 0.0 0.0
0.4605 0.0 0.0
0.4663 0.0 0.0
0.4721 0.0 0.0
0.4779 0.0 0.0
0.4837 0.0 0.0
0.4895 0.0 0.0
0.4953 0.0 0.004310344827586207
0.5011 0.0 0.008620689655172414
