ROC-AUC score 0.849708
0.000000, 0.000000
0.268800, 0.950000
0.270400, 0.950000
0.271400, 0.950000
0.272000, 0.950000
0.273000, 0.950000
0.273200, 0.950000
0.273600, 0.950000
0.274000, 0.950000
0.274800, 0.950000
0.275800, 0.950000
0.276000, 0.950000
0.276400, 0.950000
0.277400, 0.950000
0.278400, 0.950000
0.279400, 0.950000
0.279600, 0.950000
0.279800, 0.950000
0.280200, 0.950000
0.280600, 0.950000
0.281400, 0.950000
0.281600, 0.950000
0.282200, 0.950000
0.282400, 0.950000
0.282600, 0.950000
0.282800, 0.950000
0.283000, 0.950000
0.284000, 0.950000
0.284800, 0.950000
0.285400, 0.950000
0.285600, 0.950000
0.285800, 0.950000
0.285800, 0.960000
0.286000, 0.960000
0.286200, 0.960000
0.286400, 0.960000
0.286600, 0.960000
0.286800, 0.960000
0.287000, 0.960000
0.287200, 0.960000
0.287600, 0.960000
0.288000, 0.960000
0.288200, 0.960000
0.288400, 0.960000
0.288600, 0.960000
0.288800, 0.960000
0.289000, 0.960000
0.289600, 0.960000
0.290000, 0.960000
0.290400, 0.960000
0.290600, 0.960000
0.290800, 0.960000
0.291000, 0.960000
0.291600, 0.960000
0.291800, 0.960000
0.292000, 0.960000
0.292200, 0.960000
0.292600, 0.960000
0.292800, 0.960000
0.293000, 0.960000
0.293200, 0.960000
0.293400, 0.960000
0.293600, 0.960000
0.293800, 0.960000
0.294200, 0.960000
0.294400, 0.960000
0.294800, 0.960000
0.295200, 0.960000
0.295400, 0.960000
0.295600, 0.960000
0.295800, 0.960000
0.296000, 0.960000
0.296200, 0.960000
0.296400, 0.960000
0.296800, 0.960000
0.297000, 0.960000
0.297200, 0.960000
0.297400, 0.960000
0.297600, 0.960000
0.297800, 0.960000
0.298200, 0.960000
0.298400, 0.960000
0.298600, 0.960000
0.299200, 0.960000
0.299400, 0.960000
0.299600, 0.960000
0.299800, 0.960000
0.300000, 0.960000
0.300200, 0.960000
0.300600, 0.960000
0.300800, 0.960000
0.301000, 0.960000
0.301200, 0.960000
0.301600, 0.960000
0.301800, 0.960000
0.302000, 0.960000
0.302200, 0.960000
0.302400, 0.960000
0.302600, 0.960000
0.302800, 0.960000
0.303200, 0.960000
0.303600, 0.960000
0.303800, 0.960000
0.304000, 0.960000
0.304400, 0.960000
0.304600, 0.960000
0.304800, 0.960000
0.305000, 0.960000
0.305200, 0.960000
0.305400, 0.960000
0.305600, 0.960000
0.306000, 0.960000
0.306200, 0.960000
0.306400, 0.960000
0.306600, 0.960000
0.306800, 0.960000
0.307000, 0.960000
0.307200, 0.960000
0.307600, 0.960000
0.307800, 0.960000
0.308200, 0.960000
0.308400, 0.960000
0.308600, 0.960000
0.308800, 0.960000
0.309000, 0.960000
0.309200, 0.960000
0.309400, 0.960000
0.309600, 0.960000
0.309800, 0.960000
0.310000, 0.960000
0.310200, 0.960000
0.310400, 0.960000
0.310600, 0.960000
0.310800, 0.960000
0.311000, 0.960000
0.311200, 0.960000
0.311600, 0.960000
0.311800, 0.960000
0.312000, 0.960000
0.312200, 0.960000
0.312400, 0.960000
0.312800, 0.960000
0.313000, 0.960000
0.313200, 0.960000
0.313400, 0.960000
0.313600, 0.960000
0.313800, 0.960000
0.314000, 0.960000
0.314200, 0.960000
0.314400, 0.960000
0.314600, 0.960000
0.314800, 0.960000
0.315000, 0.960000
0.315200, 0.960000
0.315400, 0.960000
0.315600, 0.960000
0.315800, 0.960000
0.316000, 0.960000
0.316200, 0.960000
0.316400, 0.960000
0.316600, 0.960000
0.316800, 0.960000
0.317000, 0.960000
0.317200, 0.960000
0.317400, 0.960000
0.317600, 0.960000
0.317800, 0.960000
0.318200, 0.960000
0.318400, 0.960000
0.318600, 0.960000
0.318800, 0.960000
0.319000, 0.960000
0.319200, 0.960000
0.319400, 0.960000
0.319800, 0.960000
0.320000, 0.960000
0.320200, 0.960000
0.320400, 0.960000
0.320600, 0.960000
0.320800, 0.960000
0.321000, 0.960000
0.321200, 0.960000
0.321400, 0.960000
0.321800, 0.960000
0.322000, 0.960000
0.322200, 0.960000
0.322400, 0.960000
0.322600, 0.960000
0.322800, 0.960000
0.323000, 0.960000
0.323200, 0.960000
0.323400, 0.960000
0.323800, 0.960000
0.324000, 0.960000
0.324200, 0.960000
0.324400, 0.960000
0.324600, 0.960000
0.324800, 0.960000
0.325000, 0.960000
0.325200, 0.960000
0.325400, 0.960000
0.325600, 0.960000
0.325800, 0.960000
0.326000, 0.960000
0.326200, 0.960000
0.326400, 0.960000
0.326600, 0.960000
0.326800, 0.960000
0.327000, 0.960000
0.327200, 0.960000
0.327400, 0.960000
0.327600, 0.960000
0.327800, 0.960000
0.328000, 0.960000
0.328200, 0.960000
0.328400, 0.960000
0.328600, 0.960000
0.328800, 0.960000
0.329000, 0.960000
0.329200, 0.960000
0.329400, 0.960000
0.329600, 0.960000
0.329800, 0.960000
0.330000, 0.960000
0.330200, 0.960000
0.330400, 0.960000
0.330600, 0.960000
0.330800, 0.960000
0.331000, 0.960000
0.331200, 0.960000
0.331600, 0.960000
0.331800, 0.960000
0.332000, 0.960000
0.332200, 0.960000
0.332400, 0.960000
0.332600, 0.960000
0.332800, 0.960000
0.333000, 0.960000
0.333200, 0.960000
0.333400, 0.960000
0.333600, 0.960000
0.333800, 0.960000
0.334000, 0.960000
0.334200, 0.960000
0.334400, 0.960000
0.334600, 0.960000
0.334800, 0.960000
0.335000, 0.960000
0.335200, 0.960000
0.335400, 0.960000
0.335600, 0.960000
0.335800, 0.960000
0.336000, 0.960000
0.336200, 0.960000
0.336400, 0.960000
0.336600, 0.960000
0.336800, 0.960000
0.337000, 0.960000
0.337200, 0.960000
0.337400, 0.960000
0.337600, 0.960000
0.337800, 0.960000
0.338000, 0.960000
0.338200, 0.960000
0.338400, 0.960000
0.338600, 0.960000
0.338800, 0.960000
0.339000, 0.960000
0.339200, 0.960000
0.339400, 0.960000
0.339600, 0.960000
0.339800, 0.960000
0.340000, 0.960000
0.340200, 0.960000
0.340400, 0.960000
0.340600, 0.960000
0.340800, 0.960000
0.341000, 0.960000
0.341200, 0.960000
0.341400, 0.960000
0.341600, 0.960000
0.341800, 0.960000
0.342000, 0.960000
0.342200, 0.960000
0.342400, 0.960000
0.342600, 0.960000
0.342800, 0.960000
0.343000, 0.960000
0.343200, 0.960000
0.343400, 0.960000
0.343600, 0.960000
0.343800, 0.960000
0.344000, 0.960000
0.344200, 0.960000
0.344400, 0.960000
0.344600, 0.960000
0.344800, 0.960000
0.345000, 0.960000
0.345200, 0.960000
0.345400, 0.960000
0.345600, 0.960000
0.345800, 0.960000
0.346000, 0.960000
0.346200, 0.960000
0.346400, 0.960000
0.346600, 0.960000
0.346800, 0.960000
0.347000, 0.960000
0.347200, 0.960000
0.347400, 0.960000
0.347600, 0.960000
0.347800, 0.960000
0.348000, 0.960000
0.348200, 0.960000
0.348400, 0.960000
0.348600, 0.960000
0.348800, 0.960000
0.349000, 0.960000
0.349200, 0.960000
0.349400, 0.960000
0.349600, 0.960000
0.349800, 0.960000
0.350000, 0.960000
0.350200, 0.960000
0.350400, 0.960000
0.350600, 0.960000
0.350800, 0.960000
0.351000, 0.960000
0.351200, 0.960000
0.351400, 0.960000
0.351600, 0.960000
0.351800, 0.960000
0.352000, 0.960000
0.352200, 0.960000
0.352400, 0.960000
0.352600, 0.960000
0.352800, 0.960000
0.353000, 0.960000
0.353200, 0.960000
0.353400, 0.960000
0.353600, 0.960000
0.353800, 0.960000
0.354000, 0.960000
0.354200, 0.960000
0.354400, 0.960000
0.354600, 0.960000
0.354800, 0.960000
0.355000, 0.960000
0.355200, 0.960000
0.355400, 0.960000
0.355600, 0.960000
0.355800, 0.960000
0.356000, 0.960000
0.356200, 0.960000
0.356400, 0.960000
0.356600, 0.960000
0.356800, 0.960000
0.357000, 0.960000
0.357200, 0.960000
0.357400, 0.960000
0.357600, 0.960000
0.357800, 0.960000
0.358000, 0.960000
0.358200, 0.960000
0.358400, 0.960000
0.358600, 0.960000
0.358800, 0.960000
0.359000, 0.960000
0.359200, 0.960000
0.359400, 0.960000
0.359600, 0.960000
0.359800, 0.960000
0.360000, 0.960000
0.360200, 0.960000
0.360400, 0.960000
0.360600, 0.960000
0.360800, 0.960000
0.361000, 0.960000
0.361200, 0.960000
0.361400, 0.960000
0.361600, 0.960000
0.361800, 0.960000
0.362000, 0.960000
0.362200, 0.960000
0.362400, 0.960000
0.362600, 0.960000
0.362800, 0.960000
0.363000, 0.960000
0.363200, 0.960000
0.363400, 0.960000
0.363600, 0.960000
0.363800, 0.960000
0.364000, 0.960000
0.364200, 0.960000
0.364400, 0.960000
0.364600, 0.960000
0.364800, 0.960000
0.365000, 0.960000
0.365200, 0.960000
0.365400, 0.960000
0.365600, 0.960000
0.365800, 0.960000
0.366000, 0.960000
0.366200, 0.960000
0.366400, 0.960000
0.366600, 0.960000
0.366800, 0.960000
0.367000, 0.960000
0.367200, 0.960000
0.367400, 0.960000
0.367600, 0.960000
0.367800, 0.960000
0.368000, 0.960000
0.368200, 0.960000
0.368400, 0.960000
0.368600, 0.960000
0.368800, 0.960000
0.369000, 0.960000
0.369200, 0.960000
0.369400, 0.960000
0.369600, 0.960000
0.369800, 0.960000
0.370000, 0.960000
0.370200, 0.960000
0.370400, 0.960000
0.370600, 0.960000
0.370800, 0.960000
0.371000, 0.960000
0.371200, 0.960000
0.371400, 0.960000
0.371600, 0.960000
0.371800, 0.960000
0.372000, 0.960000
0.372200, 0.960000
0.372400, 0.960000
0.372600, 0.960000
0.372800, 0.960000
0.373000, 0.960000
0.373200, 0.960000
0.373400, 0.960000
0.373600, 0.960000
0.373800, 0.960000
0.374000, 0.960000
0.374200, 0.960000
0.374400, 0.960000
0.374600, 0.960000
0.374800, 0.960000
0.375000, 0.960000
0.375200, 0.960000
0.375400, 0.960000
0.375600, 0.960000
0.375800, 0.960000
0.376000, 0.960000
0.376200, 0.960000
0.376400, 0.960000
0.376600, 0.960000
0.376800, 0.960000
0.377000, 0.960000
0.377200, 0.960000
0.377400, 0.960000
0.377600, 0.960000
0.377800, 0.960000
0.378000, 0.960000
0.378400, 0.960000
0.378600, 0.960000
0.378800, 0.960000
0.379000, 0.960000
0.379200, 0.960000
0.379400, 0.960000
0.379600, 0.960000
0.379800, 0.960000
0.380000, 0.960000
0.380200, 0.960000
0.380400, 0.960000
0.380600, 0.960000
0.380800, 0.960000
0.381000, 0.960000
0.381200, 0.960000
0.381400, 0.960000
0.381600, 0.960000
0.381800, 0.960000
0.382000, 0.960000
0.382200, 0.960000
0.382400, 0.960000
0.382600, 0.960000
0.382800, 0.960000
0.383000, 0.960000
0.383200, 0.960000
0.383400, 0.960000
0.383600, 0.960000
0.383800, 0.960000
0.384000, 0.960000
0.384200, 0.960000
0.384400, 0.960000
0.384600, 0.960000
0.384800, 0.960000
0.385000, 0.960000
0.385200, 0.960000
0.385400, 0.960000
0.385600, 0.960000
0.385800, 0.960000
0.386000, 0.960000
0.386200, 0.960000
0.386400, 0.960000
0.386600, 0.960000
0.386800, 0.960000
0.387000, 0.960000
0.387200, 0.960000
0.387400, 0.960000
0.387600, 0.960000
0.387800, 0.960000
0.388000, 0.960000
0.388200, 0.960000
0.388400, 0.960000
0.388600, 0.960000
0.388800, 0.960000
0.389000, 0.960000
0.389200, 0.960000
0.389400, 0.960000
0.389600, 0.960000
0.389800, 0.960000
0.390000, 0.960000
0.390200, 0.960000
0.390400, 0.960000
0.390600, 0.960000
0.390800, 0.960000
0.390800, 0.970000
0.391000, 0.970000
0.391200, 0.970000
0.391400, 0.970000
0.391600, 0.970000
0.391800, 0.970000
0.392000, 0.970000
0.392200, 0.970000
0.392400, 0.970000
0.392600, 0.970000
0.392800, 0.970000
0.393000, 0.970000
0.393200, 0.970000
0.393400, 0.970000
0.393600, 0.970000
0.393800, 0.970000
0.394000, 0.970000
0.394200, 0.970000
0.394400, 0.970000
0.394600, 0.970000
0.394800, 0.970000
0.395000, 0.970000
0.395200, 0.970000
0.395400, 0.970000
0.395600, 0.970000
0.395800, 0.970000
0.396000, 0.970000
0.396200, 0.970000
0.396400, 0.970000
0.396600, 0.970000
0.396800, 0.970000
0.397000, 0.970000
0.397200, 0.970000
0.397400, 0.970000
0.397600, 0.970000
0.397800, 0.970000
0.398000, 0.970000
0.398200, 0.970000
0.398400, 0.970000
0.398600, 0.970000
0.398800, 0.970000
0.399000, 0.970000
0.399200, 0.970000
0.399400, 0.970000
0.399600, 0.970000
0.399800, 0.970000
0.400000, 0.970000
0.400200, 0.970000
0.400400, 0.970000
0.400600, 0.970000
0.400800, 0.970000
0.401000, 0.970000
0.401200, 0.970000
0.401400, 0.970000
0.401600, 0.970000
0.401800, 0.970000
0.402000, 0.970000
0.402200, 0.970000
0.402400, 0.970000
0.402600, 0.970000
0.402800, 0.970000
0.403000, 0.970000
0.403200, 0.970000
0.403400, 0.970000
0.403600, 0.970000
0.403800, 0.970000
0.404000, 0.970000
0.404200, 0.970000
0.404400, 0.970000
0.404600, 0.970000
0.404800, 0.970000
0.405000, 0.970000
0.405200, 0.970000
0.405400, 0.970000
0.405600, 0.970000
0.405800, 0.970000
0.406000, 0.970000
0.406200, 0.970000
0.406400, 0.970000
0.406600, 0.970000
0.406800, 0.970000
0.407000, 0.970000
0.407200, 0.970000
0.407400, 0.970000
0.407600, 0.970000
0.407800, 0.970000
0.408000, 0.970000
0.408200, 0.970000
0.408400, 0.970000
0.408600, 0.970000
0.408800, 0.970000
0.409000, 0.970000
0.409200, 0.970000
0.409400, 0.970000
0.409600, 0.970000
0.409800, 0.970000
0.410000, 0.970000
0.410200, 0.970000
0.410400, 0.970000
0.410600, 0.970000
0.410800, 0.970000
0.411000, 0.970000
0.411200, 0.970000
0.411400, 0.970000
0.411600, 0.970000
0.411800, 0.970000
0.412200, 0.970000
0.412400, 0.970000
0.412600, 0.970000
0.412800, 0.970000
0.413000, 0.970000
0.413200, 0.970000
0.413400, 0.970000
0.413600, 0.970000
0.413800, 0.970000
0.414000, 0.970000
0.414200, 0.970000
0.414400, 0.970000
0.414600, 0.970000
0.414800, 0.970000
0.415000, 0.970000
0.415200, 0.970000
0.415400, 0.970000
0.415600, 0.970000
0.415800, 0.970000
0.416000, 0.970000
0.416200, 0.970000
0.416400, 0.970000
0.416600, 0.970000
0.416800, 0.970000
0.417000, 0.970000
0.417200, 0.970000
0.417400, 0.970000
0.417600, 0.970000
0.417800, 0.970000
0.418000, 0.970000
0.418200, 0.970000
0.418400, 0.970000
0.418600, 0.970000
0.418800, 0.970000
0.419000, 0.970000
0.419200, 0.970000
0.419400, 0.970000
0.419600, 0.970000
0.419800, 0.970000
0.420000, 0.970000
0.420200, 0.970000
0.420400, 0.970000
0.420600, 0.970000
0.420800, 0.970000
0.421000, 0.970000
0.421200, 0.970000
0.421400, 0.970000
0.421600, 0.970000
0.421800, 0.970000
0.422200, 0.970000
0.422400, 0.970000
0.422600, 0.970000
0.422800, 0.970000
0.423000, 0.970000
0.423200, 0.970000
0.423400, 0.970000
0.423600, 0.970000
0.423800, 0.970000
0.424000, 0.970000
0.424200, 0.970000
0.424400, 0.970000
0.424600, 0.970000
0.424800, 0.970000
0.425000, 0.970000
0.425200, 0.970000
0.425400, 0.970000
0.425600, 0.970000
0.425800, 0.970000
0.426000, 0.970000
0.426200, 0.970000
0.426400, 0.970000
0.426600, 0.970000
0.426800, 0.970000
0.427000, 0.970000
0.427200, 0.970000
0.427400, 0.970000
0.427600, 0.970000
0.427800, 0.970000
0.428000, 0.970000
0.428200, 0.970000
0.428400, 0.970000
0.428600, 0.970000
0.428800, 0.970000
0.429000, 0.970000
0.429200, 0.970000
0.429400, 0.970000
0.429600, 0.970000
0.429800, 0.970000
0.430000, 0.970000
0.430200, 0.970000
0.430400, 0.970000
0.430600, 0.970000
0.430800, 0.970000
0.431000, 0.970000
0.431200, 0.970000
0.431400, 0.970000
0.431600, 0.970000
0.431800, 0.970000
0.432000, 0.970000
0.432200, 0.970000
0.432400, 0.970000
0.432600, 0.970000
0.432800, 0.970000
0.433000, 0.970000
0.433200, 0.970000
0.433400, 0.970000
0.433600, 0.970000
0.433800, 0.970000
0.434000, 0.970000
0.434200, 0.970000
0.434400, 0.970000
0.434600, 0.970000
0.434800, 0.970000
0.435000, 0.970000
0.435200, 0.970000
0.435400, 0.970000
0.435600, 0.970000
0.435800, 0.970000
0.436000, 0.970000
0.436200, 0.970000
0.436400, 0.970000
0.436600, 0.970000
0.436800, 0.970000
0.437000, 0.970000
0.437200, 0.970000
0.437400, 0.970000
0.437600, 0.970000
0.437800, 0.970000
0.438000, 0.970000
0.438200, 0.970000
0.438400, 0.970000
0.438600, 0.970000
0.438800, 0.970000
0.439000, 0.970000
0.439200, 0.970000
0.439400, 0.970000
0.439600, 0.970000
0.439800, 0.970000
0.440000, 0.970000
0.440200, 0.970000
0.440400, 0.970000
0.440600, 0.970000
0.440800, 0.970000
0.441000, 0.970000
0.441200, 0.970000
0.441400, 0.970000
0.441600, 0.970000
0.441800, 0.970000
0.442000, 0.970000
0.442200, 0.970000
0.442400, 0.970000
0.442600, 0.970000
0.442800, 0.970000
0.443000, 0.970000
0.443200, 0.970000
0.443400, 0.970000
0.443600, 0.970000
0.443800, 0.970000
0.444000, 0.970000
0.444200, 0.970000
0.444400, 0.970000
0.444600, 0.970000
0.444800, 0.970000
0.445000, 0.970000
0.445200, 0.970000
0.445400, 0.970000
0.445600, 0.970000
0.445800, 0.970000
0.446000, 0.970000
0.446200, 0.970000
0.446400, 0.970000
0.446600, 0.970000
0.446800, 0.970000
0.447000, 0.970000
0.447200, 0.970000
0.447400, 0.970000
0.447600, 0.970000
0.447800, 0.970000
0.448000, 0.970000
0.448200, 0.970000
0.448400, 0.970000
0.448600, 0.970000
0.448800, 0.970000
0.449000, 0.970000
0.449200, 0.970000
0.449400, 0.970000
0.449600, 0.970000
0.449800, 0.970000
0.450000, 0.970000
0.450200, 0.970000
0.450400, 0.970000
0.450600, 0.970000
0.450800, 0.970000
0.451000, 0.970000
0.451200, 0.970000
0.451200, 0.980000
0.451400, 0.980000
0.451600, 0.980000
0.451800, 0.980000
0.452000, 0.980000
0.452200, 0.980000
0.452400, 0.980000
0.452600, 0.980000
0.452800, 0.980000
0.453000, 0.980000
0.453200, 0.980000
0.453400, 0.980000
0.453600, 0.980000
0.453800, 0.980000
0.454000, 0.980000
0.454200, 0.980000
0.454400, 0.980000
0.454600, 0.980000
0.454800, 0.980000
0.455000, 0.980000
0.455200, 0.980000
0.455400, 0.980000
0.455600, 0.980000
0.455800, 0.980000
0.456000, 0.980000
0.456200, 0.980000
0.456400, 0.980000
0.456600, 0.980000
0.456800, 0.980000
0.457000, 0.980000
0.457200, 0.980000
0.457400, 0.980000
0.457600, 0.980000
0.457800, 0.980000
0.458000, 0.980000
0.458200, 0.980000
0.458400, 0.980000
0.458600, 0.980000
0.458800, 0.980000
0.459000, 0.980000
0.459200, 0.980000
0.459400, 0.980000
0.459600, 0.980000
0.459800, 0.980000
0.460000, 0.980000
0.460200, 0.980000
0.460400, 0.980000
0.460600, 0.980000
0.460800, 0.980000
0.461000, 0.980000
0.461200, 0.980000
0.461400, 0.980000
0.461600, 0.980000
0.461800, 0.980000
0.462000, 0.980000
0.462200, 0.980000
0.462400, 0.980000
0.462600, 0.980000
0.462800, 0.980000
0.463000, 0.980000
0.463200, 0.980000
0.463400, 0.980000
0.463800, 0.980000
0.464000, 0.980000
0.464200, 0.980000
0.464400, 0.980000
0.464600, 0.980000
0.464800, 0.980000
0.465000, 0.980000
0.465200, 0.980000
0.465400, 0.980000
0.465600, 0.980000
0.465800, 0.980000
0.466000, 0.980000
0.466200, 0.980000
0.466400, 0.980000
0.466600, 0.980000
0.466800, 0.980000
0.467000, 0.980000
0.467200, 0.980000
0.467400, 0.980000
0.467600, 0.980000
0.467800, 0.980000
0.468000, 0.980000
0.468200, 0.980000
0.468400, 0.980000
0.468600, 0.980000
0.468800, 0.980000
0.469000, 0.980000
0.469200, 0.980000
0.469400, 0.980000
0.469600, 0.980000
0.469800, 0.980000
0.470000, 0.980000
0.470200, 0.980000
0.470400, 0.980000
0.470600, 0.980000
0.470800, 0.980000
0.471000, 0.980000
0.471200, 0.980000
0.471400, 0.980000
0.471600, 0.980000
0.471800, 0.980000
0.472000, 0.980000
0.472200, 0.980000
0.472400, 0.980000
0.472600, 0.980000
0.472800, 0.980000
0.473000, 0.980000
0.473200, 0.980000
0.473400, 0.980000
0.473600, 0.980000
0.473800, 0.980000
0.474000, 0.980000
0.474200, 0.980000
0.474400, 0.980000
0.474600, 0.980000
0.474800, 0.980000
0.475000, 0.980000
0.475200, 0.980000
0.475400, 0.980000
0.475600, 0.980000
0.475800, 0.980000
0.476000, 0.980000
0.476200, 0.980000
0.476400, 0.980000
0.476600, 0.980000
0.476800, 0.980000
0.477000, 0.980000
0.477200, 0.980000
0.477400, 0.980000
0.477600, 0.980000
0.477800, 0.980000
0.478000, 0.980000
0.478200, 0.980000
0.478400, 0.980000
0.478600, 0.980000
0.478800, 0.980000
0.479000, 0.980000
0.479200, 0.980000
0.479400, 0.980000
0.479600, 0.980000
0.479800, 0.980000
0.480000, 0.980000
0.480200, 0.980000
0.480400, 0.980000
0.480600, 0.980000
0.480800, 0.980000
0.481000, 0.980000
0.481200, 0.980000
0.481400, 0.980000
0.481600, 0.980000
0.481800, 0.980000
0.482200, 0.980000
0.482400, 0.980000
0.482600, 0.980000
0.482800, 0.980000
0.483000, 0.980000
0.483200, 0.980000
0.483400, 0.980000
0.483600, 0.980000
0.483800, 0.980000
0.484000, 0.980000
0.484200, 0.980000
0.484400, 0.980000
0.484600, 0.980000
0.484800, 0.980000
0.485000, 0.980000
0.485200, 0.980000
0.485400, 0.980000
0.485600, 0.980000
0.485800, 0.980000
0.486000, 0.980000
0.486200, 0.980000
0.486400, 0.980000
0.486600, 0.980000
0.486800, 0.980000
0.487000, 0.980000
0.487200, 0.980000
0.487800, 0.980000
0.488000, 0.980000
0.488200, 0.980000
0.488400, 0.980000
0.488600, 0.980000
0.488800, 0.980000
0.489000, 0.980000
0.489200, 0.980000
0.489400, 0.980000
0.489600, 0.980000
0.489800, 0.980000
0.490000, 0.980000
0.490200, 0.980000
0.490400, 0.980000
0.490600, 0.980000
0.490800, 0.980000
0.491000, 0.980000
0.491200, 0.980000
0.491400, 0.980000
0.491600, 0.980000
0.491800, 0.980000
0.492000, 0.980000
0.492200, 0.980000
0.492400, 0.980000
0.492600, 0.980000
0.492800, 0.980000
0.493000, 0.980000
0.493200, 0.980000
0.493600, 0.980000
0.493800, 0.980000
0.494000, 0.980000
0.494200, 0.980000
0.494400, 0.980000
0.494600, 0.980000
0.494800, 0.980000
0.495000, 0.980000
0.495200, 0.980000
0.495400, 0.980000
0.495600, 0.980000
0.495800, 0.980000
0.496000, 0.980000
0.496200, 0.980000
0.496400, 0.980000
0.496600, 0.980000
0.496800, 0.980000
0.497000, 0.980000
0.497200, 0.980000
0.497400, 0.980000
0.497600, 0.980000
0.497800, 0.980000
0.498000, 0.980000
0.498200, 0.980000
0.498400, 0.980000
0.498600, 0.980000
0.498800, 0.980000
0.499000, 0.980000
0.499200, 0.980000
0.499400, 0.980000
0.499600, 0.980000
0.499800, 0.980000
0.500000, 0.980000
0.500200, 0.980000
0.500400, 0.980000
0.500600, 0.980000
0.500800, 0.980000
0.501000, 0.980000
0.501200, 0.980000
0.501400, 0.980000
0.501600, 0.980000
0.501800, 0.980000
0.502000, 0.980000
0.502200, 0.980000
0.502400, 0.980000
0.502600, 0.980000
0.502800, 0.980000
0.503000, 0.980000
0.503200, 0.980000
0.503400, 0.980000
0.503600, 0.980000
0.503800, 0.980000
0.504000, 0.980000
0.504200, 0.980000
0.504400, 0.980000
0.504600, 0.980000
0.504800, 0.980000
0.505000, 0.980000
0.505200, 0.980000
0.505400, 0.980000
0.505600, 0.980000
0.505800, 0.980000
0.506000, 0.980000
0.506200, 0.980000
0.506400, 0.980000
0.506600, 0.980000
0.506800, 0.980000
0.507000, 0.980000
0.507200, 0.980000
0.507400, 0.980000
0.507600, 0.980000
0.507800, 0.980000
0.508000, 0.980000
0.508200, 0.980000
0.508400, 0.980000
0.508600, 0.980000
0.508800, 0.980000
0.509000, 0.980000
0.509200, 0.980000
0.509400, 0.980000
0.509600, 0.980000
0.509800, 0.980000
0.510000, 0.980000
0.510200, 0.980000
0.510400, 0.980000
0.510600, 0.980000
0.510800, 0.980000
0.511000, 0.980000
0.511200, 0.980000
0.511400, 0.980000
0.511600, 0.980000
0.511800, 0.980000
0.512000, 0.980000
0.512200, 0.980000
0.512400, 0.980000
0.512600, 0.980000
0.512800, 0.980000
0.513000, 0.980000
0.513200, 0.980000
0.513400, 0.980000
0.513600, 0.980000
0.513800, 0.980000
0.514000, 0.980000
0.514200, 0.980000
0.514400, 0.980000
0.514600, 0.980000
0.514800, 0.980000
0.515000, 0.980000
0.515200, 0.980000
0.515600, 0.980000
0.515800, 0.980000
0.516000, 0.980000
0.516200, 0.980000
0.516400, 0.980000
0.516600, 0.980000
0.516800, 0.980000
0.517000, 0.980000
0.517200, 0.980000
0.517400, 0.980000
0.517600, 0.980000
0.517800, 0.980000
0.518000, 0.980000
0.518200, 0.980000
0.518400, 0.980000
0.518600, 0.980000
0.518800, 0.980000
0.519000, 0.980000
0.519200, 0.980000
0.519400, 0.980000
0.519600, 0.980000
0.519800, 0.980000
0.520000, 0.980000
0.520200, 0.980000
0.520400, 0.980000
0.520600, 0.980000
0.520800, 0.980000
0.521000, 0.980000
0.521200, 0.980000
0.521400, 0.980000
0.521600, 0.980000
0.521800, 0.980000
0.522000, 0.980000
0.522200, 0.980000
0.522400, 0.980000
0.522600, 0.980000
0.522800, 0.980000
0.523000, 0.980000
0.523200, 0.980000
0.523400, 0.980000
0.523600, 0.980000
0.523800, 0.980000
0.524000, 0.980000
0.524200, 0.980000
0.524400, 0.980000
0.524600, 0.980000
0.524800, 0.980000
0.525000, 0.980000
0.525200, 0.980000
0.525400, 0.980000
0.525600, 0.980000
0.525800, 0.980000
0.526000, 0.980000
0.526200, 0.980000
0.526400, 0.980000
0.526600, 0.980000
0.526800, 0.980000
0.527000, 0.980000
0.527200, 0.980000
0.527400, 0.980000
0.527600, 0.980000
0.527800, 0.980000
0.528000, 0.980000
0.528200, 0.980000
0.528400, 0.980000
0.528600, 0.980000
0.528800, 0.980000
0.529000, 0.980000
0.529200, 0.980000
0.531200, 0.980000
0.531400, 0.980000
0.531600, 0.980000
0.531800, 0.980000
0.532000, 0.980000
0.532200, 0.980000
0.532400, 0.980000
0.532600, 0.980000
0.532800, 0.980000
0.533000, 0.980000
0.533200, 0.980000
0.533400, 0.980000
0.533600, 0.980000
0.533800, 0.980000
0.534000, 0.980000
0.534200, 0.980000
0.534400, 0.980000
0.534600, 0.980000
0.534800, 0.980000
0.535000, 0.980000
0.535200, 0.980000
0.535400, 0.980000
0.535600, 0.980000
0.535800, 0.980000
0.536000, 0.980000
0.536200, 0.980000
0.536400, 0.980000
0.536600, 0.980000
0.536800, 0.980000
0.537000, 0.980000
0.537200, 0.980000
0.537400, 0.980000
0.537600, 0.980000
0.537800, 0.980000
0.538000, 0.980000
0.538200, 0.980000
0.538400, 0.980000
0.538600, 0.980000
0.538800, 0.980000
0.539000, 0.980000
0.539200, 0.980000
0.539400, 0.980000
0.539600, 0.980000
0.539800, 0.980000
0.540000, 0.980000
0.540200, 0.980000
0.540400, 0.980000
0.540600, 0.980000
0.540800, 0.980000
0.541000, 0.980000
0.541200, 0.980000
0.541400, 0.980000
0.541600, 0.980000
0.541800, 0.980000
0.542000, 0.980000
0.542600, 0.980000
0.542800, 0.980000
0.543000, 0.980000
0.543200, 0.980000
0.543400, 0.980000
0.543600, 0.980000
0.543800, 0.980000
0.544000, 0.980000
0.544200, 0.980000
0.544400, 0.980000
0.544600, 0.980000
0.544800, 0.980000
0.545000, 0.980000
0.545200, 0.980000
0.545400, 0.980000
0.545600, 0.980000
0.545800, 0.980000
0.546000, 0.980000
0.546200, 0.980000
0.546400, 0.980000
0.587000, 1.000000
0.587200, 1.000000
0.587600, 1.000000
0.587800, 1.000000
0.588200, 1.000000
0.588600, 1.000000
0.588800, 1.000000
0.589000, 1.000000
0.589200, 1.000000
0.589400, 1.000000
0.590000, 1.000000
0.590200, 1.000000
0.590400, 1.000000
0.590600, 1.000000
0.590800, 1.000000
0.591000, 1.000000
0.591200, 1.000000
0.591400, 1.000000
0.592000, 1.000000
0.592200, 1.000000
0.592400, 1.000000
0.592600, 1.000000
0.593000, 1.000000
0.593400, 1.000000
0.593600, 1.000000
0.594000, 1.000000
0.594200, 1.000000
0.594400, 1.000000
0.594600, 1.000000
0.594800, 1.000000
0.595000, 1.000000
0.595200, 1.000000
0.595400, 1.000000
0.595600, 1.000000
0.595800, 1.000000
0.596000, 1.000000
0.596200, 1.000000
0.596400, 1.000000
0.596600, 1.000000
0.596800, 1.000000
0.597000, 1.000000
0.597200, 1.000000
0.597400, 1.000000
0.597600, 1.000000
0.597800, 1.000000
0.598000, 1.000000
0.598200, 1.000000
0.598400, 1.000000
0.598600, 1.000000
0.598800, 1.000000
0.599000, 1.000000
0.599200, 1.000000
0.599400, 1.000000
0.599600, 1.000000
0.599800, 1.000000
0.600000, 1.000000
0.600200, 1.000000
0.600400, 1.000000
0.600600, 1.000000
0.600800, 1.000000
0.601000, 1.000000
0.601200, 1.000000
0.601400, 1.000000
0.601600, 1.000000
0.601800, 1.000000
0.602000, 1.000000
0.602200, 1.000000
0.602400, 1.000000
0.602600, 1.000000
0.602800, 1.000000
0.603000, 1.000000
0.603200, 1.000000
0.603400, 1.000000
0.603600, 1.000000
0.603800, 1.000000
0.604000, 1.000000
0.604200, 1.000000
0.604400, 1.000000
0.604600, 1.000000
0.604800, 1.000000
0.605000, 1.000000
0.605200, 1.000000
0.605400, 1.000000
0.605600, 1.000000
0.605800, 1.000000
0.606000, 1.000000
0.606200, 1.000000
0.606400, 1.000000
0.606600, 1.000000
0.606800, 1.000000
0.607000, 1.000000
0.607200, 1.000000
0.607400, 1.000000
0.607600, 1.000000
0.607800, 1.000000
0.608000, 1.000000
0.608200, 1.000000
0.608400, 1.000000
0.608600, 1.000000
0.608800, 1.000000
0.609200, 1.000000
0.609400, 1.000000
0.609600, 1.000000
0.609800, 1.000000
0.610000, 1.000000
0.610200, 1.000000
0.610400, 1.000000
0.610600, 1.000000
0.610800, 1.000000
0.611000, 1.000000
0.611200, 1.000000
0.611400, 1.000000
0.611600, 1.000000
0.611800, 1.000000
0.612000, 1.000000
0.612200, 1.000000
0.612400, 1.000000
0.612600, 1.000000
0.612800, 1.000000
0.613000, 1.000000
0.613200, 1.000000
0.613400, 1.000000
0.613600, 1.000000
0.613800, 1.000000
0.614000, 1.000000
0.614200, 1.000000
0.614400, 1.000000
0.614600, 1.000000
0.614800, 1.000000
0.615200, 1.000000
0.615400, 1.000000
0.615600, 1.000000
0.615800, 1.000000
0.616000, 1.000000
0.616200, 1.000000
0.616400, 1.000000
0.616600, 1.000000
0.617000, 1.000000
0.617200, 1.000000
0.617400, 1.000000
0.617600, 1.000000
0.617800, 1.000000
0.618000, 1.000000
0.618200, 1.000000
0.618400, 1.000000
0.618600, 1.000000
0.618800, 1.000000
0.619000, 1.000000
0.619200, 1.000000
0.619400, 1.000000
0.619600, 1.000000
0.619800, 1.000000
0.620000, 1.000000
0.620800, 1.000000
0.621000, 1.000000
0.621200, 1.000000
0.621400, 1.000000
0.621600, 1.000000
0.621800, 1.000000
0.622000, 1.000000
0.622200, 1.000000
0.622400, 1.000000
0.622600, 1.000000
0.622800, 1.000000
0.623000, 1.000000
0.623200, 1.000000
0.623400, 1.000000
0.623600, 1.000000
0.623800, 1.000000
0.624200, 1.000000
0.624400, 1.000000
0.624600, 1.000000
0.624800, 1.000000
0.625000, 1.000000
0.625200, 1.000000
0.625400, 1.000000
0.625600, 1.000000
0.625800, 1.000000
0.626000, 1.000000
0.626200, 1.000000
0.626400, 1.000000
0.626600, 1.000000
0.626800, 1.000000
0.627000, 1.000000
0.627200, 1.000000
0.627400, 1.000000
0.627600, 1.000000
0.627800, 1.000000
0.628000, 1.000000
0.628200, 1.000000
0.628400, 1.000000
0.628600, 1.000000
0.628800, 1.000000
0.629000, 1.000000
0.629200, 1.000000
0.629400, 1.000000
0.630200, 1.000000
0.630400, 1.000000
0.630600, 1.000000
0.630800, 1.000000
0.631000, 1.000000
0.631200, 1.000000
0.631400, 1.000000
0.631600, 1.000000
0.631800, 1.000000
0.632200, 1.000000
0.632400, 1.000000
0.632600, 1.000000
0.632800, 1.000000
0.633000, 1.000000
0.633200, 1.000000
0.633400, 1.000000
0.633600, 1.000000
0.633800, 1.000000
0.634000, 1.000000
0.634200, 1.000000
0.634400, 1.000000
0.634600, 1.000000
0.634800, 1.000000
0.635000, 1.000000
0.635200, 1.000000
0.635400, 1.000000
0.635600, 1.000000
0.635800, 1.000000
0.636000, 1.000000
0.636200, 1.000000
0.636400, 1.000000
0.636600, 1.000000
0.636800, 1.000000
0.637200, 1.000000
0.637400, 1.000000
0.637600, 1.000000
0.637800, 1.000000
0.638000, 1.000000
0.638200, 1.000000
0.638400, 1.000000
0.638800, 1.000000
0.639000, 1.000000
0.639200, 1.000000
0.639400, 1.000000
0.639600, 1.000000
0.639800, 1.000000
0.640000, 1.000000
0.640200, 1.000000
0.640400, 1.000000
0.640600, 1.000000
0.640800, 1.000000
0.641000, 1.000000
0.641200, 1.000000
0.641400, 1.000000
0.641600, 1.000000
0.641800, 1.000000
0.642000, 1.000000
0.642600, 1.000000
0.642800, 1.000000
0.643000, 1.000000
0.643200, 1.000000
0.643400, 1.000000
0.643600, 1.000000
0.643800, 1.000000
0.644000, 1.000000
0.644200, 1.000000
0.644400, 1.000000
0.644600, 1.000000
0.644800, 1.000000
0.645000, 1.000000
0.645200, 1.000000
0.645400, 1.000000
0.645600, 1.000000
0.645800, 1.000000
0.646000, 1.000000
0.646200, 1.000000
0.646400, 1.000000
0.646600, 1.000000
0.646800, 1.000000
0.647000, 1.000000
0.647200, 1.000000
0.647400, 1.000000
0.647600, 1.000000
0.647800, 1.000000
0.648000, 1.000000
0.648200, 1.000000
0.648400, 1.000000
0.648600, 1.000000
0.648800, 1.000000
0.649200, 1.000000
0.649400, 1.000000
0.649600, 1.000000
0.649800, 1.000000
0.650000, 1.000000
0.650200, 1.000000
0.650400, 1.000000
0.650600, 1.000000
0.650800, 1.000000
0.651000, 1.000000
0.651200, 1.000000
0.651400, 1.000000
0.651600, 1.000000
0.651800, 1.000000
0.652000, 1.000000
0.652200, 1.000000
0.652400, 1.000000
0.652600, 1.000000
0.652800, 1.000000
0.653000, 1.000000
0.653200, 1.000000
0.653400, 1.000000
0.653600, 1.000000
0.653800, 1.000000
0.654000, 1.000000
0.654200, 1.000000
0.654400, 1.000000
0.654600, 1.000000
0.654800, 1.000000
0.655000, 1.000000
0.655200, 1.000000
0.655400, 1.000000
0.655600, 1.000000
0.655800, 1.000000
0.656000, 1.000000
0.656200, 1.000000
0.656400, 1.000000
0.656600, 1.000000
0.656800, 1.000000
0.657000, 1.000000
0.657200, 1.000000
0.657400, 1.000000
0.657600, 1.000000
0.657800, 1.000000
0.658000, 1.000000
0.658200, 1.000000
0.658400, 1.000000
0.658600, 1.000000
0.658800, 1.000000
0.659000, 1.000000
0.659200, 1.000000
0.659400, 1.000000
0.659600, 1.000000
0.659800, 1.000000
0.660000, 1.000000
0.660200, 1.000000
0.660400, 1.000000
0.660600, 1.000000
0.660800, 1.000000
0.661000, 1.000000
0.661200, 1.000000
0.661400, 1.000000
0.661600, 1.000000
0.661800, 1.000000
0.662000, 1.000000
0.662200, 1.000000
0.662400, 1.000000
0.662800, 1.000000
0.663000, 1.000000
0.663200, 1.000000
0.663400, 1.000000
0.663600, 1.000000
0.663800, 1.000000
0.664000, 1.000000
0.664200, 1.000000
0.664400, 1.000000
0.664600, 1.000000
0.665200, 1.000000
0.665400, 1.000000
0.665600, 1.000000
0.665800, 1.000000
0.666200, 1.000000
0.666400, 1.000000
0.666600, 1.000000
0.666800, 1.000000
0.667000, 1.000000
0.667200, 1.000000
0.667400, 1.000000
0.667600, 1.000000
0.667800, 1.000000
0.668000, 1.000000
0.668200, 1.000000
0.668400, 1.000000
0.668600, 1.000000
0.668800, 1.000000
0.669000, 1.000000
0.669200, 1.000000
0.669400, 1.000000
0.669600, 1.000000
0.669800, 1.000000
0.670000, 1.000000
0.670200, 1.000000
0.670400, 1.000000
0.670600, 1.000000
0.670800, 1.000000
0.671000, 1.000000
0.671200, 1.000000
0.671400, 1.000000
0.671600, 1.000000
0.671800, 1.000000
0.672000, 1.000000
0.672200, 1.000000
0.672600, 1.000000
0.672800, 1.000000
0.673000, 1.000000
0.673200, 1.000000
0.673400, 1.000000
0.673600, 1.000000
0.673800, 1.000000
0.674000, 1.000000
0.674200, 1.000000
0.674400, 1.000000
0.674600, 1.000000
0.674800, 1.000000
0.675200, 1.000000
0.675400, 1.000000
0.675600, 1.000000
0.675800, 1.000000
0.676000, 1.000000
0.676200, 1.000000
0.676400, 1.000000
0.676600, 1.000000
0.676800, 1.000000
0.677000, 1.000000
0.677200, 1.000000
0.677400, 1.000000
0.677600, 1.000000
0.677800, 1.000000
0.678000, 1.000000
0.678200, 1.000000
0.678400, 1.000000
0.678600, 1.000000
0.678800, 1.000000
0.679000, 1.000000
0.679200, 1.000000
0.679400, 1.000000
0.679600, 1.000000
0.679800, 1.000000
0.680000, 1.000000
0.680200, 1.000000
0.680400, 1.000000
0.680600, 1.000000
0.680800, 1.000000
0.681000, 1.000000
0.681200, 1.000000
0.681400, 1.000000
0.681600, 1.000000
0.682200, 1.000000
0.682400, 1.000000
0.682600, 1.000000
0.682800, 1.000000
0.683000, 1.000000
0.683200, 1.000000
0.683400, 1.000000
0.683800, 1.000000
0.684000, 1.000000
0.684200, 1.000000
0.684400, 1.000000
0.684600, 1.000000
0.684800, 1.000000
0.685000, 1.000000
0.685200, 1.000000
0.685400, 1.000000
0.685600, 1.000000
0.685800, 1.000000
0.686000, 1.000000
0.686200, 1.000000
0.686400, 1.000000
0.686600, 1.000000
0.686800, 1.000000
0.687000, 1.000000
0.687200, 1.000000
0.687400, 1.000000
0.687600, 1.000000
0.687800, 1.000000
0.688000, 1.000000
0.688200, 1.000000
0.688400, 1.000000
0.688600, 1.000000
0.688800, 1.000000
0.689000, 1.000000
0.689400, 1.000000
0.689600, 1.000000
0.689800, 1.000000
0.690000, 1.000000
0.690200, 1.000000
0.690400, 1.000000
0.690600, 1.000000
0.690800, 1.000000
0.691000, 1.000000
0.691200, 1.000000
0.691400, 1.000000
0.691600, 1.000000
0.691800, 1.000000
0.692000, 1.000000
0.692200, 1.000000
0.692600, 1.000000
0.692800, 1.000000
0.693000, 1.000000
0.693200, 1.000000
0.693400, 1.000000
0.693800, 1.000000
0.694200, 1.000000
0.694400, 1.000000
0.694600, 1.000000
0.694800, 1.000000
0.695000, 1.000000
0.695200, 1.000000
0.695400, 1.000000
0.695600, 1.000000
0.695800, 1.000000
0.696000, 1.000000
0.696200, 1.000000
0.696400, 1.000000
0.696600, 1.000000
0.696800, 1.000000
0.697000, 1.000000
0.697200, 1.000000
0.697400, 1.000000
0.697600, 1.000000
0.697800, 1.000000
0.698000, 1.000000
0.698200, 1.000000
0.698400, 1.000000
0.698600, 1.000000
0.698800, 1.000000
0.699000, 1.000000
0.699200, 1.000000
0.699400, 1.000000
0.699600, 1.000000
0.699800, 1.000000
0.700000, 1.000000
0.700200, 1.000000
0.700400, 1.000000
0.700600, 1.000000
0.700800, 1.000000
0.701000, 1.000000
0.701200, 1.000000
0.701400, 1.000000
0.701600, 1.000000
0.701800, 1.000000
0.702000, 1.000000
0.702200, 1.000000
0.702400, 1.000000
0.702600, 1.000000
0.702800, 1.000000
0.703000, 1.000000
0.703200, 1.000000
0.703400, 1.000000
0.703600, 1.000000
0.703800, 1.000000
0.704000, 1.000000
0.704200, 1.000000
0.704400, 1.000000
0.704600, 1.000000
0.704800, 1.000000
0.705000, 1.000000
0.705200, 1.000000
0.705400, 1.000000
0.705600, 1.000000
0.705800, 1.000000
0.706000, 1.000000
0.706200, 1.000000
0.706400, 1.000000
0.706600, 1.000000
0.707200, 1.000000
0.707400, 1.000000
0.707600, 1.000000
0.707800, 1.000000
0.708000, 1.000000
0.708200, 1.000000
0.708400, 1.000000
0.708600, 1.000000
0.708800, 1.000000
0.709000, 1.000000
0.709200, 1.000000
0.709400, 1.000000
0.709600, 1.000000
0.709800, 1.000000
0.710000, 1.000000
0.710200, 1.000000
0.710400, 1.000000
0.710600, 1.000000
0.710800, 1.000000
0.711000, 1.000000
0.711200, 1.000000
0.711400, 1.000000
0.711600, 1.000000
0.711800, 1.000000
0.712000, 1.000000
0.712200, 1.000000
0.712400, 1.000000
0.712600, 1.000000
0.712800, 1.000000
0.713000, 1.000000
0.713200, 1.000000
0.713400, 1.000000
0.713600, 1.000000
0.713800, 1.000000
0.714000, 1.000000
0.714200, 1.000000
0.714400, 1.000000
0.714600, 1.000000
0.714800, 1.000000
0.715000, 1.000000
0.715200, 1.000000
0.715400, 1.000000
0.715600, 1.000000
0.715800, 1.000000
0.716000, 1.000000
0.716200, 1.000000
0.716400, 1.000000
0.716600, 1.000000
0.716800, 1.000000
0.717000, 1.000000
0.717200, 1.000000
0.717400, 1.000000
0.717600, 1.000000
0.717800, 1.000000
0.718000, 1.000000
0.718200, 1.000000
0.718400, 1.000000
0.718600, 1.000000
0.718800, 1.000000
0.719000, 1.000000
0.719200, 1.000000
0.719400, 1.000000
0.719600, 1.000000
0.719800, 1.000000
0.720000, 1.000000
0.720200, 1.000000
0.720400, 1.000000
0.720600, 1.000000
0.720800, 1.000000
0.721000, 1.000000
0.721200, 1.000000
0.721400, 1.000000
0.721600, 1.000000
0.721800, 1.000000
0.722200, 1.000000
0.722400, 1.000000
0.722600, 1.000000
0.722800, 1.000000
0.723000, 1.000000
0.723200, 1.000000
0.723400, 1.000000
0.723600, 1.000000
0.723800, 1.000000
0.724000, 1.000000
0.724200, 1.000000
0.724400, 1.000000
0.724600, 1.000000
0.724800, 1.000000
0.725000, 1.000000
0.725200, 1.000000
0.725400, 1.000000
0.725600, 1.000000
0.725800, 1.000000
0.726000, 1.000000
0.726200, 1.000000
0.726600, 1.000000
0.726800, 1.000000
0.727000, 1.000000
0.727200, 1.000000
0.727400, 1.000000
0.727600, 1.000000
0.727800, 1.000000
0.728000, 1.000000
0.728200, 1.000000
0.728400, 1.000000
0.728600, 1.000000
0.728800, 1.000000
0.729000, 1.000000
0.729200, 1.000000
0.729400, 1.000000
0.729600, 1.000000
0.729800, 1.000000
0.730000, 1.000000
0.730200, 1.000000
0.730400, 1.000000
0.730600, 1.000000
0.730800, 1.000000
0.731000, 1.000000
0.731200, 1.000000
0.731400, 1.000000
0.731600, 1.000000
0.731800, 1.000000
0.732000, 1.000000
0.732200, 1.000000
0.732400, 1.000000
0.732600, 1.000000
0.732800, 1.000000
0.733200, 1.000000
0.733400, 1.000000
0.733600, 1.000000
0.733800, 1.000000
0.734000, 1.000000
0.734200, 1.000000
0.734400, 1.000000
0.734600, 1.000000
0.734800, 1.000000
0.735000, 1.000000
0.735200, 1.000000
0.735400, 1.000000
0.735600, 1.000000
0.735800, 1.000000
0.736000, 1.000000
0.736200, 1.000000
0.736400, 1.000000
0.736600, 1.000000
0.736800, 1.000000
0.737000, 1.000000
0.737200, 1.000000
0.737400, 1.000000
0.737600, 1.000000
0.737800, 1.000000
0.738000, 1.000000
0.738200, 1.000000
0.738400, 1.000000
0.738600, 1.000000
0.738800, 1.000000
0.739200, 1.000000
0.739400, 1.000000
0.739600, 1.000000
0.739800, 1.000000
0.740000, 1.000000
0.740200, 1.000000
0.740400, 1.000000
0.740600, 1.000000
0.740800, 1.000000
0.741000, 1.000000
0.741200, 1.000000
0.741400, 1.000000
0.741600, 1.000000
0.741800, 1.000000
0.742000, 1.000000
0.742200, 1.000000
0.742400, 1.000000
0.742600, 1.000000
0.742800, 1.000000
0.743000, 1.000000
0.743200, 1.000000
0.743400, 1.000000
0.743600, 1.000000
0.743800, 1.000000
0.744000, 1.000000
0.744200, 1.000000
0.744400, 1.000000
0.744600, 1.000000
0.745000, 1.000000
0.745200, 1.000000
0.745400, 1.000000
0.745600, 1.000000
0.745800, 1.000000
0.746000, 1.000000
0.746200, 1.000000
0.746400, 1.000000
0.746600, 1.000000
0.746800, 1.000000
0.747000, 1.000000
0.747200, 1.000000
0.747400, 1.000000
0.747600, 1.000000
0.747800, 1.000000
0.748000, 1.000000
0.748200, 1.000000
0.748400, 1.000000
0.748600, 1.000000
0.748800, 1.000000
0.749000, 1.000000
0.749200, 1.000000
0.749400, 1.000000
0.749600, 1.000000
0.749800, 1.000000
0.750000, 1.000000
0.750200, 1.000000
0.750400, 1.000000
0.750600, 1.000000
0.750800, 1.000000
0.751000, 1.000000
0.751200, 1.000000
0.751400, 1.000000
0.751600, 1.000000
0.751800, 1.000000
0.752000, 1.000000
0.752200, 1.000000
0.752400, 1.000000
0.752600, 1.000000
0.752800, 1.000000
0.753000, 1.000000
0.753200, 1.000000
0.753400, 1.000000
0.753600, 1.000000
0.753800, 1.000000
0.754000, 1.000000
0.754200, 1.000000
0.754400, 1.000000
0.754600, 1.000000
0.754800, 1.000000
0.755000, 1.000000
0.755200, 1.000000
0.755400, 1.000000
0.755600, 1.000000
0.755800, 1.000000
0.756000, 1.000000
0.756400, 1.000000
0.756600, 1.000000
0.756800, 1.000000
0.757200, 1.000000
0.757400, 1.000000
0.757800, 1.000000
0.758000, 1.000000
0.758200, 1.000000
0.758400, 1.000000
0.758600, 1.000000
0.758800, 1.000000
0.759000, 1.000000
0.759200, 1.000000
0.759400, 1.000000
0.759600, 1.000000
0.759800, 1.000000
0.760000, 1.000000
0.760200, 1.000000
0.760400, 1.000000
0.760600, 1.000000
0.760800, 1.000000
0.761000, 1.000000
0.761200, 1.000000
0.761400, 1.000000
0.761600, 1.000000
0.761800, 1.000000
0.762000, 1.000000
0.762200, 1.000000
0.762400, 1.000000
0.762600, 1.000000
0.762800, 1.000000
0.763000, 1.000000
0.763200, 1.000000
0.763400, 1.000000
0.763600, 1.000000
0.763800, 1.000000
0.764000, 1.000000
0.764400, 1.000000
0.764600, 1.000000
0.764800, 1.000000
0.765000, 1.000000
0.765200, 1.000000
0.765400, 1.000000
0.765600, 1.000000
0.765800, 1.000000
0.766000, 1.000000
0.766200, 1.000000
0.766400, 1.000000
0.766600, 1.000000
0.766800, 1.000000
0.767000, 1.000000
0.767200, 1.000000
0.767400, 1.000000
0.767600, 1.000000
0.767800, 1.000000
0.768000, 1.000000
0.768200, 1.000000
0.768400, 1.000000
0.768600, 1.000000
0.768800, 1.000000
0.769000, 1.000000
0.769200, 1.000000
0.769400, 1.000000
0.769600, 1.000000
0.769800, 1.000000
0.770000, 1.000000
0.770200, 1.000000
0.770400, 1.000000
0.770600, 1.000000
0.770800, 1.000000
0.771000, 1.000000
0.771400, 1.000000
0.771600, 1.000000
0.772000, 1.000000
0.772200, 1.000000
0.772400, 1.000000
0.772600, 1.000000
0.772800, 1.000000
0.773000, 1.000000
0.773200, 1.000000
0.773400, 1.000000
0.773600, 1.000000
0.773800, 1.000000
0.774000, 1.000000
0.774200, 1.000000
0.774400, 1.000000
0.774600, 1.000000
0.774800, 1.000000
0.775000, 1.000000
0.775200, 1.000000
0.775400, 1.000000
0.775600, 1.000000
0.775800, 1.000000
0.776000, 1.000000
0.776200, 1.000000
0.776400, 1.000000
0.776600, 1.000000
0.776800, 1.000000
0.777000, 1.000000
0.777200, 1.000000
0.777400, 1.000000
0.777600, 1.000000
0.777800, 1.000000
0.778000, 1.000000
0.778200, 1.000000
0.778400, 1.000000
0.778600, 1.000000
0.778800, 1.000000
0.779000, 1.000000
0.779200, 1.000000
0.779400, 1.000000
0.779600, 1.000000
0.779800, 1.000000
0.780000, 1.000000
0.780200, 1.000000
0.780400, 1.000000
0.780600, 1.000000
0.780800, 1.000000
0.781000, 1.000000
0.781200, 1.000000
0.781400, 1.000000
0.781600, 1.000000
0.781800, 1.000000
0.782000, 1.000000
0.782200, 1.000000
0.782400, 1.000000
0.782600, 1.000000
0.782800, 1.000000
0.783000, 1.000000
0.783200, 1.000000
0.783400, 1.000000
0.783600, 1.000000
0.783800, 1.000000
0.784000, 1.000000
0.784200, 1.000000
0.784400, 1.000000
0.784600, 1.000000
0.784800, 1.000000
0.785000, 1.000000
0.785400, 1.000000
0.785600, 1.000000
0.785800, 1.000000
0.786000, 1.000000
0.786200, 1.000000
0.786400, 1.000000
0.786800, 1.000000
0.787000, 1.000000
0.787200, 1.000000
0.787400, 1.000000
0.787600, 1.000000
0.787800, 1.000000
0.788000, 1.000000
0.788200, 1.000000
0.788400, 1.000000
0.788800, 1.000000
0.789000, 1.000000
0.789200, 1.000000
0.789400, 1.000000
0.789600, 1.000000
0.789800, 1.000000
0.790200, 1.000000
0.790400, 1.000000
0.790600, 1.000000
0.790800, 1.000000
0.791000, 1.000000
0.791200, 1.000000
0.791400, 1.000000
0.791600, 1.000000
0.793400, 1.000000
0.793600, 1.000000
0.793800, 1.000000
0.794000, 1.000000
0.794200, 1.000000
0.794400, 1.000000
0.794600, 1.000000
0.794800, 1.000000
0.795000, 1.000000
0.795200, 1.000000
0.795400, 1.000000
0.795600, 1.000000
0.795800, 1.000000
0.796000, 1.000000
0.796200, 1.000000
0.796400, 1.000000
0.796600, 1.000000
0.796800, 1.000000
0.797000, 1.000000
0.797200, 1.000000
0.797400, 1.000000
0.797600, 1.000000
0.797800, 1.000000
0.798000, 1.000000
0.798200, 1.000000
0.798400, 1.000000
0.798600, 1.000000
0.798800, 1.000000
0.799000, 1.000000
0.799200, 1.000000
0.799400, 1.000000
0.799600, 1.000000
0.799800, 1.000000
0.800000, 1.000000
0.800200, 1.000000
0.800400, 1.000000
0.800600, 1.000000
0.800800, 1.000000
0.801000, 1.000000
0.801200, 1.000000
0.801400, 1.000000
0.801600, 1.000000
0.801800, 1.000000
0.802000, 1.000000
0.802200, 1.000000
0.802400, 1.000000
0.802600, 1.000000
0.802800, 1.000000
0.803000, 1.000000
0.803200, 1.000000
0.803400, 1.000000
0.803600, 1.000000
0.803800, 1.000000
0.804000, 1.000000
0.804200, 1.000000
0.804400, 1.000000
0.804600, 1.000000
0.804800, 1.000000
0.805000, 1.000000
0.805200, 1.000000
0.805400, 1.000000
0.805600, 1.000000
0.805800, 1.000000
0.806000, 1.000000
0.806200, 1.000000
0.806400, 1.000000
0.806600, 1.000000
0.806800, 1.000000
0.807000, 1.000000
0.807200, 1.000000
0.807400, 1.000000
0.807600, 1.000000
0.808000, 1.000000
0.808200, 1.000000
0.808400, 1.000000
0.808600, 1.000000
0.808800, 1.000000
0.809000, 1.000000
0.809200, 1.000000
0.809400, 1.000000
0.809600, 1.000000
0.809800, 1.000000
0.810000, 1.000000
0.810200, 1.000000
0.810400, 1.000000
0.810600, 1.000000
0.810800, 1.000000
0.811000, 1.000000
0.811200, 1.000000
0.811400, 1.000000
0.811600, 1.000000
0.811800, 1.000000
0.812000, 1.000000
0.812400, 1.000000
0.812600, 1.000000
0.812800, 1.000000
0.813000, 1.000000
0.813200, 1.000000
0.813400, 1.000000
0.813600, 1.000000
0.813800, 1.000000
0.814000, 1.000000
0.814200, 1.000000
0.814400, 1.000000
0.814600, 1.000000
0.814800, 1.000000
0.815000, 1.000000
0.815200, 1.000000
0.815400, 1.000000
0.815600, 1.000000
0.815800, 1.000000
0.816000, 1.000000
0.816200, 1.000000
0.816400, 1.000000
0.816800, 1.000000
0.817000, 1.000000
0.817200, 1.000000
0.817400, 1.000000
0.817600, 1.000000
0.817800, 1.000000
0.818000, 1.000000
0.818200, 1.000000
0.818400, 1.000000
0.818600, 1.000000
0.818800, 1.000000
0.819000, 1.000000
0.819200, 1.000000
0.819400, 1.000000
0.819600, 1.000000
0.819800, 1.000000
0.820000, 1.000000
0.820200, 1.000000
0.820400, 1.000000
0.820600, 1.000000
0.821000, 1.000000
0.821200, 1.000000
0.821400, 1.000000
0.821600, 1.000000
0.821800, 1.000000
0.822000, 1.000000
0.822200, 1.000000
0.822400, 1.000000
0.822600, 1.000000
0.822800, 1.000000
0.823000, 1.000000
0.823200, 1.000000
0.823400, 1.000000
0.823600, 1.000000
0.823800, 1.000000
0.824000, 1.000000
0.824200, 1.000000
0.824400, 1.000000
0.824600, 1.000000
0.825000, 1.000000
0.825200, 1.000000
0.825400, 1.000000
0.825600, 1.000000
0.825800, 1.000000
0.826000, 1.000000
0.826200, 1.000000
0.826400, 1.000000
0.826600, 1.000000
0.826800, 1.000000
0.827000, 1.000000
0.827200, 1.000000
0.827400, 1.000000
0.827600, 1.000000
0.827800, 1.000000
0.828000, 1.000000
0.828200, 1.000000
0.828400, 1.000000
0.828600, 1.000000
0.828800, 1.000000
0.829000, 1.000000
0.829200, 1.000000
0.829400, 1.000000
0.829600, 1.000000
0.829800, 1.000000
0.830000, 1.000000
0.830200, 1.000000
0.830400, 1.000000
0.830800, 1.000000
0.831000, 1.000000
0.831200, 1.000000
0.831400, 1.000000
0.831600, 1.000000
0.831800, 1.000000
0.832000, 1.000000
0.832200, 1.000000
0.832400, 1.000000
0.832600, 1.000000
0.832800, 1.000000
0.833000, 1.000000
0.833200, 1.000000
0.833400, 1.000000
0.833600, 1.000000
0.833800, 1.000000
0.834000, 1.000000
0.834200, 1.000000
0.834400, 1.000000
0.834600, 1.000000
0.834800, 1.000000
0.835000, 1.000000
0.835200, 1.000000
0.835400, 1.000000
0.835600, 1.000000
0.835800, 1.000000
0.836000, 1.000000
0.836400, 1.000000
0.836600, 1.000000
0.836800, 1.000000
0.837000, 1.000000
0.838000, 1.000000
0.838200, 1.000000
0.838400, 1.000000
0.838600, 1.000000
0.838800, 1.000000
0.839000, 1.000000
0.839200, 1.000000
0.839400, 1.000000
0.839600, 1.000000
0.839800, 1.000000
0.840000, 1.000000
0.840200, 1.000000
0.840400, 1.000000
0.840600, 1.000000
0.840800, 1.000000
0.841000, 1.000000
0.841200, 1.000000
0.841400, 1.000000
0.841600, 1.000000
0.841800, 1.000000
0.842000, 1.000000
0.842200, 1.000000
0.842400, 1.000000
0.842600, 1.000000
0.842800, 1.000000
0.843000, 1.000000
0.843200, 1.000000
0.843400, 1.000000
0.843600, 1.000000
0.843800, 1.000000
0.844000, 1.000000
0.844200, 1.000000
0.844400, 1.000000
0.844600, 1.000000
0.844800, 1.000000
0.845000, 1.000000
0.845200, 1.000000
0.845400, 1.000000
0.845600, 1.000000
0.845800, 1.000000
0.846000, 1.000000
0.846200, 1.000000
0.846400, 1.000000
0.846600, 1.000000
0.846800, 1.000000
0.847000, 1.000000
0.847200, 1.000000
0.847400, 1.000000
0.847600, 1.000000
0.847800, 1.000000
0.848000, 1.000000
0.848200, 1.000000
0.848400, 1.000000
0.848600, 1.000000
0.848800, 1.000000
0.849000, 1.000000
0.849200, 1.000000
0.849400, 1.000000
0.849600, 1.000000
0.849800, 1.000000
0.850000, 1.000000
0.850200, 1.000000
0.850600, 1.000000
0.850800, 1.000000
0.851000, 1.000000
0.851200, 1.000000
0.851400, 1.000000
0.851600, 1.000000
0.851800, 1.000000
0.852000, 1.000000
0.852200, 1.000000
0.852400, 1.000000
0.852600, 1.000000
0.852800, 1.000000
0.853000, 1.000000
0.853200, 1.000000
0.853400, 1.000000
0.853600, 1.000000
0.853800, 1.000000
0.854000, 1.000000
0.854200, 1.000000
0.854400, 1.000000
0.854800, 1.000000
0.855000, 1.000000
0.855200, 1.000000
0.855400, 1.000000
0.855600, 1.000000
0.855800, 1.000000
0.856000, 1.000000
0.856200, 1.000000
0.856400, 1.000000
0.856600, 1.000000
0.856800, 1.000000
0.857000, 1.000000
0.857200, 1.000000
0.857400, 1.000000
0.857600, 1.000000
0.857800, 1.000000
0.858000, 1.000000
0.858200, 1.000000
0.858400, 1.000000
0.858600, 1.000000
0.858800, 1.000000
0.859000, 1.000000
0.859200, 1.000000
0.859400, 1.000000
0.859600, 1.000000
0.859800, 1.000000
0.860000, 1.000000
0.860200, 1.000000
0.860400, 1.000000
0.860600, 1.000000
0.860800, 1.000000
0.861000, 1.000000
0.861200, 1.000000
0.861400, 1.000000
0.861600, 1.000000
0.861800, 1.000000
0.862000, 1.000000
0.862200, 1.000000
0.862400, 1.000000
0.862600, 1.000000
0.862800, 1.000000
0.863000, 1.000000
0.863400, 1.000000
0.863600, 1.000000
0.863800, 1.000000
0.864000, 1.000000
0.864200, 1.000000
0.864400, 1.000000
0.864600, 1.000000
0.864800, 1.000000
0.865000, 1.000000
0.865200, 1.000000
0.865400, 1.000000
0.865600, 1.000000
0.865800, 1.000000
0.866000, 1.000000
0.866200, 1.000000
0.866400, 1.000000
0.866600, 1.000000
0.866800, 1.000000
0.867000, 1.000000
0.867200, 1.000000
0.867400, 1.000000
0.867600, 1.000000
0.867800, 1.000000
0.868000, 1.000000
0.868200, 1.000000
0.868400, 1.000000
0.868600, 1.000000
0.869000, 1.000000
0.869200, 1.000000
0.869400, 1.000000
0.869600, 1.000000
0.869800, 1.000000
0.870000, 1.000000
0.870200, 1.000000
0.870400, 1.000000
0.870600, 1.000000
0.870800, 1.000000
0.871000, 1.000000
0.871200, 1.000000
0.871400, 1.000000
0.871600, 1.000000
0.871800, 1.000000
0.872000, 1.000000
0.872200, 1.000000
0.872400, 1.000000
0.872600, 1.000000
0.872800, 1.000000
0.873000, 1.000000
0.873200, 1.000000
0.873400, 1.000000
0.873600, 1.000000
0.873800, 1.000000
0.874000, 1.000000
0.874200, 1.000000
0.874400, 1.000000
0.874600, 1.000000
0.874800, 1.000000
0.875000, 1.000000
0.875200, 1.000000
0.875400, 1.000000
0.875600, 1.000000
0.875800, 1.000000
0.876000, 1.000000
0.876200, 1.000000
0.876400, 1.000000
0.876600, 1.000000
0.876800, 1.000000
0.877000, 1.000000
0.877200, 1.000000
0.877400, 1.000000
0.877600, 1.000000
0.877800, 1.000000
0.878000, 1.000000
0.878200, 1.000000
0.878400, 1.000000
0.878600, 1.000000
0.878800, 1.000000
0.879000, 1.000000
0.879200, 1.000000
0.879400, 1.000000
0.879600, 1.000000
0.879800, 1.000000
0.880000, 1.000000
0.880200, 1.000000
0.880400, 1.000000
0.880600, 1.000000
0.880800, 1.000000
0.881000, 1.000000
0.881200, 1.000000
0.881400, 1.000000
0.881600, 1.000000
0.881800, 1.000000
0.882000, 1.000000
0.882200, 1.000000
0.882400, 1.000000
0.882600, 1.000000
0.883000, 1.000000
0.883200, 1.000000
0.883400, 1.000000
0.883600, 1.000000
0.884000, 1.000000
0.884200, 1.000000
0.884400, 1.000000
0.884600, 1.000000
0.884800, 1.000000
0.885000, 1.000000
0.885200, 1.000000
0.885400, 1.000000
0.885600, 1.000000
0.885800, 1.000000
0.886000, 1.000000
0.886200, 1.000000
0.886400, 1.000000
0.886800, 1.000000
0.887000, 1.000000
0.887200, 1.000000
0.887400, 1.000000
0.887600, 1.000000
0.887800, 1.000000
0.888000, 1.000000
0.888200, 1.000000
0.888400, 1.000000
0.888600, 1.000000
0.888800, 1.000000
0.889000, 1.000000
0.889200, 1.000000
0.889400, 1.000000
0.889600, 1.000000
0.889800, 1.000000
0.890000, 1.000000
0.890200, 1.000000
0.890400, 1.000000
0.890600, 1.000000
0.890800, 1.000000
0.895000, 1.000000
0.895200, 1.000000
0.895400, 1.000000
0.895600, 1.000000
0.895800, 1.000000
0.896000, 1.000000
0.896200, 1.000000
0.896400, 1.000000
0.896600, 1.000000
0.896800, 1.000000
0.897000, 1.000000
0.897200, 1.000000
0.897400, 1.000000
0.897600, 1.000000
0.897800, 1.000000
0.898000, 1.000000
0.898200, 1.000000
0.898400, 1.000000
0.898600, 1.000000
0.898800, 1.000000
0.899000, 1.000000
0.899200, 1.000000
0.899400, 1.000000
0.899600, 1.000000
0.899800, 1.000000
0.900000, 1.000000
0.900200, 1.000000
0.900400, 1.000000
0.900600, 1.000000
0.900800, 1.000000
0.901000, 1.000000
0.901200, 1.000000
0.901400, 1.000000
0.901600, 1.000000
0.901800, 1.000000
0.902000, 1.000000
0.902200, 1.000000
0.902400, 1.000000
0.902600, 1.000000
0.902800, 1.000000
0.903000, 1.000000
0.903200, 1.000000
0.903400, 1.000000
0.903600, 1.000000
0.903800, 1.000000
0.904000, 1.000000
0.904200, 1.000000
0.904400, 1.000000
0.904600, 1.000000
0.904800, 1.000000
0.905000, 1.000000
0.905200, 1.000000
0.905400, 1.000000
0.905600, 1.000000
0.905800, 1.000000
0.906000, 1.000000
0.906200, 1.000000
0.906400, 1.000000
0.906600, 1.000000
0.906800, 1.000000
0.907000, 1.000000
0.907200, 1.000000
0.907400, 1.000000
0.907600, 1.000000
0.907800, 1.000000
0.908000, 1.000000
0.908200, 1.000000
0.908400, 1.000000
0.908600, 1.000000
0.908800, 1.000000
0.909000, 1.000000
0.909200, 1.000000
0.909400, 1.000000
0.909600, 1.000000
0.909800, 1.000000
0.910000, 1.000000
0.910200, 1.000000
0.910400, 1.000000
0.910600, 1.000000
0.910800, 1.000000
0.911000, 1.000000
0.911200, 1.000000
0.911400, 1.000000
0.911600, 1.000000
0.911800, 1.000000
0.912000, 1.000000
0.912200, 1.000000
0.912400, 1.000000
0.912600, 1.000000
0.912800, 1.000000
0.913000, 1.000000
0.913200, 1.000000
0.913400, 1.000000
0.913600, 1.000000
0.913800, 1.000000
0.914000, 1.000000
0.914200, 1.000000
0.914400, 1.000000
0.914600, 1.000000
0.914800, 1.000000
0.915000, 1.000000
0.915200, 1.000000
0.915400, 1.000000
0.915600, 1.000000
0.915800, 1.000000
0.916000, 1.000000
0.916200, 1.000000
0.916400, 1.000000
0.916600, 1.000000
0.916800, 1.000000
0.917000, 1.000000
0.917200, 1.000000
0.917400, 1.000000
0.917600, 1.000000
0.917800, 1.000000
0.918000, 1.000000
0.918200, 1.000000
0.918400, 1.000000
0.918600, 1.000000
0.918800, 1.000000
0.919000, 1.000000
0.919200, 1.000000
0.920800, 1.000000
0.921600, 1.000000
0.921800, 1.000000
0.922000, 1.000000
0.922200, 1.000000
0.922400, 1.000000
0.922600, 1.000000
0.922800, 1.000000
0.923000, 1.000000
0.923200, 1.000000
0.923400, 1.000000
0.923600, 1.000000
0.923800, 1.000000
0.924000, 1.000000
0.924200, 1.000000
0.924400, 1.000000
0.924600, 1.000000
0.924800, 1.000000
0.925000, 1.000000
0.925200, 1.000000
0.925400, 1.000000
0.925600, 1.000000
0.925800, 1.000000
0.926000, 1.000000
0.926200, 1.000000
0.926400, 1.000000
0.927000, 1.000000
0.927200, 1.000000
0.927400, 1.000000
0.927600, 1.000000
0.927800, 1.000000
0.928000, 1.000000
0.928200, 1.000000
0.928400, 1.000000
0.928600, 1.000000
0.928800, 1.000000
0.929400, 1.000000
0.929600, 1.000000
0.929800, 1.000000
0.930000, 1.000000
0.930200, 1.000000
0.930400, 1.000000
0.930600, 1.000000
0.930800, 1.000000
0.932400, 1.000000
0.932600, 1.000000
0.932800, 1.000000
0.933400, 1.000000
0.934200, 1.000000
0.934800, 1.000000
0.935000, 1.000000
0.935200, 1.000000
0.935400, 1.000000
0.935600, 1.000000
0.935800, 1.000000
0.936000, 1.000000
0.936200, 1.000000
0.936400, 1.000000
0.936600, 1.000000
0.936800, 1.000000
0.938000, 1.000000
0.938200, 1.000000
0.938400, 1.000000
0.938600, 1.000000
0.938800, 1.000000
0.939000, 1.000000
0.939200, 1.000000
0.939400, 1.000000
0.939800, 1.000000
0.941400, 1.000000
0.941600, 1.000000
0.941800, 1.000000
0.942000, 1.000000
0.942200, 1.000000
0.942400, 1.000000
0.942600, 1.000000
0.942800, 1.000000
0.943000, 1.000000
0.943200, 1.000000
0.943400, 1.000000
0.943600, 1.000000
0.943800, 1.000000
0.944000, 1.000000
0.944200, 1.000000
0.944400, 1.000000
0.944600, 1.000000
0.944800, 1.000000
0.945000, 1.000000
0.945200, 1.000000
0.945400, 1.000000
0.945600, 1.000000
0.945800, 1.000000
0.946000, 1.000000
0.946200, 1.000000
0.946400, 1.000000
0.946800, 1.000000
0.947000, 1.000000
0.947200, 1.000000
0.947400, 1.000000
0.947600, 1.000000
0.947800, 1.000000
0.948000, 1.000000
0.948200, 1.000000
0.948400, 1.000000
0.948600, 1.000000
0.948800, 1.000000
0.949000, 1.000000
0.949200, 1.000000
0.949400, 1.000000
0.949600, 1.000000
0.949800, 1.000000
0.950000, 1.000000
0.950200, 1.000000
0.950400, 1.000000
0.950600, 1.000000
0.950800, 1.000000
0.951000, 1.000000
0.951200, 1.000000
0.951400, 1.000000
0.951600, 1.000000
0.951800, 1.000000
0.952000, 1.000000
0.952200, 1.000000
0.952400, 1.000000
0.952600, 1.000000
0.952800, 1.000000
0.953000, 1.000000
0.953200, 1.000000
0.953400, 1.000000
0.953600, 1.000000
0.953800, 1.000000
0.954000, 1.000000
0.954200, 1.000000
0.954400, 1.000000
0.954600, 1.000000
0.954800, 1.000000
0.955000, 1.000000
0.956200, 1.000000
0.956400, 1.000000
0.956600, 1.000000
0.956800, 1.000000
0.957000, 1.000000
0.957200, 1.000000
0.958400, 1.000000
0.958600, 1.000000
0.958800, 1.000000
0.959000, 1.000000
0.959200, 1.000000
0.959600, 1.000000
0.961200, 1.000000
0.961400, 1.000000
0.961600, 1.000000
0.961800, 1.000000
0.962200, 1.000000
0.962400, 1.000000
0.962600, 1.000000
0.962800, 1.000000
0.963200, 1.000000
0.963400, 1.000000
0.963600, 1.000000
0.963800, 1.000000
0.964000, 1.000000
0.964200, 1.000000
0.964400, 1.000000
0.964800, 1.000000
0.965000, 1.000000
0.965200, 1.000000
0.965400, 1.000000
0.965600, 1.000000
0.965800, 1.000000
0.966000, 1.000000
0.966200, 1.000000
0.966400, 1.000000
0.966800, 1.000000
0.967400, 1.000000
0.967800, 1.000000
0.968400, 1.000000
0.969800, 1.000000
0.970000, 1.000000
0.970200, 1.000000
0.970400, 1.000000
0.970600, 1.000000
0.971000, 1.000000
0.971200, 1.000000
0.971400, 1.000000
0.971600, 1.000000
0.971800, 1.000000
0.972000, 1.000000
0.972200, 1.000000
0.972400, 1.000000
0.972600, 1.000000
0.973000, 1.000000
0.973200, 1.000000
0.973600, 1.000000
0.974200, 1.000000
0.974600, 1.000000
0.974800, 1.000000
0.975000, 1.000000
0.975200, 1.000000
0.975400, 1.000000
0.975600, 1.000000
0.976000, 1.000000
0.976200, 1.000000
0.977400, 1.000000
0.977600, 1.000000
0.977800, 1.000000
0.978000, 1.000000
0.978200, 1.000000
0.978400, 1.000000
0.979000, 1.000000
0.979200, 1.000000
0.979400, 1.000000
0.979600, 1.000000
0.979800, 1.000000
0.980200, 1.000000
0.980600, 1.000000
0.980800, 1.000000
0.981000, 1.000000
0.981200, 1.000000
0.981400, 1.000000
0.981600, 1.000000
0.981800, 1.000000
0.982200, 1.000000
0.982400, 1.000000
0.983200, 1.000000
0.984600, 1.000000
0.984800, 1.000000
0.985000, 1.000000
0.985400, 1.000000
0.985800, 1.000000
0.986000, 1.000000
0.986200, 1.000000
0.986400, 1.000000
0.987000, 1.000000
0.987400, 1.000000
0.987600, 1.000000
0.987800, 1.000000
0.988000, 1.000000
0.988200, 1.000000
0.988400, 1.000000
0.988600, 1.000000
0.988800, 1.000000
0.989000, 1.000000
0.989200, 1.000000
0.989400, 1.000000
0.989800, 1.000000
0.990000, 1.000000
0.990200, 1.000000
0.990400, 1.000000
0.990600, 1.000000
0.990800, 1.000000
0.991000, 1.000000
0.991600, 1.000000
0.991800, 1.000000
0.992000, 1.000000
0.992800, 1.000000
0.993200, 1.000000
0.993400, 1.000000
0.993600, 1.000000
0.993800, 1.000000
0.994000, 1.000000
0.994600, 1.000000
0.994800, 1.000000
0.995400, 1.000000
0.995800, 1.000000
0.996000, 1.000000
0.996200, 1.000000
0.996400, 1.000000
0.997200, 1.000000
0.997400, 1.000000
0.997600, 1.000000
0.997800, 1.000000
0.998000, 1.000000
0.998400, 1.000000
0.998800, 1.000000
0.999000, 1.000000
0.999400, 1.000000
0.999600, 1.000000
1.000000, 1.000000
