0.02 0.01054313099041534 0.0
0.024800000000000003 0.0817891373801915 0.0
0.0296 0.16773162939297068 6.389776357827476E-4
0.0344 0.18434504792332204 3.194888178913738E-4
0.0392 0.13642172523961618 0.0019169329073482426
0.044000000000000004 0.12523961661341815 6.389776357827476E-4
0.0488 0.07380191693290719 0.001597444089456869
0.05360000000000001 0.05175718849840249 3.194888178913738E-4
0.05840000000000001 0.03386581469648563 9.584664536741214E-4
0.0632 0.02811501597444091 0.0
0.068 0.019808306709265186 3.194888178913738E-4
0.0728 0.010543130990415336 9.584664536741214E-4
0.0776 0.011821086261980833 9.584664536741214E-4
0.08240000000000001 0.008945686900958465 3.194888178913738E-4
0.08720000000000001 0.008945686900958465 9.584664536741214E-4
0.09200000000000001 0.006709265175718848 6.389776357827476E-4
0.09680000000000001 0.0041533546325878586 6.389776357827476E-4
0.10160000000000001 0.0038338658146964853 0.0
0.10640000000000001 0.0035143769968051116 0.0
0.11120000000000001 0.0012779552715654952 6.389776357827476E-4
0.11600000000000002 0.0012779552715654952 6.389776357827476E-4
0.12080000000000002 9.584664536741214E-4 0.0
0.12560000000000002 6.389776357827476E-4 0.0
0.13040000000000002 0.001597444089456869 3.194888178913738E-4
0.13520000000000001 0.001597444089456869 0.0
0.14 3.194888178913738E-4 0.0
0.1448 0.0 0.0
0.1496 3.194888178913738E-4 0.0
0.1544 0.0 3.194888178913738E-4
0.1592 0.0 3.194888178913738E-4
0.164 0.0 0.0
0.1688 3.194888178913738E-4 3.194888178913738E-4
0.17360000000000003 3.194888178913738E-4 0.0
0.17840000000000003 0.0 0.0
0.18320000000000003 6.389776357827476E-4 0.0
0.18800000000000003 0.0 3.194888178913738E-4
0.19280000000000003 0.0 3.194888178913738E-4
0.19760000000000003 0.0 9.584664536741214E-4
0.20240000000000002 0.0 9.584664536741214E-4
0.20720000000000002 0.0 3.194888178913738E-4
0.21200000000000002 0.0 3.194888178913738E-4
0.21680000000000002 0.0 6.389776357827476E-4
0.22160000000000002 0.0 0.0
0.22640000000000002 0.0 0.0
0.23120000000000002 0.0 6.389776357827476E-4
0.23600000000000002 0.0 0.0
0.24080000000000001 0.0 3.194888178913738E-4
0.2456 0.0 0.0
0.2504 0.0 0.0
0.25520000000000004 0.0 0.0
0.26 0.0 3.194888178913738E-4
