# ROCAUC: 0.8610235720711522
# False Positive Rate True Positive Rate
0.0 0.0
0.0 0.2711864406779661
0.0013025073266037122 0.2711864406779661
0.0013025073266037122 0.3220338983050847
0.004233148811462065 0.3220338983050847
0.004233148811462065 0.3389830508474576
0.007163790296320418 0.3389830508474576
0.007163790296320418 0.3728813559322034
0.009443178117876913 0.3728813559322034
0.009443178117876913 0.4067796610169492
0.017909475740801043 0.4067796610169492
0.017909475740801043 0.423728813559322
0.020840117225659396 0.423728813559322
0.020840117225659396 0.4406779661016949
0.02149137088896125 0.4406779661016949
0.02149137088896125 0.4576271186440678
0.027352653858677956 0.4576271186440678
0.027352653858677956 0.4745762711864407
0.034190817323347444 0.4745762711864407
0.034190817323347444 0.5084745762711864
0.035493324649951155 0.5084745762711864
0.035493324649951155 0.5254237288135594
0.04428524910452621 0.5254237288135594
0.04428524910452621 0.5423728813559322
0.04786714425268643 0.5423728813559322
0.04786714425268643 0.559322033898305
0.04916965157929014 0.559322033898305
0.04916965157929014 0.576271186440678
0.05600781504395962 0.576271186440678
0.05600781504395962 0.5932203389830508
0.05926408336046891 0.5932203389830508
0.05926408336046891 0.6101694915254238
0.06479973949853468 0.6101694915254238
0.06479973949853468 0.6271186440677966
0.06870726147834583 0.6271186440677966
0.06870726147834583 0.6440677966101694
0.08433734939759037 0.6440677966101694
0.08433734939759037 0.6610169491525424
0.13774014978834256 0.6610169491525424
0.13774014978834256 0.6779661016949152
0.1380657766199935 0.6779661016949152
0.1380657766199935 0.6949152542372882
0.1497883425594269 0.6949152542372882
0.1497883425594269 0.711864406779661
0.17583848909150115 0.711864406779661
0.17583848909150115 0.7288135593220338
0.2100293064148486 0.7288135593220338
0.2100293064148486 0.7457627118644068
0.21328557473135787 0.7457627118644068
0.21328557473135787 0.7627118644067796
0.2194724845327255 0.7627118644067796
0.2194724845327255 0.7796610169491526
0.24877889938130904 0.7796610169491526
0.24877889938130904 0.7966101694915254
0.2569195701725822 0.7966101694915254
0.2569195701725822 0.8135593220338984
0.3409312927385217 0.8135593220338984
0.3409312927385217 0.8305084745762712
0.3969391077824813 0.8305084745762712
0.3969391077824813 0.847457627118644
0.43471182025398897 0.847457627118644
0.43471182025398897 0.864406779661017
0.45229566916313907 0.864406779661017
0.45229566916313907 0.8813559322033898
0.45262129599479 0.8813559322033898
0.45262129599479 0.8983050847457628
0.46499511559752527 0.8983050847457628
0.46499511559752527 0.9152542372881356
0.49658091826766526 0.9152542372881356
0.49658091826766526 0.9322033898305084
0.5379355258873332 0.9322033898305084
0.5379355258873332 0.9491525423728814
0.5734288505372843 0.9491525423728814
0.5734288505372843 0.9661016949152542
0.7577336372517096 0.9661016949152542
0.7577336372517096 0.9830508474576272
0.8342559426896777 0.9830508474576272
0.8342559426896777 1.0
1.0 1.0
