0.027200000000000002 0.927941176470712 0.01401960784313722
0.0816 0.04666666666666688 9.80392156862745E-5
0.136 0.002843137254901962 0.00470588235294118
0.1904 0.0011764705882352938 3.92156862745098E-4
0.24480000000000002 2.941176470588235E-4 0.0
0.2992 0.0 0.0
0.3536 0.0 0.0
0.40800000000000003 0.0 0.0
0.46240000000000003 9.80392156862745E-5 0.0
0.5168 0.0 0.0
0.5712 0.0 0.0
0.6256 0.0 0.0
0.68 0.0 0.0
0.7344 0.0 0.0
0.7888000000000001 0.0 0.0
0.8432000000000001 9.80392156862745E-5 0.0
0.8976000000000001 0.0 0.0
0.9520000000000001 0.0 0.0
1.0064000000000002 9.80392156862745E-5 0.0
1.0608 0.0 0.0
1.1152000000000002 9.80392156862745E-5 0.0
1.1696 1.96078431372549E-4 0.0
1.2240000000000002 0.0 0.0
1.2784 0.0 0.0
1.3328000000000002 0.0 0.0
1.3872 0.0 0.0
1.4416000000000002 0.0 0.0
1.496 0.0 0.0
1.5504000000000002 9.80392156862745E-5 0.0
1.6048 9.80392156862745E-5 0.0
1.6592000000000002 0.0 9.80392156862745E-5
1.7136 0.0 0.0
1.7680000000000002 0.0 0.0
1.8224 0.0 9.80392156862745E-5
1.8768000000000002 0.0 0.0
1.9312 0.0 0.0
1.9856000000000003 9.80392156862745E-5 0.0
2.04 9.80392156862745E-5 0.0
2.0944000000000003 0.0 0.0
2.1488 0.0 0.0
2.2032000000000003 9.80392156862745E-5 0.0
2.2576 0.0 0.0
2.3120000000000003 0.0 1.96078431372549E-4
2.3664 0.0 0.0
2.4208000000000003 0.0 0.0
2.4752 9.80392156862745E-5 0.0
2.5296000000000003 0.0 0.0
2.584 0.0 0.0
2.6384000000000003 0.0 0.0
2.6928 0.0 0.0
2.7472000000000003 9.80392156862745E-5 0.0
