# ROCAUC: 0.735543
# False Positive Rate True Positive Rate
0.0 0.0
2.0E-4 0.0
2.0E-4 0.01
5.0E-4 0.01
5.0E-4 0.02
0.0019 0.02
0.0019 0.025
0.0021000000000000003 0.025
0.0021000000000000003 0.03
0.0027 0.03
0.0027 0.035
0.0029000000000000002 0.035
0.0029000000000000002 0.04
0.003 0.04
0.003 0.065
0.0031000000000000003 0.065
0.0031000000000000003 0.115
0.0033 0.115
0.0033 0.13
0.0034000000000000002 0.13
0.0034000000000000002 0.135
0.0039000000000000003 0.135
0.0039000000000000003 0.14
0.0045000000000000005 0.14
0.0045000000000000005 0.155
0.0047 0.155
0.0047 0.17500000000000002
0.0048000000000000004 0.17500000000000002
0.0048000000000000004 0.21
0.0049 0.21
0.0049 0.245
0.005 0.245
0.005 0.25
0.0054 0.25
0.0054 0.255
0.0056 0.255
0.0056 0.27
0.0058000000000000005 0.27
0.0058000000000000005 0.28
0.0378 0.28
0.0378 0.28500000000000003
0.0658 0.28500000000000003
0.0658 0.29
0.3695 0.29
0.3695 0.915
0.36970000000000003 0.915
0.36970000000000003 0.92
0.371 0.92
0.371 0.935
0.37270000000000003 0.935
0.37270000000000003 0.9500000000000001
0.37560000000000004 0.9500000000000001
0.37560000000000004 0.9550000000000001
0.3783 0.9550000000000001
0.3783 0.985
0.3803 0.985
0.3803 1.0
1.0 1.0
