# ROCAUC: 0.33636175
# False Positive Rate True Positive Rate
0.0 0.0
0.0 0.0025
1.0E-4 0.0025
1.0E-4 0.0125
3.5E-4 0.0125
3.5E-4 0.015
9.5E-4 0.015
9.5E-4 0.0175
0.0010500000000000002 0.0175
0.0010500000000000002 0.025
0.00235 0.025
0.00235 0.0275
0.00245 0.0275
0.00245 0.0325
0.0025 0.0325
0.0025 0.035
0.0027 0.035
0.0027 0.04
0.0027500000000000003 0.04
0.0027500000000000003 0.045
0.003 0.045
0.003 0.0475
0.00305 0.0475
0.00305 0.05
0.0031000000000000003 0.05
0.0031000000000000003 0.0525
0.0032 0.0525
0.0032 0.0625
0.004200000000000001 0.0625
0.004200000000000001 0.0825
0.00445 0.0825
0.00445 0.085
0.00485 0.085
0.00485 0.08750000000000001
0.005200000000000001 0.08750000000000001
0.005200000000000001 0.09
0.0056 0.09
0.0056 0.0925
0.00645 0.0925
0.00645 0.095
0.0066 0.095
0.0066 0.0975
0.006900000000000001 0.0975
0.006900000000000001 0.1
0.008150000000000001 0.1
0.008150000000000001 0.10250000000000001
0.00965 0.10250000000000001
0.00965 0.105
0.01625 0.105
0.01625 0.1075
0.0177 0.1075
0.0177 0.11
0.018000000000000002 0.11
0.018000000000000002 0.1125
0.01855 0.1125
0.01855 0.115
0.018600000000000002 0.115
0.018600000000000002 0.11750000000000001
0.019 0.11750000000000001
0.019 0.12
0.0194 0.12
0.0194 0.1225
0.0196 0.1225
0.0196 0.125
0.02015 0.125
0.02015 0.1275
0.02025 0.1275
0.02025 0.13
0.02035 0.13
0.02035 0.1325
0.0204 0.1325
0.0204 0.135
0.0211 0.135
0.0211 0.1375
0.02135 0.1375
0.02135 0.14
0.021500000000000002 0.14
0.021500000000000002 0.14250000000000002
0.02195 0.14250000000000002
0.02195 0.145
0.022250000000000002 0.145
0.022250000000000002 0.1475
0.023200000000000002 0.1475
0.023200000000000002 0.15
0.023950000000000003 0.15
0.023950000000000003 0.155
0.02435 0.155
0.02435 0.1575
0.0244 0.1575
0.0244 0.16
0.0246 0.16
0.0246 0.1625
0.024800000000000003 0.1625
0.024800000000000003 0.165
0.025 0.165
0.025 0.1675
0.02545 0.1675
0.02545 0.17
0.0257 0.17
0.0257 0.17500000000000002
0.025750000000000002 0.17500000000000002
0.025750000000000002 0.1775
0.0261 0.1775
0.0261 0.18
0.0264 0.18
0.0264 0.1825
0.02655 0.1825
0.02655 0.185
0.026850000000000002 0.185
0.026850000000000002 0.1875
0.027 0.1875
0.027 0.19
0.02705 0.19
0.02705 0.1925
0.0273 0.1925
0.0273 0.195
0.02765 0.195
0.02765 0.2
0.027800000000000002 0.2
0.027800000000000002 0.2025
0.028 0.2025
0.028 0.20500000000000002
0.0291 0.20500000000000002
0.0291 0.20750000000000002
0.02935 0.20750000000000002
0.02935 0.21
0.029750000000000002 0.21
0.029750000000000002 0.2125
0.03005 0.2125
0.03005 0.2175
0.0303 0.2175
0.0303 0.2225
0.030350000000000002 0.2225
0.030350000000000002 0.225
0.03065 0.225
0.03065 0.2275
0.0308 0.2275
0.0308 0.2325
0.031200000000000002 0.2325
0.031200000000000002 0.23500000000000001
0.0318 0.23500000000000001
0.0318 0.24
0.03195 0.24
0.03195 0.2425
0.03245 0.2425
0.03245 0.245
0.032600000000000004 0.245
0.032600000000000004 0.25
0.03325 0.25
0.03325 0.2525
0.033600000000000005 0.2525
0.033600000000000005 0.255
0.033800000000000004 0.255
0.033800000000000004 0.2575
0.034300000000000004 0.2575
0.034300000000000004 0.26
0.034550000000000004 0.26
0.034550000000000004 0.2625
0.0356 0.2625
0.0356 0.265
0.0358 0.265
0.0358 0.2675
0.03715 0.2675
0.03715 0.2725
0.037200000000000004 0.2725
0.037200000000000004 0.275
0.0376 0.275
0.0376 0.2775
0.03785 0.2775
0.03785 0.28500000000000003
0.038650000000000004 0.28500000000000003
0.038650000000000004 0.28750000000000003
0.03895 0.28750000000000003
0.03895 0.29
0.03935 0.29
0.03935 0.295
0.040400000000000005 0.295
0.040400000000000005 0.2975
0.0412 0.2975
0.0412 0.3025
0.04195 0.3025
0.04195 0.305
0.04225 0.305
0.04225 0.3075
0.0432 0.3075
0.0432 0.31
0.044700000000000004 0.31
0.044700000000000004 0.315
0.0472 0.315
0.0472 0.3175
0.04755 0.3175
0.04755 0.32
0.62275 0.32
0.62275 0.355
0.7121000000000001 0.355
0.7121000000000001 0.36
0.762 0.36
0.762 0.3625
0.9517 0.3625
0.9517 0.45
0.98655 0.45
1.0 1.0
1.0 1.0
