0.01 0.0 0.0
0.03 0.01092896174863388 0.0
0.05 0.07650273224043719 0.0
0.07 0.1748633879781422 0.0
0.09 0.16120218579234982 0.0
0.11 0.16120218579234982 0.0
0.13 0.10109289617486343 0.0
0.15 0.07923497267759565 0.0
0.17 0.03825136612021858 0.0
0.19 0.03825136612021858 0.0
0.21 0.030054644808743168 0.0
0.23 0.02459016393442623 0.0
0.25 0.00546448087431694 0.0
0.27 0.01366120218579235 0.0
0.29 0.00546448087431694 0.00273224043715847
0.31 0.01366120218579235 0.0
0.33 0.00819672131147541 0.00546448087431694
0.35000000000000003 0.00819672131147541 0.0
0.37 0.0 0.0
0.39 0.00546448087431694 0.00273224043715847
0.41000000000000003 0.00546448087431694 0.00273224043715847
0.43 0.00273224043715847 0.0
0.45 0.00273224043715847 0.00273224043715847
0.47000000000000003 0.0 0.0
0.49 0.0 0.0
0.51 0.00273224043715847 0.0
0.53 0.0 0.0
0.55 0.0 0.0
0.5700000000000001 0.0 0.0
0.59 0.0 0.0
0.61 0.0 0.00273224043715847
0.63 0.0 0.0
0.65 0.0 0.0
0.67 0.0 0.0
0.6900000000000001 0.00273224043715847 0.0
0.71 0.0 0.0
0.73 0.0 0.0
0.75 0.0 0.00273224043715847
0.77 0.0 0.0
0.79 0.0 0.0
0.81 0.0 0.0
0.8300000000000001 0.0 0.0
0.85 0.0 0.0
0.87 0.0 0.0
0.89 0.00273224043715847 0.0
0.91 0.0 0.0
0.93 0.0 0.0
0.9500000000000001 0.0 0.0
0.97 0.0 0.0
0.99 0.0 0.0
1.01 0.0 0.0
1.03 0.0 0.0
1.05 0.0 0.0
1.07 0.0 0.0
1.09 0.0 0.0
1.11 0.0 0.0
1.1300000000000001 0.0 0.0
1.1500000000000001 0.0 0.0
1.17 0.0 0.0
1.19 0.0 0.0
1.21 0.0 0.0
1.23 0.0 0.00273224043715847
