# ROCAUC: 0.9788359788359788
# False Positive Rate True Positive Rate
0.0 0.0
0.0 0.1111111111111111
0.0028011204481792717 0.1111111111111111
0.0028011204481792717 0.2222222222222222
0.0056022408963585435 0.2222222222222222
0.0056022408963585435 0.3333333333333333
0.011204481792717087 0.3333333333333333
0.011204481792717087 0.4444444444444444
0.014005602240896359 0.4444444444444444
0.014005602240896359 0.5555555555555556
0.022408963585434174 0.5555555555555556
0.022408963585434174 0.6666666666666666
0.0392156862745098 0.6666666666666666
0.0392156862745098 0.8888888888888888
0.056022408963585436 0.8888888888888888
0.056022408963585436 1.0
1.0 1.0
