0.0164 0.0012779552715654952 0.0
0.0188 0.003833865814696485 0.0
0.0212 0.0159744408945687 0.0
0.0236 0.03642172523961654 0.0
0.026000000000000002 0.05559105431309888 0.0
0.0284 0.08370607028753965 0.0
0.0308 0.09424920127795494 0.0
0.0332 0.10543130990415298 9.584664536741214E-4
0.0356 0.08913738019169298 0.0012779552715654952
0.038000000000000006 0.07923322683706044 9.584664536741214E-4
0.040400000000000005 0.06485623003194868 6.389776357827476E-4
0.042800000000000005 0.058785942492012605 0.0
0.045200000000000004 0.04792332268370594 9.584664536741214E-4
0.0476 0.03706070287539928 6.389776357827476E-4
0.05 0.0380191693290734 0.0
0.0524 0.02939297124600634 6.389776357827476E-4
0.0548 0.022364217252396148 3.194888178913738E-4
0.0572 0.014057507987220457 6.389776357827476E-4
0.0596 0.014057507987220457 9.584664536741214E-4
0.062 0.013099041533546334 0.0012779552715654952
0.0644 0.010223642172523967 0.0
0.0668 0.010543130990415341 0.0
0.06920000000000001 0.005431309904153355 3.194888178913738E-4
0.07160000000000001 0.00894568690095847 3.194888178913738E-4
0.07400000000000001 0.003514376996805111 9.584664536741214E-4
0.07640000000000001 0.006709265175718852 3.194888178913738E-4
0.07880000000000001 0.003833865814696485 3.194888178913738E-4
0.08120000000000001 0.0031948881789137375 0.0012779552715654952
0.08360000000000001 0.0028753993610223638 6.389776357827476E-4
0.08600000000000001 0.001597444089456869 3.194888178913738E-4
0.0884 0.001597444089456869 0.0
0.0908 0.003833865814696485 3.194888178913738E-4
0.0932 0.0028753993610223638 3.194888178913738E-4
0.0956 0.001597444089456869 3.194888178913738E-4
0.09800000000000002 0.0019169329073482426 0.0
0.10040000000000002 0.0019169329073482426 3.194888178913738E-4
0.10280000000000002 6.389776357827476E-4 0.0
0.10520000000000002 0.0 3.194888178913738E-4
0.10760000000000002 0.0012779552715654952 3.194888178913738E-4
0.11000000000000001 3.194888178913738E-4 0.0
0.11240000000000001 6.389776357827476E-4 0.0
0.11480000000000001 9.584664536741214E-4 0.0
0.11720000000000001 6.389776357827476E-4 0.0
0.11960000000000001 6.389776357827476E-4 3.194888178913738E-4
0.12200000000000001 0.0 0.0
0.12440000000000001 0.0 0.0
0.1268 3.194888178913738E-4 0.0
0.1292 0.0 0.0
0.1316 0.0 3.194888178913738E-4
0.134 3.194888178913738E-4 0.0
0.13640000000000002 0.0 3.194888178913738E-4
0.1388 0.0 3.194888178913738E-4
0.14120000000000002 0.0 3.194888178913738E-4
0.1436 0.0 3.194888178913738E-4
0.146 0.0 0.0
0.1484 0.0 0.0
0.1508 3.194888178913738E-4 3.194888178913738E-4
0.1532 0.0 3.194888178913738E-4
0.15560000000000002 0.0 3.194888178913738E-4
0.158 0.0 0.0
0.16040000000000001 0.0 0.0
0.1628 0.0 0.0
0.1652 0.0 0.0
0.1676 0.0 0.0
0.17 0.0 0.0
0.1724 0.0 0.0
0.1748 0.0 0.0
0.1772 0.0 0.0
0.1796 0.0 0.0
0.182 0.0 0.0
0.1844 0.0 0.0
0.1868 0.0 0.0
0.1892 0.0 3.194888178913738E-4
