# ROCAUC: 0.8376833030702747
# False Positive Rate True Positive Rate
0.0 0.0
0.0 0.06779661016949153
3.2562683165092806E-4 0.06779661016949153
3.2562683165092806E-4 0.13559322033898305
6.512536633018561E-4 0.13559322033898305
6.512536633018561E-4 0.15254237288135594
0.0016281341582546403 0.15254237288135594
0.0016281341582546403 0.1694915254237288
0.004233148811462065 0.1694915254237288
0.004233148811462065 0.1864406779661017
0.005535656138065777 0.1864406779661017
0.005535656138065777 0.2033898305084746
0.0081406707912732 0.2033898305084746
0.0081406707912732 0.22033898305084745
0.01009443178117877 0.22033898305084745
0.01009443178117877 0.23728813559322035
0.014001953760989906 0.23728813559322035
0.014001953760989906 0.2542372881355932
0.017909475740801043 0.2542372881355932
0.017909475740801043 0.2711864406779661
0.02181699772061218 0.2711864406779661
0.02181699772061218 0.288135593220339
0.022468251383914038 0.288135593220339
0.022468251383914038 0.3220338983050847
0.02507326603712146 0.3220338983050847
0.02507326603712146 0.3389830508474576
0.026050146532074245 0.3389830508474576
0.026050146532074245 0.3559322033898305
0.0267014001953761 0.3559322033898305
0.0267014001953761 0.3898305084745763
0.028980788016932598 0.3898305084745763
0.028980788016932598 0.4067796610169492
0.03744708563985673 0.4067796610169492
0.03744708563985673 0.423728813559322
0.03907521979811137 0.423728813559322
0.03907521979811137 0.4406779661016949
0.041028980788016936 0.4406779661016949
0.041028980788016936 0.4576271186440678
0.04233148811462065 0.4576271186440678
0.04233148811462065 0.4745762711864407
0.04851839791598828 0.4745762711864407
0.04851839791598828 0.4915254237288136
0.05535656138065777 0.4915254237288136
0.05535656138065777 0.5084745762711864
0.0801042005861283 0.5084745762711864
0.0801042005861283 0.5254237288135594
0.08205796157603387 0.5254237288135594
0.08205796157603387 0.5423728813559322
0.08791924454575058 0.5423728813559322
0.08791924454575058 0.559322033898305
0.08987300553565615 0.559322033898305
0.08987300553565615 0.576271186440678
0.09899055682188213 0.576271186440678
0.09899055682188213 0.5932203389830508
0.10029306414848584 0.5932203389830508
0.10029306414848584 0.6101694915254238
0.10354933246499512 0.6101694915254238
0.10354933246499512 0.6271186440677966
0.11299251058287203 0.6271186440677966
0.11299251058287203 0.6440677966101694
0.11885379355258874 0.6440677966101694
0.11885379355258874 0.6610169491525424
0.1253663301856073 0.6610169491525424
0.1253663301856073 0.6779661016949152
0.1683490719635298 0.6779661016949152
0.1683490719635298 0.6949152542372882
0.17095408661673722 0.6949152542372882
0.17095408661673722 0.711864406779661
0.2230543796808857 0.711864406779661
0.2230543796808857 0.7288135593220338
0.2321719309671117 0.7288135593220338
0.2321719309671117 0.7457627118644068
0.29208726799088247 0.7457627118644068
0.29208726799088247 0.7627118644067796
0.29338977531748617 0.7627118644067796
0.29338977531748617 0.7796610169491526
0.2979485509605992 0.7796610169491526
0.2979485509605992 0.7966101694915254
0.3594920221426246 0.7966101694915254
0.3594920221426246 0.8135593220338984
0.3783783783783784 0.8135593220338984
0.3783783783783784 0.8305084745762712
0.4568544448062521 0.8305084745762712
0.4568544448062521 0.847457627118644
0.4734614132204494 0.847457627118644
0.4734614132204494 0.864406779661017
0.48811462064474115 0.864406779661017
0.48811462064474115 0.8813559322033898
0.5174210354933246 0.8813559322033898
0.5174210354933246 0.8983050847457628
0.542819928362097 0.8983050847457628
0.542819928362097 0.9152542372881356
0.5617062845978509 0.9152542372881356
0.5617062845978509 0.9322033898305084
0.5900358189514816 0.9322033898305084
0.5900358189514816 0.9491525423728814
0.6473461413220449 0.9491525423728814
0.6473461413220449 0.9661016949152542
0.6623249755779876 0.9661016949152542
0.6623249755779876 0.9830508474576272
0.6932595245848259 0.9830508474576272
0.6932595245848259 1.0
1.0 1.0
