0.08960000000000001 0.9796104613458629 0.01834818319364084
0.26880000000000004 9.606378635413915E-4 4.803189317706957E-5
0.44800000000000006 5.283508249477653E-4 4.803189317706957E-5
0.6272000000000001 9.606378635413914E-5 4.803189317706957E-5
0.8064000000000001 2.4015946588534786E-5 0.0
0.9856000000000001 2.4015946588534786E-5 0.0
1.1648 2.4015946588534786E-5 0.0
1.3440000000000003 0.0 0.0
1.5232 0.0 0.0
1.7024000000000004 0.0 0.0
1.8816000000000002 2.4015946588534786E-5 2.4015946588534786E-5
2.0608000000000004 0.0 0.0
2.24 4.803189317706957E-5 0.0
2.4192000000000005 2.4015946588534786E-5 0.0
2.5984000000000003 0.0 0.0
2.7776000000000005 0.0 0.0
2.9568000000000003 0.0 0.0
3.1360000000000006 0.0 0.0
3.3152000000000004 0.0 0.0
3.4944000000000006 0.0 0.0
3.6736000000000004 4.803189317706957E-5 0.0
3.8528000000000007 0.0 0.0
4.032000000000001 0.0 0.0
4.211200000000001 0.0 0.0
4.3904000000000005 0.0 0.0
4.5696 0.0 0.0
4.748800000000001 0.0 0.0
4.928000000000001 0.0 2.4015946588534786E-5
5.107200000000001 0.0 0.0
5.2864 0.0 0.0
5.465600000000001 0.0 0.0
5.644800000000001 0.0 0.0
5.824000000000001 0.0 0.0
6.0032000000000005 0.0 0.0
6.182400000000001 0.0 0.0
6.361600000000001 0.0 0.0
6.540800000000001 0.0 0.0
6.720000000000001 0.0 0.0
6.899200000000001 0.0 0.0
7.078400000000001 0.0 0.0
7.257600000000001 0.0 0.0
7.436800000000001 0.0 0.0
7.616000000000001 0.0 0.0
7.795200000000001 0.0 0.0
7.974400000000001 0.0 0.0
8.1536 0.0 0.0
8.3328 0.0 0.0
8.512 0.0 0.0
8.691200000000002 0.0 0.0
8.870400000000002 0.0 0.0
9.049600000000002 0.0 0.0
9.228800000000001 0.0 0.0
9.408000000000001 0.0 0.0
9.587200000000001 0.0 0.0
9.7664 0.0 0.0
9.9456 0.0 0.0
10.124800000000002 0.0 0.0
10.304000000000002 0.0 0.0
10.483200000000002 0.0 0.0
10.662400000000002 0.0 0.0
10.841600000000001 0.0 0.0
11.020800000000001 0.0 0.0
11.200000000000001 0.0 0.0
11.3792 0.0 0.0
11.558400000000002 0.0 0.0
11.737600000000002 0.0 0.0
11.916800000000002 2.4015946588534786E-5 0.0
