# Precision @ 1544: 0.21955958549222798
###############################################################
# k Precision
1 0.0
2 0.5
3 0.3333333333333333
4 0.25
5 0.2
6 0.16666666666666666
7 0.14285714285714285
8 0.125
9 0.2222222222222222
10 0.2
11 0.18181818181818182
12 0.16666666666666666
13 0.23076923076923078
14 0.2857142857142857
15 0.26666666666666666
16 0.25
17 0.23529411764705882
18 0.2222222222222222
19 0.21052631578947367
20 0.2
21 0.19047619047619047
22 0.22727272727272727
23 0.21739130434782608
24 0.20833333333333334
25 0.24
26 0.23076923076923078
27 0.2222222222222222
28 0.21428571428571427
29 0.20689655172413793
30 0.2
31 0.1935483870967742
32 0.1875
33 0.18181818181818182
34 0.17647058823529413
35 0.17142857142857143
36 0.16666666666666666
37 0.16216216216216217
38 0.15789473684210525
39 0.15384615384615385
40 0.15
41 0.14634146341463414
42 0.14285714285714285
43 0.13953488372093023
44 0.13636363636363635
45 0.13333333333333333
46 0.13043478260869565
47 0.1276595744680851
48 0.125
49 0.12244897959183673
50 0.12
51 0.11764705882352941
52 0.11538461538461539
53 0.11320754716981132
54 0.1111111111111111
55 0.10909090909090909
56 0.10714285714285714
57 0.10526315789473684
58 0.10344827586206896
59 0.1016949152542373
60 0.1
61 0.09836065573770492
62 0.0967741935483871
63 0.09523809523809523
64 0.09375
65 0.09230769230769231
66 0.09090909090909091
67 0.08955223880597014
68 0.08823529411764706
69 0.08695652173913043
70 0.08571428571428572
71 0.08450704225352113
72 0.08333333333333333
73 0.0821917808219178
74 0.08108108108108109
75 0.08
76 0.07894736842105263
77 0.09090909090909091
78 0.08974358974358974
79 0.08860759493670886
80 0.1
81 0.09876543209876543
82 0.0975609756097561
83 0.0963855421686747
84 0.09523809523809523
85 0.09411764705882353
86 0.09302325581395349
87 0.09195402298850575
88 0.10227272727272728
89 0.10112359550561797
90 0.1111111111111111
91 0.10989010989010989
92 0.10869565217391304
93 0.10752688172043011
94 0.10638297872340426
95 0.10526315789473684
96 0.10416666666666667
97 0.10309278350515463
98 0.10204081632653061
99 0.10101010101010101
100 0.11
101 0.10891089108910891
102 0.10784313725490197
103 0.11650485436893204
104 0.11538461538461539
105 0.12380952380952381
106 0.1320754716981132
107 0.1308411214953271
108 0.12962962962962962
109 0.12844036697247707
110 0.13636363636363635
111 0.13513513513513514
112 0.13392857142857142
113 0.1415929203539823
114 0.14035087719298245
115 0.1391304347826087
116 0.13793103448275862
117 0.13675213675213677
118 0.13559322033898305
119 0.14285714285714285
120 0.14166666666666666
121 0.14049586776859505
122 0.13934426229508196
123 0.14634146341463414
124 0.14516129032258066
125 0.144
126 0.15079365079365079
127 0.15748031496062992
128 0.1640625
129 0.17054263565891473
130 0.17692307692307693
131 0.183206106870229
132 0.18181818181818182
133 0.18045112781954886
134 0.1865671641791045
135 0.18518518518518517
136 0.18382352941176472
137 0.1897810218978102
138 0.1956521739130435
139 0.2014388489208633
140 0.20714285714285716
141 0.2127659574468085
142 0.21830985915492956
143 0.21678321678321677
144 0.2152777777777778
145 0.21379310344827587
146 0.2191780821917808
147 0.22448979591836735
148 0.22297297297297297
149 0.22818791946308725
150 0.23333333333333334
151 0.23178807947019867
152 0.23684210526315788
153 0.23529411764705882
154 0.24025974025974026
155 0.24516129032258063
156 0.25
157 0.25477707006369427
158 0.25949367088607594
159 0.2641509433962264
160 0.26875
161 0.2732919254658385
162 0.2777777777777778
163 0.2822085889570552
164 0.2865853658536585
165 0.2909090909090909
166 0.2891566265060241
167 0.2874251497005988
168 0.2857142857142857
169 0.28994082840236685
170 0.28823529411764703
171 0.29239766081871343
172 0.29651162790697677
173 0.30057803468208094
174 0.2988505747126437
175 0.29714285714285715
176 0.29545454545454547
177 0.2937853107344633
178 0.29213483146067415
179 0.29608938547486036
180 0.29444444444444445
181 0.2983425414364641
182 0.3021978021978022
183 0.30601092896174864
184 0.30434782608695654
185 0.3081081081081081
186 0.3064516129032258
187 0.31016042780748665
188 0.31382978723404253
189 0.31746031746031744
190 0.32105263157894737
191 0.32460732984293195
192 0.3229166666666667
193 0.32642487046632124
194 0.3247422680412371
195 0.3282051282051282
196 0.33163265306122447
197 0.3350253807106599
198 0.3383838383838384
199 0.3417085427135678
200 0.34
201 0.3383084577114428
202 0.3415841584158416
203 0.3448275862068966
204 0.3431372549019608
205 0.34146341463414637
206 0.33980582524271846
207 0.34299516908212563
208 0.34615384615384615
209 0.3444976076555024
210 0.3476190476190476
211 0.35071090047393366
212 0.3490566037735849
213 0.3474178403755869
214 0.35046728971962615
215 0.35348837209302325
216 0.35648148148148145
217 0.3548387096774194
218 0.3577981651376147
219 0.3561643835616438
220 0.35909090909090907
221 0.3574660633484163
222 0.35585585585585583
223 0.35874439461883406
224 0.36160714285714285
225 0.36
226 0.36283185840707965
227 0.3656387665198238
228 0.3684210526315789
229 0.36681222707423583
230 0.3695652173913043
231 0.3722943722943723
232 0.3706896551724138
233 0.36909871244635195
234 0.3717948717948718
235 0.3702127659574468
236 0.3686440677966102
237 0.3670886075949367
238 0.3697478991596639
239 0.3723849372384937
240 0.37083333333333335
241 0.36929460580912865
242 0.371900826446281
243 0.37037037037037035
244 0.36885245901639346
245 0.3673469387755102
246 0.3699186991869919
247 0.3684210526315789
248 0.36693548387096775
249 0.3654618473895582
250 0.364
251 0.36254980079681276
252 0.36507936507936506
253 0.36363636363636365
254 0.36220472440944884
255 0.3607843137254902
256 0.359375
257 0.36186770428015563
258 0.36046511627906974
259 0.36293436293436293
260 0.36538461538461536
261 0.367816091954023
262 0.366412213740458
263 0.3688212927756654
264 0.36742424242424243
265 0.36981132075471695
266 0.37218045112781956
267 0.3707865168539326
268 0.3694029850746269
269 0.3680297397769517
270 0.37037037037037035
271 0.36900369003690037
272 0.3713235294117647
273 0.36996336996337
274 0.3722627737226277
275 0.37454545454545457
276 0.37318840579710144
277 0.37545126353790614
278 0.37410071942446044
279 0.3763440860215054
280 0.375
281 0.3736654804270463
282 0.375886524822695
283 0.37809187279151946
284 0.3767605633802817
285 0.37894736842105264
286 0.3776223776223776
287 0.37630662020905925
288 0.375
289 0.3737024221453287
290 0.3758620689655172
291 0.37800687285223367
292 0.3801369863013699
293 0.3822525597269625
294 0.38095238095238093
295 0.37966101694915255
296 0.38175675675675674
297 0.38047138047138046
298 0.3825503355704698
299 0.38461538461538464
300 0.38333333333333336
301 0.3853820598006645
302 0.3841059602649007
303 0.38283828382838286
304 0.3848684210526316
305 0.3836065573770492
306 0.38562091503267976
307 0.38436482084690554
308 0.38636363636363635
309 0.3851132686084142
310 0.38387096774193546
311 0.38263665594855306
312 0.3814102564102564
313 0.3801916932907348
314 0.37898089171974525
315 0.37777777777777777
316 0.37658227848101267
317 0.3785488958990536
318 0.37735849056603776
319 0.3793103448275862
320 0.378125
321 0.38006230529595014
322 0.37888198757763975
323 0.37770897832817335
324 0.3765432098765432
325 0.37538461538461537
326 0.3773006134969325
327 0.3761467889908257
328 0.375
329 0.3768996960486322
330 0.37575757575757573
331 0.37462235649546827
332 0.37349397590361444
333 0.37537537537537535
334 0.37425149700598803
335 0.3761194029850746
336 0.375
337 0.3768545994065282
338 0.3757396449704142
339 0.3746312684365782
340 0.3735294117647059
341 0.3724340175953079
342 0.3713450292397661
343 0.37026239067055394
344 0.37209302325581395
345 0.3710144927536232
346 0.3699421965317919
347 0.3688760806916426
348 0.367816091954023
349 0.3667621776504298
350 0.3657142857142857
351 0.3646723646723647
352 0.3664772727272727
353 0.3654390934844193
354 0.3644067796610169
355 0.36338028169014086
356 0.3651685393258427
357 0.36694677871148457
358 0.3659217877094972
359 0.3649025069637883
360 0.36666666666666664
361 0.3684210526315789
362 0.3701657458563536
363 0.3691460055096419
364 0.36813186813186816
365 0.36712328767123287
366 0.366120218579235
367 0.3678474114441417
368 0.36684782608695654
369 0.3685636856368564
370 0.3675675675675676
371 0.3665768194070081
372 0.3655913978494624
373 0.3646112600536193
374 0.36363636363636365
375 0.3626666666666667
376 0.3617021276595745
377 0.36074270557029176
378 0.35978835978835977
379 0.35883905013192613
380 0.35789473684210527
381 0.3569553805774278
382 0.35602094240837695
383 0.35509138381201044
384 0.3567708333333333
385 0.35844155844155845
386 0.3601036269430052
387 0.35917312661498707
388 0.36082474226804123
389 0.36246786632390743
390 0.3641025641025641
391 0.3631713554987212
392 0.3622448979591837
393 0.361323155216285
394 0.3604060913705584
395 0.3620253164556962
396 0.3611111111111111
397 0.3602015113350126
398 0.3592964824120603
399 0.3609022556390977
400 0.36
401 0.35910224438902744
402 0.36069651741293535
403 0.36228287841191065
404 0.3613861386138614
405 0.36049382716049383
406 0.35960591133004927
407 0.35872235872235875
408 0.35784313725490197
409 0.3569682151589242
410 0.35609756097560974
411 0.35523114355231145
412 0.35436893203883496
413 0.3559322033898305
414 0.35507246376811596
415 0.3542168674698795
416 0.3557692307692308
417 0.354916067146283
418 0.35406698564593303
419 0.3532219570405728
420 0.3547619047619048
421 0.35629453681710216
422 0.3578199052132701
423 0.35933806146572106
424 0.3608490566037736
425 0.3623529411764706
426 0.36384976525821594
427 0.3629976580796253
428 0.3621495327102804
429 0.3613053613053613
430 0.36046511627906974
431 0.35962877030162416
432 0.3587962962962963
433 0.36027713625866054
434 0.35944700460829493
435 0.3586206896551724
436 0.36009174311926606
437 0.36155606407322655
438 0.363013698630137
439 0.3621867881548975
440 0.3613636363636364
441 0.36054421768707484
442 0.36199095022624433
443 0.3611738148984199
444 0.36036036036036034
445 0.3595505617977528
446 0.35874439461883406
447 0.3579418344519016
448 0.359375
449 0.36080178173719374
450 0.3622222222222222
451 0.3614190687361419
452 0.3606194690265487
453 0.3598233995584989
454 0.3590308370044053
455 0.35824175824175825
456 0.35964912280701755
457 0.3588621444201313
458 0.35807860262008734
459 0.35947712418300654
460 0.358695652173913
461 0.3579175704989154
462 0.35714285714285715
463 0.35853131749460043
464 0.3577586206896552
465 0.35698924731182796
466 0.3562231759656652
467 0.3576017130620985
468 0.35683760683760685
469 0.35607675906183367
470 0.3553191489361702
471 0.35456475583864117
472 0.3538135593220339
473 0.35306553911205074
474 0.35232067510548526
475 0.35157894736842105
476 0.35084033613445376
477 0.350104821802935
478 0.3493723849372385
479 0.348643006263048
480 0.35
481 0.3492723492723493
482 0.34854771784232363
483 0.34782608695652173
484 0.34710743801652894
485 0.34845360824742266
486 0.3497942386831276
487 0.3490759753593429
488 0.3483606557377049
489 0.3476482617586912
490 0.3469387755102041
491 0.34826883910386963
492 0.3475609756097561
493 0.3488843813387424
494 0.3481781376518219
495 0.3474747474747475
496 0.3467741935483871
497 0.34808853118712274
498 0.3473895582329317
499 0.3466933867735471
500 0.346
501 0.34530938123752497
502 0.34462151394422313
503 0.34393638170974156
504 0.34325396825396826
505 0.3425742574257426
506 0.3438735177865613
507 0.3431952662721893
508 0.3425196850393701
509 0.343811394891945
510 0.3431372549019608
511 0.3424657534246575
512 0.341796875
513 0.341130604288499
514 0.3404669260700389
515 0.33980582524271846
516 0.3391472868217054
517 0.33849129593810445
518 0.33976833976833976
519 0.33911368015414256
520 0.3384615384615385
521 0.3378119001919386
522 0.3390804597701149
523 0.3384321223709369
524 0.3377862595419847
525 0.33714285714285713
526 0.3365019011406844
527 0.33586337760910817
528 0.3352272727272727
529 0.33459357277882795
530 0.33584905660377357
531 0.3352165725047081
532 0.33458646616541354
533 0.3339587242026266
534 0.3352059925093633
535 0.33457943925233646
536 0.333955223880597
537 0.3333333333333333
538 0.3345724907063197
539 0.3339517625231911
540 0.3333333333333333
541 0.33271719038817005
542 0.33210332103321033
543 0.3314917127071823
544 0.33088235294117646
545 0.3302752293577982
546 0.32967032967032966
547 0.3290676416819013
548 0.3284671532846715
549 0.32786885245901637
550 0.32727272727272727
551 0.32667876588021777
552 0.32608695652173914
553 0.325497287522604
554 0.3249097472924188
555 0.32432432432432434
556 0.3237410071942446
557 0.3231597845601436
558 0.3225806451612903
559 0.3220035778175313
560 0.32142857142857145
561 0.32085561497326204
562 0.3220640569395018
563 0.32149200710479575
564 0.32269503546099293
565 0.3238938053097345
566 0.32332155477031804
567 0.32451499118165783
568 0.323943661971831
569 0.3233743409490334
570 0.32280701754385965
571 0.3239929947460595
572 0.32342657342657344
573 0.3228621291448517
574 0.32229965156794427
575 0.3217391304347826
576 0.3229166666666667
577 0.3223570190641248
578 0.3217993079584775
579 0.32124352331606215
580 0.32068965517241377
581 0.32013769363166955
582 0.32130584192439865
583 0.32075471698113206
584 0.3202054794520548
585 0.31965811965811963
586 0.3191126279863481
587 0.3185689948892675
588 0.31802721088435376
589 0.31918505942275044
590 0.31864406779661014
591 0.3197969543147208
592 0.32094594594594594
593 0.32040472175379425
594 0.32154882154882153
595 0.3226890756302521
596 0.3238255033557047
597 0.3232830820770519
598 0.32274247491638797
599 0.32220367278797996
600 0.32166666666666666
601 0.3227953410981697
602 0.3239202657807309
603 0.32338308457711445
604 0.3228476821192053
605 0.32231404958677684
606 0.3234323432343234
607 0.3228995057660626
608 0.3223684210526316
609 0.32348111658456485
610 0.32295081967213113
611 0.32242225859247137
612 0.32189542483660133
613 0.32137030995106036
614 0.32084690553745926
615 0.3203252032520325
616 0.3198051948051948
617 0.3192868719611021
618 0.3187702265372168
619 0.3182552504038772
620 0.317741935483871
621 0.3172302737520129
622 0.3167202572347267
623 0.3162118780096308
624 0.3157051282051282
625 0.3168
626 0.31629392971246006
627 0.3157894736842105
628 0.31528662420382164
629 0.314785373608903
630 0.3142857142857143
631 0.31378763866877973
632 0.31329113924050633
633 0.3127962085308057
634 0.31230283911671924
635 0.31181102362204727
636 0.3113207547169811
637 0.31240188383045525
638 0.31191222570532917
639 0.3114241001564945
640 0.3109375
641 0.31045241809672386
642 0.3099688473520249
643 0.3094867807153966
644 0.3090062111801242
645 0.31007751937984496
646 0.3111455108359133
647 0.312210200927357
648 0.3117283950617284
649 0.31124807395993837
650 0.31076923076923074
651 0.3102918586789555
652 0.3098159509202454
653 0.3093415007656968
654 0.308868501529052
655 0.3099236641221374
656 0.3094512195121951
657 0.3089802130898021
658 0.30851063829787234
659 0.30804248861911987
660 0.30757575757575756
661 0.3071104387291982
662 0.3066465256797583
663 0.30618401206636503
664 0.3057228915662651
665 0.30526315789473685
666 0.3048048048048048
667 0.30434782608695654
668 0.30389221556886226
669 0.3034379671150972
670 0.3044776119402985
671 0.30402384500745155
672 0.30357142857142855
673 0.3031203566121842
674 0.3026706231454006
675 0.3022222222222222
676 0.30177514792899407
677 0.30132939438700146
678 0.3008849557522124
679 0.3019145802650957
680 0.3029411764705882
681 0.302496328928047
682 0.3035190615835777
683 0.30307467057101023
684 0.30409356725146197
685 0.30364963503649633
686 0.3032069970845481
687 0.3042212518195051
688 0.30377906976744184
689 0.3033381712626996
690 0.30289855072463767
691 0.3024602026049204
692 0.3020231213872832
693 0.30158730158730157
694 0.3011527377521614
695 0.30071942446043165
696 0.30028735632183906
697 0.2998565279770445
698 0.2994269340974212
699 0.2989985693848355
700 0.2985714285714286
701 0.29814550641940085
702 0.29772079772079774
703 0.2972972972972973
704 0.296875
705 0.29645390070921984
706 0.29603399433427763
707 0.2956152758132956
708 0.2951977401129944
709 0.2947813822284908
710 0.2943661971830986
711 0.29535864978902954
712 0.2949438202247191
713 0.29453015427769985
714 0.29411764705882354
715 0.2951048951048951
716 0.29608938547486036
717 0.29707112970711297
718 0.2966573816155989
719 0.29624478442280944
720 0.2972222222222222
721 0.29680998613037446
722 0.296398891966759
723 0.2959889349930844
724 0.2969613259668508
725 0.296551724137931
726 0.29614325068870523
727 0.29573590096286106
728 0.29532967032967034
729 0.29492455418381347
730 0.2945205479452055
731 0.29411764705882354
732 0.2937158469945355
733 0.2933151432469304
734 0.29291553133514986
735 0.2925170068027211
736 0.2921195652173913
737 0.2930800542740841
738 0.2926829268292683
739 0.2922868741542625
740 0.2918918918918919
741 0.291497975708502
742 0.29110512129380056
743 0.29071332436069985
744 0.2916666666666667
745 0.2912751677852349
746 0.29088471849865954
747 0.29049531459170014
748 0.29010695187165775
749 0.2897196261682243
750 0.2906666666666667
751 0.29027962716378164
752 0.2898936170212766
753 0.28950863213811423
754 0.29045092838196285
755 0.2900662251655629
756 0.2896825396825397
757 0.2892998678996037
758 0.28891820580474936
759 0.2885375494071146
760 0.2881578947368421
761 0.28777923784494086
762 0.2874015748031496
763 0.2870249017038008
764 0.2879581151832461
765 0.2875816993464052
766 0.28720626631853785
767 0.28683181225554105
768 0.2864583333333333
769 0.28608582574772434
770 0.287012987012987
771 0.28793774319066145
772 0.28886010362694303
773 0.2884864165588616
774 0.28811369509043927
775 0.28903225806451616
776 0.28994845360824745
777 0.2908622908622909
778 0.29048843187660667
779 0.2901155327342747
780 0.28974358974358977
781 0.2893725992317542
782 0.289002557544757
783 0.2886334610472541
784 0.288265306122449
785 0.2878980891719745
786 0.2875318066157761
787 0.28716645489199494
788 0.2868020304568528
789 0.2877059569074778
790 0.28860759493670884
791 0.2895069532237674
792 0.2904040404040404
793 0.29129886506935687
794 0.29093198992443325
795 0.2918238993710692
796 0.2914572864321608
797 0.29109159347553326
798 0.29197994987468673
799 0.2928660826032541
800 0.2925
801 0.2933832709113608
802 0.29301745635910226
803 0.29265255292652553
804 0.2922885572139303
805 0.2919254658385093
806 0.29280397022332505
807 0.29244114002478316
808 0.29207920792079206
809 0.29171817058096416
810 0.291358024691358
811 0.2909987669543773
812 0.291871921182266
813 0.2915129151291513
814 0.29115479115479115
815 0.2907975460122699
816 0.29044117647058826
817 0.29008567931456547
818 0.28973105134474325
819 0.2905982905982906
820 0.29024390243902437
821 0.28989037758830694
822 0.2895377128953771
823 0.2891859052247874
824 0.28883495145631066
825 0.2884848484848485
826 0.288135593220339
827 0.2877871825876663
828 0.2886473429951691
829 0.2882991556091677
830 0.28795180722891567
831 0.28760529482551145
832 0.28725961538461536
833 0.28691476590636256
834 0.2865707434052758
835 0.28622754491017965
836 0.28588516746411485
837 0.2855436081242533
838 0.2863961813842482
839 0.2872467222884386
840 0.2869047619047619
841 0.28656361474435194
842 0.2862232779097387
843 0.2858837485172005
844 0.28554502369668244
845 0.285207100591716
846 0.2848699763593381
847 0.2845336481700118
848 0.2841981132075472
849 0.2850412249705536
850 0.2858823529411765
851 0.28554641598119856
852 0.2852112676056338
853 0.28487690504103164
854 0.28454332552693207
855 0.28421052631578947
856 0.2838785046728972
857 0.28354725787631274
858 0.28321678321678323
859 0.2828870779976717
860 0.28255813953488373
861 0.28222996515679444
862 0.2819025522041763
863 0.28157589803012745
864 0.2824074074074074
865 0.28208092485549136
866 0.2817551963048499
867 0.2825836216839677
868 0.28225806451612906
869 0.2819332566168009
870 0.28160919540229884
871 0.28128587830080365
872 0.28211009174311924
873 0.281786941580756
874 0.2826086956521739
875 0.2822857142857143
876 0.2819634703196347
877 0.28164196123147095
878 0.28132118451025057
879 0.28100113765642776
880 0.2806818181818182
881 0.28036322360953464
882 0.2800453514739229
883 0.2797281993204983
884 0.27941176470588236
885 0.2790960451977401
886 0.27878103837471785
887 0.27846674182638104
888 0.27815315315315314
889 0.27896512935883017
890 0.2786516853932584
891 0.27946127946127947
892 0.27914798206278024
893 0.2788353863381859
894 0.2785234899328859
895 0.27932960893854747
896 0.27901785714285715
897 0.2787068004459309
898 0.27839643652561247
899 0.27808676307007785
900 0.2777777777777778
901 0.27746947835738067
902 0.2771618625277162
903 0.2768549280177187
904 0.27654867256637167
905 0.27624309392265195
906 0.27593818984547464
907 0.2756339581036384
908 0.2753303964757709
909 0.27502750275027504
910 0.27472527472527475
911 0.27442371020856204
912 0.2741228070175439
913 0.2738225629791895
914 0.2735229759299781
915 0.273224043715847
916 0.27292576419213976
917 0.27262813522355506
918 0.27342047930283225
919 0.2731229597388466
920 0.27391304347826084
921 0.2736156351791531
922 0.27331887201735355
923 0.27302275189599134
924 0.2727272727272727
925 0.2724324324324324
926 0.27213822894168466
927 0.27184466019417475
928 0.27155172413793105
929 0.271259418729817
930 0.2709677419354839
931 0.2706766917293233
932 0.2703862660944206
933 0.27009646302250806
934 0.2698072805139186
935 0.2695187165775401
936 0.2692307692307692
937 0.2689434364994664
938 0.26865671641791045
939 0.268370607028754
940 0.2680851063829787
941 0.2688629117959617
942 0.26963906581740976
943 0.26935312831389185
944 0.2690677966101695
945 0.2687830687830688
946 0.26849894291754756
947 0.2682154171066526
948 0.2679324894514768
949 0.26765015806111697
950 0.2673684210526316
951 0.26708727655099895
952 0.2668067226890756
953 0.26652675760755506
954 0.2662473794549266
955 0.26596858638743454
956 0.26569037656903766
957 0.26541274817136884
958 0.2651356993736952
959 0.264859228362878
960 0.26458333333333334
961 0.2643080124869927
962 0.26403326403326405
963 0.26375908618899274
964 0.26348547717842324
965 0.2632124352331606
966 0.2629399585921325
967 0.2626680455015512
968 0.26239669421487605
969 0.26212590299277605
970 0.2618556701030928
971 0.2615859938208033
972 0.2623456790123457
973 0.2620760534429599
974 0.2618069815195072
975 0.26153846153846155
976 0.2612704918032787
977 0.26202661207778916
978 0.261758691206544
979 0.26149131767109296
980 0.2612244897959184
981 0.2609582059123344
982 0.26171079429735233
983 0.2624618514750763
984 0.2632113821138211
985 0.2639593908629442
986 0.26369168356997974
987 0.2634245187436677
988 0.2631578947368421
989 0.26289180990899896
990 0.26262626262626265
991 0.26337033299697277
992 0.26310483870967744
993 0.2638469284994965
994 0.2635814889336016
995 0.2633165829145729
996 0.26305220883534136
997 0.2637913741223671
998 0.2635270541082164
999 0.26426426426426425
1000 0.264
1001 0.26373626373626374
1002 0.2634730538922156
1003 0.26321036889332006
1004 0.26294820717131473
1005 0.263681592039801
1006 0.2634194831013916
1007 0.2631578947368421
1008 0.2628968253968254
1009 0.2626362735381566
1010 0.2633663366336634
1011 0.26310583580613256
1012 0.2628458498023715
1013 0.26258637709772953
1014 0.26331360946745563
1015 0.2630541871921182
1016 0.26279527559055116
1017 0.26253687315634217
1018 0.26227897838899805
1019 0.26300294406280667
1020 0.26372549019607844
1021 0.26346718903036237
1022 0.26320939334637966
1023 0.26295210166177907
1024 0.263671875
1025 0.2634146341463415
1026 0.2631578947368421
1027 0.2638753651411879
1028 0.26361867704280156
1029 0.2633624878522838
1030 0.26310679611650484
1031 0.26285160038797284
1032 0.2625968992248062
1033 0.2623426911907067
1034 0.2620889748549323
1035 0.2618357487922705
1036 0.26158301158301156
1037 0.26133076181292186
1038 0.2610789980732177
1039 0.26082771896053897
1040 0.2605769230769231
1041 0.26032660902977905
1042 0.2600767754318618
1043 0.2598274209012464
1044 0.2595785440613027
1045 0.2602870813397129
1046 0.2609942638623327
1047 0.2607449856733524
1048 0.26049618320610685
1049 0.26024785510009535
1050 0.26
1051 0.2597526165556613
1052 0.25950570342205326
1053 0.25925925925925924
1054 0.25996204933586337
1055 0.25971563981042656
1056 0.25946969696969696
1057 0.26017029328287605
1058 0.2599243856332703
1059 0.25967894239848915
1060 0.25943396226415094
1061 0.26013195098963243
1062 0.2598870056497175
1063 0.2596425211665099
1064 0.2593984962406015
1065 0.2591549295774648
1066 0.2589118198874296
1067 0.25960637300843487
1068 0.25936329588014984
1069 0.2591206735266604
1070 0.2588785046728972
1071 0.2586367880485528
1072 0.2583955223880597
1073 0.2581547064305685
1074 0.2579143389199255
1075 0.2576744186046512
1076 0.25743494423791824
1077 0.25719591457753016
1078 0.2569573283858998
1079 0.2567191844300278
1080 0.2564814814814815
1081 0.25624421831637373
1082 0.256007393715342
1083 0.25577100646352724
1084 0.2555350553505535
1085 0.25622119815668204
1086 0.2559852670349908
1087 0.25574977000919963
1088 0.2555147058823529
1089 0.256198347107438
1090 0.25596330275229356
1091 0.25572868927589365
1092 0.2554945054945055
1093 0.2552607502287283
1094 0.25502742230347347
1095 0.2547945205479452
1096 0.2545620437956204
1097 0.2543299908842297
1098 0.2540983606557377
1099 0.2538671519563239
1100 0.2545454545454545
1101 0.254314259763851
1102 0.25499092558983666
1103 0.2547597461468722
1104 0.2545289855072464
1105 0.25429864253393664
1106 0.25406871609403253
1107 0.25383920505871727
1108 0.2536101083032491
1109 0.2533814247069432
1110 0.2531531531531532
1111 0.25292529252925294
1112 0.2526978417266187
1113 0.252470799640611
1114 0.25224416517055653
1115 0.2520179372197309
1116 0.2517921146953405
1117 0.25156669650850494
1118 0.2513416815742397
1119 0.2520107238605898
1120 0.2517857142857143
1121 0.25156110615521854
1122 0.25133689839572193
1123 0.25111308993766696
1124 0.2508896797153025
1125 0.25155555555555553
1126 0.25133214920071045
1127 0.2511091393078971
1128 0.250886524822695
1129 0.25155004428697963
1130 0.2513274336283186
1131 0.251105216622458
1132 0.25176678445229683
1133 0.25154457193292146
1134 0.25132275132275134
1135 0.2511013215859031
1136 0.25088028169014087
1137 0.25065963060686014
1138 0.2504393673110721
1139 0.2510974539069359
1140 0.25087719298245614
1141 0.2506573181419807
1142 0.2513134851138354
1143 0.25196850393700787
1144 0.2517482517482518
1145 0.251528384279476
1146 0.2513089005235602
1147 0.25108979947689625
1148 0.2508710801393728
1149 0.2515230635335074
1150 0.25130434782608696
1151 0.2510860121633362
1152 0.2517361111111111
1153 0.2515177797051171
1154 0.2512998266897747
1155 0.2510822510822511
1156 0.2508650519031142
1157 0.25064822817631804
1158 0.25129533678756477
1159 0.25107851596203623
1160 0.2508620689655172
1161 0.25064599483204136
1162 0.2504302925989673
1163 0.2510748065348237
1164 0.25171821305841924
1165 0.2515021459227468
1166 0.25128644939965694
1167 0.25107112253641817
1168 0.2508561643835616
1169 0.2506415739948674
1170 0.2512820512820513
1171 0.251067463706234
1172 0.2508532423208191
1173 0.2506393861892583
1174 0.2504258943781942
1175 0.251063829787234
1176 0.2508503401360544
1177 0.2506372132540357
1178 0.25042444821731746
1179 0.2502120441051739
1180 0.25
1181 0.2497883149872989
1182 0.24957698815566837
1183 0.24936601859678784
1184 0.2491554054054054
1185 0.2489451476793249
1186 0.2487352445193929
1187 0.2485256950294861
1188 0.24831649831649832
1189 0.248107653490328
1190 0.24789915966386555
1191 0.24769101595298068
1192 0.24748322147651006
1193 0.24727577535624476
1194 0.24790619765494137
1195 0.24769874476987447
1196 0.24749163879598662
1197 0.24812030075187969
1198 0.24791318864774625
1199 0.24770642201834864
1200 0.2475
1201 0.2472939217318901
1202 0.24792013311148087
1203 0.24771404821280132
1204 0.24750830564784054
1205 0.24730290456431536
1206 0.24792703150912107
1207 0.24772162386081192
1208 0.24751655629139072
1209 0.24731182795698925
1210 0.24710743801652893
1211 0.24690338563170933
1212 0.24752475247524752
1213 0.247320692497939
1214 0.2471169686985173
1215 0.24691358024691357
1216 0.24671052631578946
1217 0.2465078060805259
1218 0.24630541871921183
1219 0.2461033634126333
1220 0.2459016393442623
1221 0.2457002457002457
1222 0.24549918166939444
1223 0.24529844644317253
1224 0.24591503267973855
1225 0.24571428571428572
1226 0.24551386623164764
1227 0.24531377343113284
1228 0.24511400651465798
1229 0.2449145646867372
1230 0.24471544715447155
1231 0.2445166531275386
1232 0.24431818181818182
1233 0.2441200324412003
1234 0.2439222042139384
1235 0.2437246963562753
1236 0.24352750809061488
1237 0.2433306386418755
1238 0.2431340872374798
1239 0.24293785310734464
1240 0.24274193548387096
1241 0.24254633360193392
1242 0.2431561996779388
1243 0.24296057924376507
1244 0.24356913183279744
1245 0.2433734939759036
1246 0.24317817014446227
1247 0.2429831595829992
1248 0.24278846153846154
1249 0.24259407526020815
1250 0.2424
1251 0.2422062350119904
1252 0.24201277955271566
1253 0.24261771747805266
1254 0.24242424242424243
1255 0.24223107569721117
1256 0.24203821656050956
1257 0.24184566428003182
1258 0.24165341812400637
1259 0.2414614773629865
1260 0.24126984126984127
1261 0.24107850911974624
1262 0.24088748019017434
1263 0.24069675376088678
1264 0.24050632911392406
1265 0.24031620553359684
1266 0.2401263823064771
1267 0.23993685872138912
1268 0.23974763406940064
1269 0.23955870764381404
1270 0.23937007874015748
1271 0.23918174665617625
1272 0.2389937106918239
1273 0.23880597014925373
1274 0.23861852433281006
1275 0.2384313725490196
1276 0.23824451410658307
1277 0.23805794831636648
1278 0.2378716744913928
1279 0.23768569194683348
1280 0.2375
1281 0.2373145979703357
1282 0.23712948517940718
1283 0.23694466095089634
1284 0.2367601246105919
1285 0.23735408560311283
1286 0.23716951788491447
1287 0.236985236985237
1288 0.2375776397515528
1289 0.2373933281613654
1290 0.2372093023255814
1291 0.2370255615801704
1292 0.23684210526315788
1293 0.23665893271461716
1294 0.23647604327666152
1295 0.2362934362934363
1296 0.2361111111111111
1297 0.235929067077872
1298 0.2357473035439137
1299 0.23556581986143188
1300 0.2353846153846154
1301 0.23520368946963874
1302 0.2350230414746544
1303 0.2348426707597851
1304 0.23466257668711657
1305 0.23448275862068965
1306 0.23506891271056662
1307 0.23488905891354248
1308 0.23470948012232415
1309 0.2345301757066463
1310 0.23435114503816795
1311 0.2349351639969489
1312 0.23551829268292682
1313 0.23533891850723535
1314 0.23515981735159816
1315 0.2349809885931559
1316 0.23480243161094225
1317 0.23462414578587698
1318 0.23444613050075871
1319 0.23426838514025777
1320 0.2340909090909091
1321 0.23391370174110523
1322 0.23373676248108927
1323 0.23356009070294784
1324 0.23338368580060423
1325 0.23320754716981132
1326 0.2330316742081448
1327 0.23285606631499622
1328 0.23268072289156627
1329 0.2325056433408578
1330 0.23233082706766917
1331 0.23215627347858753
1332 0.23273273273273273
1333 0.23255813953488372
1334 0.23238380809595202
1335 0.23220973782771537
1336 0.23203592814371257
1337 0.2318623784592371
1338 0.23168908819133036
1339 0.2315160567587752
1340 0.23134328358208955
1341 0.23117076808351977
1342 0.23174366616989567
1343 0.2315711094564408
1344 0.23139880952380953
1345 0.2312267657992565
1346 0.2310549777117385
1347 0.23088344469190794
1348 0.23071216617210683
1349 0.23054114158636027
1350 0.2311111111111111
1351 0.230940044411547
1352 0.23076923076923078
1353 0.23133776792313376
1354 0.2311669128508124
1355 0.23099630996309964
1356 0.2308259587020649
1357 0.23065585851142226
1358 0.23048600883652431
1359 0.23031640912435614
1360 0.23088235294117648
1361 0.230712711241734
1362 0.2305433186490455
1363 0.23110785033015407
1364 0.23093841642228738
1365 0.23076923076923078
1366 0.23133235724743778
1367 0.23116313094367227
1368 0.2309941520467836
1369 0.2308254200146092
1370 0.23065693430656933
1371 0.23048869438366157
1372 0.2303206997084548
1373 0.23015294974508377
1374 0.22998544395924309
1375 0.23054545454545455
1376 0.23037790697674418
1377 0.23021060275962238
1378 0.23004354136429608
1379 0.22987672226250908
1380 0.22971014492753622
1381 0.22954380883417813
1382 0.22937771345875543
1383 0.2292118582791034
1384 0.22904624277456648
1385 0.22888086642599278
1386 0.22943722943722944
1387 0.22927180966113914
1388 0.22910662824207492
1389 0.22894168466522677
1390 0.22877697841726619
1391 0.22861250898634075
1392 0.22916666666666666
1393 0.2290021536252692
1394 0.22883787661406027
1395 0.22867383512544803
1396 0.22851002865329512
1397 0.2290622763063708
1398 0.22889842632331903
1399 0.22873481057898498
1400 0.22857142857142856
1401 0.22840827980014275
1402 0.2282453637660485
1403 0.22808267997148968
1404 0.22863247863247863
1405 0.22846975088967972
1406 0.2283072546230441
1407 0.2281449893390192
1408 0.22798295454545456
1409 0.22782114975159687
1410 0.2276595744680851
1411 0.22749822820694543
1412 0.2273371104815864
1413 0.22717622080679406
1414 0.22701555869872703
1415 0.22685512367491167
1416 0.2266949152542373
1417 0.22653493295695132
1418 0.22637517630465445
1419 0.226215644820296
1420 0.22605633802816902
1421 0.2258972554539057
1422 0.22573839662447256
1423 0.22557976106816585
1424 0.22542134831460675
1425 0.22596491228070176
1426 0.226507713884993
1427 0.22704975473020322
1428 0.226890756302521
1429 0.22673198040587825
1430 0.22657342657342658
1431 0.22641509433962265
1432 0.22625698324022347
1433 0.22609909281228194
1434 0.22594142259414227
1435 0.22578397212543555
1436 0.22562674094707522
1437 0.2254697286012526
1438 0.22531293463143254
1439 0.22515635858234886
1440 0.225
1441 0.2248438584316447
1442 0.22468793342579751
1443 0.22453222453222454
1444 0.22437673130193905
1445 0.22422145328719723
1446 0.22406639004149378
1447 0.22391154111955772
1448 0.22375690607734808
1449 0.2236024844720497
1450 0.22344827586206897
1451 0.22329427980702962
1452 0.2231404958677686
1453 0.22298692360633174
1454 0.2235213204951857
1455 0.22336769759450173
1456 0.22321428571428573
1457 0.2230610844200412
1458 0.22359396433470508
1459 0.22412611377655928
1460 0.22465753424657534
1461 0.2245037645448323
1462 0.2243502051983584
1463 0.22419685577580314
1464 0.22404371584699453
1465 0.22389078498293516
1466 0.22373806275579808
1467 0.22358554873892297
1468 0.22343324250681199
1469 0.22328114363512594
1470 0.22312925170068026
1471 0.2229775662814412
1472 0.22282608695652173
1473 0.22267481330617786
1474 0.223202170963365
1475 0.22372881355932203
1476 0.22357723577235772
1477 0.22410291130670276
1478 0.22462787550744248
1479 0.2244759972954699
1480 0.22432432432432434
1481 0.22417285617825794
1482 0.22402159244264508
1483 0.22387053270397841
1484 0.22371967654986524
1485 0.22356902356902356
1486 0.2234185733512786
1487 0.22326832548755884
1488 0.22311827956989247
1489 0.22296843519140364
1490 0.22281879194630871
1491 0.22266934942991282
1492 0.2225201072386059
1493 0.22237106496985934
1494 0.2222222222222222
1495 0.22207357859531773
1496 0.22192513368983957
1497 0.22177688710754842
1498 0.22229639519359146
1499 0.22214809873248834
1500 0.222
1501 0.22185209860093272
1502 0.22170439414114515
1503 0.2215568862275449
1504 0.2214095744680851
1505 0.2212624584717608
1506 0.22111553784860558
1507 0.22096881220968811
1508 0.22082228116710875
1509 0.22133863485752153
1510 0.22185430463576158
1511 0.2217074784910655
1512 0.22156084656084657
1513 0.22141440846001323
1514 0.2212681638044914
1515 0.22178217821782178
1516 0.22163588390501318
1517 0.22148978246539222
1518 0.22134387351778656
1519 0.22119815668202766
1520 0.22105263157894736
1521 0.22090729783037474
1522 0.22076215505913271
1523 0.2206172028890348
1524 0.2204724409448819
1525 0.22032786885245903
1526 0.22018348623853212
1527 0.2200392927308448
1528 0.2198952879581152
1529 0.2197514715500327
1530 0.2196078431372549
1531 0.2194644023514043
1532 0.2193211488250653
1533 0.2191780821917808
1534 0.21903520208604954
1535 0.21889250814332248
1536 0.21875
1537 0.21860767729342875
1538 0.21911573472041612
1539 0.2189733593242365
1540 0.21948051948051947
1541 0.21933809214795588
1542 0.2191958495460441
1543 0.21970187945560596
1544 0.21955958549222798
