# ROCAUC: 0.9344477079762471
# False Positive Rate True Positive Rate
0.0 0.0
2.4469620965571242E-5 0.0
2.4469620965571242E-5 0.0012953367875647669
1.712873467589987E-4 0.0012953367875647669
1.712873467589987E-4 0.0025906735751295338
2.446962096557124E-4 0.0025906735751295338
2.446962096557124E-4 0.0051813471502590676
4.159835564147111E-4 0.0051813471502590676
4.159835564147111E-4 0.006476683937823835
4.649227983458536E-4 0.006476683937823835
4.649227983458536E-4 0.007772020725388601
0.0017128734675899869 0.007772020725388601
0.0017128734675899869 0.009067357512953369
0.0017618127095211295 0.009067357512953369
0.0017618127095211295 0.010362694300518135
0.0019331000562801282 0.010362694300518135
0.0019331000562801282 0.011658031088082901
0.0019575696772456993 0.011658031088082901
0.0019575696772456993 0.01295336787564767
0.0021777962659358407 0.01295336787564767
0.0021777962659358407 0.014248704663212436
0.002226735507866983 0.014248704663212436
0.002226735507866983 0.015544041450777202
0.0022512051288325545 0.015544041450777202
0.0022512051288325545 0.018134715025906738
0.002324613991729268 0.018134715025906738
0.002324613991729268 0.019430051813471502
0.0023735532336604105 0.019430051813471502
0.0023735532336604105 0.02072538860103627
0.0024959013384882665 0.02072538860103627
0.0024959013384882665 0.022020725388601038
0.0025693102013849803 0.022020725388601038
0.0025693102013849803 0.023316062176165803
0.002618249443316123 0.023316062176165803
0.002618249443316123 0.031088082901554404
0.0026671886852472656 0.031088082901554404
0.0026671886852472656 0.032383419689119175
0.002716127927178408 0.032383419689119175
0.002716127927178408 0.040155440414507776
0.0027895367900751217 0.040155440414507776
0.0027895367900751217 0.042746113989637305
0.0028140064110406928 0.042746113989637305
0.0028140064110406928 0.04533678756476684
0.0028384760320062643 0.04533678756476684
0.0028384760320062643 0.046632124352331605
0.0028629456529718354 0.046632124352331605
0.0028629456529718354 0.06217616580310881
0.0029363545158685492 0.06217616580310881
0.0029363545158685492 0.06347150259067358
0.0029608241368341203 0.06347150259067358
0.0029608241368341203 0.06735751295336788
0.0030831722416619764 0.06735751295336788
0.0030831722416619764 0.06865284974093265
0.003107641862627548 0.06865284974093265
0.003107641862627548 0.07253886010362695
0.003132111483593119 0.07253886010362695
0.003132111483593119 0.07383419689119171
0.00315658110455869 0.07383419689119171
0.00315658110455869 0.08031088082901555
0.0031810507255242617 0.08031088082901555
0.0031810507255242617 0.08160621761658031
0.003205520346489833 0.08160621761658031
0.003205520346489833 0.08808290155440415
0.003254459588420975 0.08808290155440415
0.003254459588420975 0.09067357512953368
0.003327868451317689 0.09067357512953368
0.003327868451317689 0.09326424870466321
0.0033523380722832604 0.09326424870466321
0.0033523380722832604 0.09585492227979275
0.0034012773142144026 0.09585492227979275
0.0034012773142144026 0.09974093264248705
0.0034257469351799737 0.09974093264248705
0.0034257469351799737 0.10103626943005181
0.0034502165561455453 0.10103626943005181
0.0034502165561455453 0.10233160621761658
0.0034991557980766875 0.10233160621761658
0.0034991557980766875 0.10492227979274611
0.003523625419042259 0.10492227979274611
0.003523625419042259 0.10880829015544041
0.00354809504000783 0.10880829015544041
0.00354809504000783 0.11139896373056996
0.0035970342819389724 0.11139896373056996
0.0035970342819389724 0.11269430051813471
0.003670443144835686 0.11269430051813471
0.003670443144835686 0.11528497409326426
0.003719382386766829 0.11528497409326426
0.003719382386766829 0.11658031088082901
0.0037927912496635427 0.11658031088082901
0.0037927912496635427 0.11787564766839378
0.003915139354491399 0.11787564766839378
0.003915139354491399 0.11917098445595856
0.004013017838353684 0.11917098445595856
0.004013017838353684 0.12046632124352331
0.004037487459319255 0.12046632124352331
0.004037487459319255 0.12435233160621761
0.004061957080284826 0.12435233160621761
0.004061957080284826 0.12564766839378239
0.004086426701250398 0.12564766839378239
0.004086426701250398 0.12823834196891193
0.004159835564147112 0.12823834196891193
0.004159835564147112 0.1295336787564767
0.004184305185112682 0.1295336787564767
0.004184305185112682 0.13082901554404144
0.004208774806078254 0.13082901554404144
0.004208774806078254 0.133419689119171
0.004233244427043825 0.133419689119171
0.004233244427043825 0.13471502590673576
0.004257714048009396 0.13471502590673576
0.004257714048009396 0.13601036269430053
0.004306653289940538 0.13601036269430053
0.004306653289940538 0.13860103626943004
0.00433112291090611 0.13860103626943004
0.00433112291090611 0.13989637305699482
0.004429001394768395 0.13989637305699482
0.004429001394768395 0.1450777202072539
0.004477940636699537 0.1450777202072539
0.004477940636699537 0.14637305699481865
0.004502410257665109 0.14637305699481865
0.004502410257665109 0.1489637305699482
0.00452687987863068 0.1489637305699482
0.00452687987863068 0.15025906735751296
0.004575819120561823 0.15025906735751296
0.004575819120561823 0.15155440414507773
0.004600288741527393 0.15155440414507773
0.004600288741527393 0.1528497409326425
0.004624758362492965 0.1528497409326425
0.004624758362492965 0.15414507772020725
0.004820515330217535 0.15414507772020725
0.004820515330217535 0.15544041450777202
0.004844984951183106 0.15544041450777202
0.004844984951183106 0.1567357512953368
0.004869454572148677 0.1567357512953368
0.004869454572148677 0.15803108808290156
0.004967333056010962 0.15803108808290156
0.004967333056010962 0.15932642487046633
0.005016272297942105 0.15932642487046633
0.005016272297942105 0.1606217616580311
0.005089681160838818 0.1606217616580311
0.005089681160838818 0.16191709844559585
0.00511415078180439 0.16191709844559585
0.00511415078180439 0.16321243523316062
0.005138620402769961 0.16321243523316062
0.005138620402769961 0.1645077720207254
0.005285438128563388 0.1645077720207254
0.005285438128563388 0.16580310880829016
0.005456725475322387 0.16580310880829016
0.005456725475322387 0.16709844559585493
0.005530134338219101 0.16709844559585493
0.005530134338219101 0.16968911917098448
0.005579073580150243 0.16968911917098448
0.005579073580150243 0.17357512953367876
0.005676952064012529 0.17357512953367876
0.005676952064012529 0.17487046632124353
0.005701421684978099 0.17487046632124353
0.005701421684978099 0.1761658031088083
0.006043996378496097 0.1761658031088083
0.006043996378496097 0.1800518134715026
0.006068465999461668 0.1800518134715026
0.006068465999461668 0.1839378238341969
0.006166344483323953 0.1839378238341969
0.006166344483323953 0.18523316062176168
0.0062397533462206665 0.18523316062176168
0.0062397533462206665 0.18652849740932642
0.00628869258815181 0.18652849740932642
0.00628869258815181 0.18911917098445596
0.00650891917684195 0.18911917098445596
0.00650891917684195 0.19041450777202074
0.006557858418773093 0.19041450777202074
0.006557858418773093 0.1917098445595855
0.006631267281669807 0.1917098445595855
0.006631267281669807 0.20077720207253888
0.0067780850074632346 0.20077720207253888
0.0067780850074632346 0.20207253886010362
0.006827024249394377 0.20207253886010362
0.006827024249394377 0.20595854922279794
0.006900433112291091 0.20595854922279794
0.006900433112291091 0.2072538860103627
0.007022781217118947 0.2072538860103627
0.007022781217118947 0.211139896373057
0.007145129321946803 0.211139896373057
0.007145129321946803 0.21243523316062177
0.007194068563877945 0.21243523316062177
0.007194068563877945 0.21373056994818654
0.007267477426774659 0.21373056994818654
0.007267477426774659 0.2150259067357513
0.007340886289671372 0.2150259067357513
0.007340886289671372 0.21632124352331608
0.0076345217412582276 0.21632124352331608
0.0076345217412582276 0.21761658031088082
0.007732400225120513 0.21761658031088082
0.007732400225120513 0.22020725388601037
0.007830278708982797 0.22020725388601037
0.007830278708982797 0.22150259067357514
0.007854748329948369 0.22150259067357514
0.007854748329948369 0.2227979274611399
0.007928157192845082 0.2227979274611399
0.007928157192845082 0.22409326424870468
0.008123914160569653 0.22409326424870468
0.008123914160569653 0.22538860103626943
0.008172853402500796 0.22538860103626943
0.008172853402500796 0.2266839378238342
0.008368610370225365 0.2266839378238342
0.008368610370225365 0.22797927461139897
0.00844201923312208 0.22797927461139897
0.00844201923312208 0.22927461139896374
0.008613306579881077 0.22927461139896374
0.008613306579881077 0.2305699481865285
0.008686715442777791 0.2305699481865285
0.008686715442777791 0.23186528497409328
0.008760124305674504 0.23186528497409328
0.008760124305674504 0.23316062176165803
0.009322925587882643 0.23316062176165803
0.009322925587882643 0.2344559585492228
0.009347395208848214 0.2344559585492228
0.009347395208848214 0.23704663212435234
0.009371864829813786 0.23704663212435234
0.009371864829813786 0.2383419689119171
0.009445273692710499 0.2383419689119171
0.009445273692710499 0.23963730569948188
0.009543152176572785 0.23963730569948188
0.009543152176572785 0.24093264248704663
0.009665500281400641 0.24093264248704663
0.009665500281400641 0.2422279792746114
0.009812318007194069 0.2422279792746114
0.009812318007194069 0.24352331606217617
0.00983678762815964 0.24352331606217617
0.00983678762815964 0.2461139896373057
0.00986125724912521 0.2461139896373057
0.00986125724912521 0.25
0.009959135732987496 0.25
0.009959135732987496 0.25259067357512954
0.01003254459588421 0.25259067357512954
0.01003254459588421 0.2538860103626943
0.010081483837815352 0.2538860103626943
0.010081483837815352 0.2551813471502591
0.01044852815229892 0.2551813471502591
0.01044852815229892 0.25647668393782386
0.010717693982920204 0.25647668393782386
0.010717693982920204 0.25777202072538863
0.010888981329679203 0.25777202072538863
0.010888981329679203 0.2616580310880829
0.011060268676438202 0.2616580310880829
0.011060268676438202 0.26295336787564766
0.011402843369956199 0.26295336787564766
0.011402843369956199 0.26424870466321243
0.01159860033768077 0.26424870466321243
0.01159860033768077 0.266839378238342
0.011623069958646341 0.266839378238342
0.011623069958646341 0.26813471502590674
0.01164753957961191 0.26813471502590674
0.01164753957961191 0.2694300518134715
0.011696478821543054 0.2694300518134715
0.011696478821543054 0.2707253886010363
0.012259280103751193 0.2707253886010363
0.012259280103751193 0.27202072538860106
0.012332688966647905 0.27202072538860106
0.012332688966647905 0.2759067357512954
0.012381628208579049 0.2759067357512954
0.012381628208579049 0.2772020725388601
0.012455037071475763 0.2772020725388601
0.012455037071475763 0.27849740932642486
0.012748672523062617 0.27849740932642486
0.012748672523062617 0.27979274611398963
0.012895490248856044 0.27979274611398963
0.012895490248856044 0.2810880829015544
0.0130178383536839 0.2810880829015544
0.0130178383536839 0.2823834196891192
0.013091247216580615 0.2823834196891192
0.013091247216580615 0.28367875647668395
0.013311473805270755 0.28367875647668395
0.013311473805270755 0.2849740932642487
0.013433821910098611 0.2849740932642487
0.013433821910098611 0.28886010362694303
0.013482761152029754 0.28886010362694303
0.013482761152029754 0.2927461139896373
0.013751926982651038 0.2927461139896373
0.013751926982651038 0.29922279792746115
0.01377639660361661 0.29922279792746115
0.01377639660361661 0.3005181347150259
0.013825335845547753 0.3005181347150259
0.013825335845547753 0.30310880829015546
0.013849805466513323 0.30310880829015546
0.013849805466513323 0.30440414507772023
0.013947683950375609 0.30440414507772023
0.013947683950375609 0.305699481865285
0.014070032055203465 0.305699481865285
0.014070032055203465 0.3069948186528498
0.014216849780996892 0.3069948186528498
0.014216849780996892 0.3082901554404145
0.014412606748721461 0.3082901554404145
0.014412606748721461 0.30958549222797926
0.014632833337411603 0.30958549222797926
0.014632833337411603 0.3121761658031088
0.014853059926101744 0.3121761658031088
0.014853059926101744 0.31476683937823835
0.01517116499865417 0.31476683937823835
0.01517116499865417 0.3160621761658031
0.015220104240585312 0.3160621761658031
0.015220104240585312 0.3173575129533679
0.015317982724447598 0.3173575129533679
0.015317982724447598 0.31865284974093266
0.01534245234541317 0.31865284974093266
0.01534245234541317 0.31994818652849744
0.015685027038931168 0.31994818652849744
0.015685027038931168 0.3212435233160622
0.015709496659896738 0.3212435233160622
0.015709496659896738 0.322538860103627
0.01578290552279345 0.322538860103627
0.01578290552279345 0.3238341968911917
0.016321237184036018 0.3238341968911917
0.016321237184036018 0.32512953367875647
0.01634570680500159 0.32512953367875647
0.01634570680500159 0.32642487046632124
0.016835099224313015 0.32642487046632124
0.016835099224313015 0.3290155440414508
0.01754471823231458 0.3290155440414508
0.01754471823231458 0.33031088082901555
0.017642596716176864 0.33031088082901555
0.017642596716176864 0.3316062176165803
0.01774047520003915 0.3316062176165803
0.01774047520003915 0.3367875647668394
0.017862823304867007 0.3367875647668394
0.017862823304867007 0.3380829015544042
0.01788729292583258 0.3380829015544042
0.01788729292583258 0.33937823834196895
0.017960701788729293 0.33937823834196895
0.017960701788729293 0.34067357512953367
0.017985171409694863 0.34067357512953367
0.017985171409694863 0.34196891191709844
0.01810751951452272 0.34196891191709844
0.01810751951452272 0.3432642487046632
0.018205397998385005 0.3432642487046632
0.018205397998385005 0.344559585492228
0.018278806861281718 0.344559585492228
0.018278806861281718 0.34585492227979275
0.018376685345144004 0.34585492227979275
0.018376685345144004 0.3484455958549223
0.018450094208040717 0.3484455958549223
0.018450094208040717 0.34974093264248707
0.01849903344997186 0.34974093264248707
0.01849903344997186 0.35103626943005184
0.01891501700638657 0.35103626943005184
0.01891501700638657 0.3536269430051814
0.01908630435314557 0.3536269430051814
0.01908630435314557 0.35492227979274615
0.019135243595076713 0.35492227979274615
0.019135243595076713 0.35621761658031087
0.019208652457973426 0.35621761658031087
0.019208652457973426 0.35751295336787564
0.019331000562801282 0.35751295336787564
0.019331000562801282 0.3588082901554404
0.019746984119215993 0.3588082901554404
0.019746984119215993 0.3601036269430052
0.019820392982112706 0.3601036269430052
0.019820392982112706 0.36139896373056996
0.02006508919176842 0.36139896373056996
0.02006508919176842 0.3626943005181347
0.02008955881273399 0.3626943005181347
0.02008955881273399 0.3639896373056995
0.02048107274818313 0.3639896373056995
0.02048107274818313 0.36528497409326427
0.020603420853010986 0.36528497409326427
0.020603420853010986 0.36658031088082904
0.0206768297159077 0.36658031088082904
0.0206768297159077 0.3678756476683938
0.02072576895783884 0.3678756476683938
0.02072576895783884 0.3691709844559586
0.02087258668363227 0.3691709844559586
0.02087258668363227 0.37046632124352336
0.020921525925563414 0.37046632124352336
0.020921525925563414 0.37305699481865284
0.02104387403039127 0.37305699481865284
0.02104387403039127 0.3743523316062176
0.02109281327232241 0.3743523316062176
0.02109281327232241 0.3756476683937824
0.021215161377150266 0.3756476683937824
0.021215161377150266 0.37694300518134716
0.021313039861012552 0.37694300518134716
0.021313039861012552 0.3795336787564767
0.021435387965840408 0.3795336787564767
0.021435387965840408 0.38082901554404147
0.021533266449702694 0.38082901554404147
0.021533266449702694 0.38212435233160624
0.021973719627082975 0.38212435233160624
0.021973719627082975 0.383419689119171
0.022022658869014118 0.383419689119171
0.022022658869014118 0.3847150259067358
0.022120537352876404 0.3847150259067358
0.022120537352876404 0.38601036269430056
0.022193946215773117 0.38601036269430056
0.022193946215773117 0.3873056994818653
0.022316294320600973 0.3873056994818653
0.022316294320600973 0.38860103626943004
0.022585460151222255 0.38860103626943004
0.022585460151222255 0.3898963730569948
0.023001443707636966 0.3898963730569948
0.023001443707636966 0.3911917098445596
0.02302591332860254 0.3911917098445596
0.02302591332860254 0.39248704663212436
0.02322167029632711 0.39248704663212436
0.02322167029632711 0.39378238341968913
0.023980228546259818 0.39378238341968913
0.023980228546259818 0.3950777202072539
0.02402916778819096 0.3950777202072539
0.02402916778819096 0.3963730569948187
0.024445151344605672 0.3963730569948187
0.024445151344605672 0.39766839378238344
0.024543029828467955 0.39766839378238344
0.024543029828467955 0.400259067357513
0.02500795262681381 0.400259067357513
0.02500795262681381 0.40155440414507776
0.02522817921550395 0.40155440414507776
0.02522817921550395 0.4028497409326425
0.02539946656226295 0.4028497409326425
0.02539946656226295 0.40414507772020725
0.025448405804194094 0.40414507772020725
0.025448405804194094 0.405440414507772
0.02559522352998752 0.405440414507772
0.02559522352998752 0.4067357512953368
0.025644162771918663 0.4067357512953368
0.025644162771918663 0.40803108808290156
0.025693102013849806 0.40803108808290156
0.025693102013849806 0.40932642487046633
0.025888858981574375 0.40932642487046633
0.025888858981574375 0.4106217616580311
0.026133555191230087 0.4106217616580311
0.026133555191230087 0.4119170984455959
0.026255903296057943 0.4119170984455959
0.026255903296057943 0.41321243523316065
0.02635378177992023 0.41321243523316065
0.02635378177992023 0.4145077720207254
0.026500599505713655 0.4145077720207254
0.026500599505713655 0.4158031088082902
0.02698999192502508 0.4158031088082902
0.02698999192502508 0.41968911917098445
0.027626202070129932 0.41968911917098445
0.027626202070129932 0.4209844559585492
0.027699610933026645 0.4209844559585492
0.027699610933026645 0.42487046632124353
0.028017716005579073 0.42487046632124353
0.028017716005579073 0.4274611398963731
0.028042185626544643 0.4274611398963731
0.028042185626544643 0.4300518134715026
0.028507108424890498 0.4300518134715026
0.028507108424890498 0.4313471502590674
0.02875180463454621 0.4313471502590674
0.02875180463454621 0.43393782383419693
0.028849683118408496 0.43393782383419693
0.028849683118408496 0.43523316062176165
0.029388014779651063 0.43523316062176165
0.029388014779651063 0.4365284974093264
0.029412484400616633 0.4365284974093264
0.029412484400616633 0.4378238341968912
0.029461423642547776 0.4378238341968912
0.029461423642547776 0.43911917098445596
0.029999755303790343 0.43911917098445596
0.029999755303790343 0.44041450777202074
0.03034232999730834 0.44041450777202074
0.03034232999730834 0.4417098445595855
0.030391269239239484 0.4417098445595855
0.030391269239239484 0.4430051813471503
0.030489147723101767 0.4430051813471503
0.030489147723101767 0.44430051813471505
0.030562556585998484 0.44430051813471505
0.030562556585998484 0.4468911917098446
0.030611495827929623 0.4468911917098446
0.030611495827929623 0.44818652849740936
0.030660435069860766 0.44818652849740936
0.030660435069860766 0.44948186528497414
0.030807252795654196 0.44948186528497414
0.030807252795654196 0.45077720207253885
0.030856192037585335 0.45077720207253885
0.030856192037585335 0.4533678756476684
0.031223236352068907 0.4533678756476684
0.031223236352068907 0.45466321243523317
0.03134558445689676 0.45466321243523317
0.03134558445689676 0.45595854922279794
0.031418993319793476 0.45595854922279794
0.031418993319793476 0.4572538860103627
0.0315658110455869 0.4572538860103627
0.0315658110455869 0.4585492227979275
0.031761568013311474 0.4585492227979275
0.031761568013311474 0.45984455958549225
0.032055203464898326 0.45984455958549225
0.032055203464898326 0.46632124352331605
0.03210414270682947 0.46632124352331605
0.03210414270682947 0.4676165803108808
0.03244671740034747 0.4676165803108808
0.03244671740034747 0.4689119170984456
0.032569065505175326 0.4689119170984456
0.032569065505175326 0.47020725388601037
0.032642474368072036 0.47020725388601037
0.032642474368072036 0.4727979274611399
0.03274035285193432 0.4727979274611399
0.03274035285193432 0.4740932642487047
0.03276482247289989 0.4740932642487047
0.03276482247289989 0.47538860103626945
0.03278929209386546 0.47538860103626945
0.03278929209386546 0.4766839378238342
0.03283823133579661 0.4766839378238342
0.03283823133579661 0.47927461139896377
0.03308292754545232 0.47927461139896377
0.03308292754545232 0.48056994818652854
0.03337656299703917 0.48056994818652854
0.03337656299703917 0.48186528497409326
0.03374360731152274 0.48186528497409326
0.03374360731152274 0.483160621761658
0.0338659554163506 0.483160621761658
0.0338659554163506 0.4844559585492228
0.03396383390021288 0.4844559585492228
0.03396383390021288 0.48575129533678757
0.0340372427631096 0.48575129533678757
0.0340372427631096 0.48704663212435234
0.034208530109868594 0.48704663212435234
0.034208530109868594 0.4896373056994819
0.03425746935179974 0.4896373056994819
0.03425746935179974 0.49093264248704666
0.03440428707759317 0.49093264248704666
0.03440428707759317 0.4922279792746114
0.03452663518242102 0.4922279792746114
0.03452663518242102 0.4935233160621762
0.03455110480338659 0.4935233160621762
0.03455110480338659 0.49481865284974097
0.034722392150145595 0.49481865284974097
0.034722392150145595 0.49611398963730574
0.03570117698876844 0.49611398963730574
0.03570117698876844 0.49740932642487046
0.03572564660973401 0.49740932642487046
0.03572564660973401 0.49870466321243523
0.0358235250935963 0.49870466321243523
0.0358235250935963 0.5
0.03631291751290772 0.5
0.03631291751290772 0.5012953367875648
0.03643526561773558 0.5012953367875648
0.03643526561773558 0.5025906735751295
0.036533144101597866 0.5025906735751295
0.036533144101597866 0.5038860103626943
0.03660655296449458 0.5038860103626943
0.03660655296449458 0.5051813471502591
0.03665549220642572 0.5051813471502591
0.03665549220642572 0.5064766839378239
0.03675337069028801 0.5064766839378239
0.03675337069028801 0.5090673575129534
0.03677784031125358 0.5090673575129534
0.03677784031125358 0.5103626943005182
0.036851249174150294 0.5103626943005182
0.036851249174150294 0.5116580310880829
0.03707147576284043 0.5116580310880829
0.03707147576284043 0.5142487046632125
0.037487459319255144 0.5142487046632125
0.037487459319255144 0.5155440414507773
0.03758533780311743 0.5155440414507773
0.03758533780311743 0.516839378238342
0.03800132135953214 0.516839378238342
0.03800132135953214 0.5194300518134716
0.038099199843394424 0.5194300518134716
0.038099199843394424 0.5207253886010363
0.03819707832725671 0.5207253886010363
0.03819707832725671 0.522020725388601
0.03822154794822228 0.522020725388601
0.03822154794822228 0.5233160621761658
0.03849071377884356 0.5233160621761658
0.03849071377884356 0.5246113989637305
0.03853965302077471 0.5246113989637305
0.03853965302077471 0.5259067357512953
0.03856412264174028 0.5259067357512953
0.03856412264174028 0.5272020725388601
0.038686470746568134 0.5272020725388601
0.038686470746568134 0.5284974093264249
0.03875987960946485 0.5284974093264249
0.03875987960946485 0.5297927461139896
0.03915139354491399 0.5297927461139896
0.03915139354491399 0.5310880829015544
0.039273741649741845 0.5310880829015544
0.039273741649741845 0.5323834196891192
0.04030146573029584 0.5323834196891192
0.04030146573029584 0.533678756476684
0.04037487459319255 0.533678756476684
0.04037487459319255 0.5349740932642487
0.0408397973915384 0.5349740932642487
0.0408397973915384 0.5375647668393783
0.041011084738297406 0.5375647668393783
0.041011084738297406 0.538860103626943
0.0411823720850564 0.538860103626943
0.0411823720850564 0.5414507772020726
0.041989869576920254 0.5414507772020726
0.041989869576920254 0.5427461139896373
0.042234565786575966 0.5427461139896373
0.042234565786575966 0.5466321243523317
0.042283505028507105 0.5466321243523317
0.042283505028507105 0.5479274611398964
0.04235691389140382 0.5479274611398964
0.04235691389140382 0.5492227979274612
0.04240585313333496 0.5492227979274612
0.04240585313333496 0.550518134715026
0.04252820123816282 0.550518134715026
0.04252820123816282 0.5518134715025907
0.04277289744781853 0.5518134715025907
0.04277289744781853 0.5531088082901554
0.04304206327843982 0.5531088082901554
0.04304206327843982 0.5582901554404145
0.04309100252037096 0.5582901554404145
0.04309100252037096 0.5595854922279793
0.043164411383267674 0.5595854922279793
0.043164411383267674 0.560880829015544
0.043262289867129954 0.560880829015544
0.043262289867129954 0.5621761658031088
0.043482516455820096 0.5621761658031088
0.043482516455820096 0.5634715025906736
0.044069787358993806 0.5634715025906736
0.044069787358993806 0.5647668393782384
0.044094256979959376 0.5647668393782384
0.044094256979959376 0.5673575129533679
0.04419213546382166 0.5673575129533679
0.04419213546382166 0.5686528497409327
0.04424107470575281 0.5686528497409327
0.04424107470575281 0.5699481865284974
0.04426554432671838 0.5699481865284974
0.04426554432671838 0.5712435233160622
0.04431448356864952 0.5712435233160622
0.04431448356864952 0.5738341968911918
0.044363422810580665 0.5738341968911918
0.044363422810580665 0.5764248704663213
0.044436831673477374 0.5764248704663213
0.044436831673477374 0.5790155440414508
0.04451024053637409 0.5790155440414508
0.04451024053637409 0.5803108808290156
0.0447549367460298 0.5803108808290156
0.0447549367460298 0.5816062176165804
0.04485281522989209 0.5816062176165804
0.04485281522989209 0.5829015544041452
0.044975163334719945 0.5829015544041452
0.044975163334719945 0.5854922279792746
0.04512198106051337 0.5854922279792746
0.04512198106051337 0.5867875647668394
0.04536667727016908 0.5867875647668394
0.04536667727016908 0.5893782383419689
0.04551349499596251 0.5893782383419689
0.04551349499596251 0.5906735751295337
0.0457826608265838 0.5906735751295337
0.0457826608265838 0.5919689119170984
0.04597841779430836 0.5919689119170984
0.04597841779430836 0.594559585492228
0.046198644382998505 0.594559585492228
0.046198644382998505 0.5958549222797928
0.04659015831844764 0.5958549222797928
0.04659015831844764 0.5971502590673575
0.046834854528103355 0.5971502590673575
0.046834854528103355 0.5984455958549223
0.04690826339100007 0.5984455958549223
0.04690826339100007 0.5997409326424871
0.04729977732644921 0.5997409326424871
0.04729977732644921 0.6010362694300518
0.047691291261898354 0.6010362694300518
0.047691291261898354 0.6023316062176166
0.048009396334450775 0.6023316062176166
0.048009396334450775 0.6036269430051814
0.048278562165072064 0.6036269430051814
0.048278562165072064 0.6062176165803109
0.048327501407003204 0.6062176165803109
0.048327501407003204 0.6075129533678757
0.04869454572148677 0.6075129533678757
0.04869454572148677 0.6088082901554405
0.048865833068245774 0.6088082901554405
0.048865833068245774 0.6101036269430052
0.048914772310176914 0.6101036269430052
0.048914772310176914 0.61139896373057
0.04928181662466048 0.61139896373057
0.04928181662466048 0.6126943005181348
0.0493552254875572 0.6126943005181348
0.0493552254875572 0.6139896373056996
0.04962439131817848 0.6139896373056996
0.04962439131817848 0.616580310880829
0.0496978001810752 0.616580310880829
0.0496978001810752 0.6178756476683938
0.05104362933418161 0.6178756476683938
0.05104362933418161 0.6204663212435233
0.051263855922871755 0.6204663212435233
0.051263855922871755 0.6217616580310881
0.051312795164802895 0.6217616580310881
0.051312795164802895 0.6230569948186528
0.05145961289059632 0.6230569948186528
0.05145961289059632 0.6243523316062176
0.05150855213252747 0.6243523316062176
0.05150855213252747 0.6269430051813472
0.05165536985832089 0.6269430051813472
0.05165536985832089 0.6282383419689119
0.05177771796314875 0.6282383419689119
0.05177771796314875 0.633419689119171
0.05199794455183889 0.633419689119171
0.05199794455183889 0.6347150259067358
0.05226711038246017 0.6347150259067358
0.05226711038246017 0.6373056994818653
0.05231604962439132 0.6373056994818653
0.05231604962439132 0.6386010362694301
0.05234051924535689 0.6386010362694301
0.05234051924535689 0.6398963730569949
0.052462867350184746 0.6398963730569949
0.052462867350184746 0.6437823834196892
0.052487336971150315 0.6437823834196892
0.052487336971150315 0.645077720207254
0.05263415469694374 0.645077720207254
0.05263415469694374 0.6463730569948187
0.052805442043702744 0.6463730569948187
0.052805442043702744 0.6476683937823834
0.053123547116255165 0.6476683937823834
0.053123547116255165 0.6489637305699482
0.05375975726136002 0.6489637305699482
0.05375975726136002 0.6502590673575129
0.05378422688232559 0.6502590673575129
0.05378422688232559 0.6515544041450777
0.05388210536618788 0.6515544041450777
0.05388210536618788 0.6528497409326425
0.05397998385005016 0.6528497409326425
0.05397998385005016 0.6541450777202072
0.05417574081777473 0.6541450777202072
0.05417574081777473 0.655440414507772
0.05449384589032716 0.655440414507772
0.05449384589032716 0.6567357512953368
0.05478748134191401 0.6567357512953368
0.05478748134191401 0.6580310880829016
0.054860890204810726 0.6580310880829016
0.054860890204810726 0.6593264248704663
0.0550566471725353 0.6593264248704663
0.0550566471725353 0.6645077720207254
0.05513005603543201 0.6645077720207254
0.05513005603543201 0.667098445595855
0.05542369148701887 0.667098445595855
0.05542369148701887 0.6683937823834197
0.055643918075709 0.6683937823834197
0.055643918075709 0.6696891191709845
0.055986492769227 0.6696891191709845
0.055986492769227 0.6709844559585493
0.05605990163212372 0.6709844559585493
0.05605990163212372 0.6748704663212436
0.056378006704676145 0.6748704663212436
0.056378006704676145 0.6761658031088084
0.05806641055130056 0.6761658031088084
0.05806641055130056 0.6774611398963731
0.058800499180267696 0.6774611398963731
0.058800499180267696 0.6787564766839379
0.05889837766412998 0.6787564766839379
0.05889837766412998 0.6800518134715026
0.06048890302689211 0.6800518134715026
0.06048890302689211 0.6826424870466321
0.06080700809944454 0.6826424870466321
0.06080700809944454 0.6839378238341969
0.06085594734137568 0.6839378238341969
0.06085594734137568 0.6852331606217616
0.060953825825237964 0.6852331606217616
0.060953825825237964 0.6865284974093264
0.06102723468813468 0.6865284974093264
0.06102723468813468 0.6878238341968912
0.06136980938165268 0.6878238341968912
0.06136980938165268 0.689119170984456
0.06139427900261825 0.689119170984456
0.06139427900261825 0.6904145077720207
0.06166344483323953 0.6904145077720207
0.06166344483323953 0.6917098445595855
0.06222624611544767 0.6917098445595855
0.06222624611544767 0.694300518134715
0.06303374360731152 0.694300518134715
0.06303374360731152 0.6955958549222798
0.06308268284924266 0.6955958549222798
0.06308268284924266 0.6968911917098446
0.06337631830082952 0.6968911917098446
0.06337631830082952 0.6981865284974094
0.06396358920400323 0.6981865284974094
0.06396358920400323 0.6994818652849741
0.06401252844593437 0.6994818652849741
0.06401252844593437 0.7007772020725389
0.06474661707490151 0.7007772020725389
0.06474661707490151 0.7020725388601037
0.06516260063131622 0.7020725388601037
0.06516260063131622 0.7033678756476685
0.0654317664619375 0.7033678756476685
0.0654317664619375 0.7046632124352332
0.06597009812318007 0.7046632124352332
0.06597009812318007 0.705958549222798
0.06606797660704236 0.705958549222798
0.06606797660704236 0.7072538860103628
0.06623926395380135 0.7072538860103628
0.06623926395380135 0.7085492227979275
0.06645949054249149 0.7085492227979275
0.06645949054249149 0.7098445595854923
0.06658183864731936 0.7098445595854923
0.06658183864731936 0.711139896373057
0.0666307778892505 0.711139896373057
0.0666307778892505 0.7124352331606217
0.0668754740989062 0.7124352331606217
0.0668754740989062 0.7137305699481865
0.06712017030856192 0.7137305699481865
0.06712017030856192 0.7150259067357513
0.06724251841338977 0.7150259067357513
0.06724251841338977 0.716321243523316
0.06760956272787334 0.716321243523316
0.06760956272787334 0.7176165803108808
0.06809895514718477 0.7176165803108808
0.06809895514718477 0.7202072538860104
0.0682457728729782 0.7202072538860104
0.0682457728729782 0.7215025906735751
0.06836812097780605 0.7215025906735751
0.06836812097780605 0.7227979274611399
0.06885751339711747 0.7227979274611399
0.06885751339711747 0.7240932642487047
0.06966501088898133 0.7240932642487047
0.06966501088898133 0.7253886010362695
0.07000758558249932 0.7253886010362695
0.07000758558249932 0.7266839378238342
0.07039909951794847 0.7266839378238342
0.07039909951794847 0.727979274611399
0.07044803875987961 0.727979274611399
0.07044803875987961 0.7292746113989638
0.0707906134533976 0.7292746113989638
0.0707906134533976 0.7305699481865285
0.07086402231629432 0.7305699481865285
0.07086402231629432 0.7318652849740933
0.07103530966305331 0.7318652849740933
0.07103530966305331 0.7331606217616581
0.07186727677588274 0.7331606217616581
0.07186727677588274 0.7344559585492229
0.07191621601781388 0.7344559585492229
0.07191621601781388 0.7357512953367876
0.07247901730002201 0.7357512953367876
0.07247901730002201 0.7370466321243524
0.07301734896126459 0.7370466321243524
0.07301734896126459 0.7383419689119172
0.07358015024347273 0.7383419689119172
0.07358015024347273 0.7396373056994819
0.07414295152568086 0.7396373056994819
0.07414295152568086 0.7409326424870467
0.07514620598526929 0.7409326424870467
0.07514620598526929 0.7422279792746114
0.07529302371106271 0.7422279792746114
0.07529302371106271 0.7435233160621761
0.07556218954168399 0.7435233160621761
0.07556218954168399 0.7448186528497409
0.07561112878361514 0.7448186528497409
0.07561112878361514 0.7461139896373057
0.075733476888443 0.7461139896373057
0.075733476888443 0.7474093264248705
0.07668779210610027 0.7474093264248705
0.07668779210610027 0.7487046632124352
0.07710377566251499 0.7487046632124352
0.07710377566251499 0.75
0.07715271490444613 0.75
0.07715271490444613 0.7512953367875648
0.07771551618665426 0.7512953367875648
0.07771551618665426 0.7538860103626943
0.07808256050113783 0.7538860103626943
0.07808256050113783 0.7551813471502591
0.07844960481562141 0.7551813471502591
0.07844960481562141 0.7642487046632125
0.0789634668558984 0.7642487046632125
0.0789634668558984 0.7655440414507773
0.08043164411383268 0.7655440414507773
0.08043164411383268 0.766839378238342
0.0816061859201801 0.766839378238342
0.0816061859201801 0.7681347150259068
0.08202216947659481 0.7681347150259068
0.08202216947659481 0.7694300518134716
0.08256050113783737 0.7694300518134716
0.08256050113783737 0.7707253886010363
0.0837350429441848 0.7707253886010363
0.0837350429441848 0.7720207253886011
0.08400420877480608 0.7720207253886011
0.08400420877480608 0.7733160621761659
0.08456701005701421 0.7733160621761659
0.08456701005701421 0.7746113989637305
0.08464041891991093 0.7746113989637305
0.08464041891991093 0.7759067357512953
0.08615753541977635 0.7759067357512953
0.08615753541977635 0.7772020725388601
0.08657351897619106 0.7772020725388601
0.08657351897619106 0.7784974093264249
0.08676927594391562 0.7784974093264249
0.08676927594391562 0.7797927461139896
0.08745442533095162 0.7797927461139896
0.08745442533095162 0.783678756476684
0.08804169623412533 0.783678756476684
0.08804169623412533 0.7849740932642487
0.08848214941150562 0.7849740932642487
0.08848214941150562 0.7862694300518135
0.08958328235495631 0.7862694300518135
0.08958328235495631 0.7875647668393783
0.09012161401619889 0.7875647668393783
0.09012161401619889 0.788860103626943
0.09014608363716446 0.788860103626943
0.09014608363716446 0.7901554404145078
0.09053759757261359 0.7901554404145078
0.09053759757261359 0.7914507772020726
0.09102698999192502 0.7914507772020726
0.09102698999192502 0.7940414507772021
0.09168766975799544 0.7940414507772021
0.09168766975799544 0.7953367875647669
0.09178554824185774 0.7953367875647669
0.09178554824185774 0.7966321243523317
0.09205471407247902 0.7966321243523317
0.09205471407247902 0.7979274611398964
0.094281449580346 0.7979274611398964
0.094281449580346 0.7992227979274612
0.094452736927105 0.7992227979274612
0.094452736927105 0.800518134715026
0.0958964445640737 0.800518134715026
0.0958964445640737 0.8018134715025907
0.09599432304793598 0.8018134715025907
0.09599432304793598 0.8031088082901555
0.09628795849952283 0.8031088082901555
0.09628795849952283 0.8044041450777203
0.09636136736241956 0.8044041450777203
0.09636136736241956 0.805699481865285
0.09812318007194068 0.805699481865285
0.09812318007194068 0.8069948186528497
0.10235642449898451 0.8069948186528497
0.10235642449898451 0.8082901554404145
0.10284581691829593 0.8082901554404145
0.10284581691829593 0.8095854922279793
0.10328627009567622 0.8095854922279793
0.10328627009567622 0.810880829015544
0.10365331441015978 0.810880829015544
0.10365331441015978 0.8121761658031088
0.10433846379719577 0.8121761658031088
0.10433846379719577 0.8134715025906736
0.10509702204712848 0.8134715025906736
0.10509702204712848 0.8147668393782384
0.1056842929503022 0.8147668393782384
0.1056842929503022 0.8160621761658031
0.10602686764382019 0.8160621761658031
0.10602686764382019 0.8199481865284974
0.10641838157926933 0.8199481865284974
0.10641838157926933 0.8212435233160622
0.10656519930506277 0.8212435233160622
0.10656519930506277 0.822538860103627
0.10800890694203147 0.822538860103627
0.10800890694203147 0.8238341968911918
0.10842489049844617 0.8238341968911918
0.10842489049844617 0.8251295336787565
0.10879193481292974 0.8251295336787565
0.10879193481292974 0.8264248704663213
0.10940367533706903 0.8264248704663213
0.10940367533706903 0.8277202072538861
0.10957496268382802 0.8277202072538861
0.10957496268382802 0.8290155440414508
0.11148359311914258 0.8290155440414508
0.11148359311914258 0.8303108808290156
0.11165488046590158 0.8303108808290156
0.11165488046590158 0.8316062176165804
0.11353904128025057 0.8316062176165804
0.11353904128025057 0.8329015544041452
0.11508062740108155 0.8329015544041452
0.11508062740108155 0.8341968911917099
0.11605941223970441 0.8341968911917099
0.11605941223970441 0.8354922279792747
0.11757652873956982 0.8354922279792747
0.11757652873956982 0.8367875647668395
0.1178456945701911 0.8367875647668395
0.1178456945701911 0.8380829015544041
0.11987667311033352 0.8380829015544041
0.11987667311033352 0.8393782383419689
0.12009689969902365 0.8393782383419689
0.12009689969902365 0.8419689119170984
0.12163848581985465 0.8419689119170984
0.12163848581985465 0.8432642487046632
0.12283749724716764 0.8432642487046632
0.12283749724716764 0.844559585492228
0.12295984535199549 0.844559585492228
0.12295984535199549 0.8458549222797928
0.1235471162551692 0.8458549222797928
0.1235471162551692 0.8484455958549223
0.12413438715834291 0.8484455958549223
0.12413438715834291 0.8497409326424871
0.12518658085986248 0.8497409326424871
0.12518658085986248 0.8510362694300518
0.12528445934372476 0.8510362694300518
0.12528445934372476 0.8549222797927462
0.12770695181931632 0.8549222797927462
0.12770695181931632 0.8562176165803109
0.1284165708273179 0.8562176165803109
0.1284165708273179 0.8575129533678757
0.12861232779504245 0.8575129533678757
0.12861232779504245 0.8588082901554405
0.12986027846428658 0.8588082901554405
0.12986027846428658 0.8601036269430052
0.1318667873834634 0.8601036269430052
0.1318667873834634 0.86139896373057
0.13225830131891256 0.86139896373057
0.13225830131891256 0.8639896373056996
0.13269875449629284 0.8639896373056996
0.13269875449629284 0.8652849740932643
0.13272322411725843 0.8652849740932643
0.13272322411725843 0.8665803108808291
0.13294345070594857 0.8665803108808291
0.13294345070594857 0.8678756476683939
0.13318814691560427 0.8678756476683939
0.13318814691560427 0.8691709844559585
0.13470526341546968 0.8691709844559585
0.13470526341546968 0.8717616580310881
0.13717669513299238 0.8717616580310881
0.13717669513299238 0.8730569948186528
0.13720116475395797 0.8730569948186528
0.13720116475395797 0.8743523316062176
0.13734798247975138 0.8743523316062176
0.13734798247975138 0.8756476683937824
0.13888956860058238 0.8756476683937824
0.13888956860058238 0.8769430051813472
0.13893850784251352 0.8769430051813472
0.13893850784251352 0.8782383419689119
0.1413365306971395 0.8782383419689119
0.1413365306971395 0.8795336787564767
0.14155675728582964 0.8795336787564767
0.14155675728582964 0.8808290155440415
0.14336750923728192 0.8808290155440415
0.14336750923728192 0.8821243523316062
0.1440526586243179 0.8821243523316062
0.1440526586243179 0.883419689119171
0.14671984730956517 0.883419689119171
0.14671984730956517 0.8847150259067358
0.14850612964005186 0.8847150259067358
0.14850612964005186 0.8860103626943006
0.1490934005432256 0.8860103626943006
0.1490934005432256 0.8873056994818653
0.15063498666405656 0.8873056994818653
0.15063498666405656 0.8886010362694301
0.15853867423593607 0.8886010362694301
0.15853867423593607 0.8898963730569949
0.15856314385690165 0.8898963730569949
0.15856314385690165 0.8911917098445596
0.15934617172779994 0.8911917098445596
0.15934617172779994 0.8924870466321244
0.16061859201800963 0.8924870466321244
0.16061859201800963 0.8937823834196892
0.1610590451953899 0.8937823834196892
0.1610590451953899 0.895077720207254
0.1620867692759439 0.895077720207254
0.1620867692759439 0.8963730569948187
0.16240487434849635 0.8963730569948187
0.16240487434849635 0.8976683937823835
0.16375070350160276 0.8976683937823835
0.16375070350160276 0.8989637305699483
0.16450926175153546 0.8989637305699483
0.16450926175153546 0.9002590673575129
0.16512100227567475 0.9002590673575129
0.16512100227567475 0.9015544041450777
0.16612425673526315 0.9015544041450777
0.16612425673526315 0.9028497409326425
0.1674700858883696 0.9028497409326425
0.1674700858883696 0.905440414507772
0.1697702302591333 0.905440414507772
0.1697702302591333 0.9067357512953368
0.17121393789610198 0.9067357512953368
0.17121393789610198 0.9080310880829016
0.1713607556218954 0.9080310880829016
0.1713607556218954 0.9093264248704663
0.17280446325886412 0.9093264248704663
0.17280446325886412 0.9106217616580311
0.17603445322631953 0.9106217616580311
0.17603445322631953 0.9119170984455959
0.17711111654880465 0.9119170984455959
0.17711111654880465 0.9132124352331606
0.17738028237942594 0.9132124352331606
0.17738028237942594 0.9145077720207254
0.17811437100839309 0.9145077720207254
0.17811437100839309 0.9158031088082902
0.1787016419115668 0.9158031088082902
0.1787016419115668 0.917098445595855
0.1791910343308782 0.917098445595855
0.1791910343308782 0.9196891191709845
0.18090390779846818 0.9196891191709845
0.18090390779846818 0.9209844559585493
0.18237208505640248 0.9209844559585493
0.18237208505640248 0.922279792746114
0.18242102429833362 0.922279792746114
0.18242102429833362 0.9235751295336788
0.18418283700785473 0.9235751295336788
0.18418283700785473 0.9248704663212436
0.18501480412068416 0.9248704663212436
0.18501480412068416 0.9261658031088084
0.1856754838867546 0.9261658031088084
0.1856754838867546 0.9274611398963731
0.18665426872537744 0.9274611398963731
0.18665426872537744 0.9287564766839379
0.1882937333300707 0.9287564766839379
0.1882937333300707 0.9300518134715027
0.18944380551545256 0.9300518134715027
0.18944380551545256 0.9313471502590674
0.19037365111214427 0.9313471502590674
0.19037365111214427 0.9326424870466321
0.19154819291849168 0.9326424870466321
0.19154819291849168 0.9365284974093264
0.1931387182812538 0.9365284974093264
0.1931387182812538 0.9378238341968912
0.19668681332126164 0.9378238341968912
0.19668681332126164 0.939119170984456
0.19820392982112706 0.939119170984456
0.19820392982112706 0.9404145077720207
0.19908483617588763 0.9404145077720207
0.19908483617588763 0.9417098445595855
0.2005530134338219 0.9417098445595855
0.2005530134338219 0.9430051813471503
0.20184990334499717 0.9430051813471503
0.20184990334499717 0.944300518134715
0.20860351873149485 0.944300518134715
0.20860351873149485 0.9455958549222798
0.21021851371522254 0.9455958549222798
0.21021851371522254 0.9481865284974094
0.2109281327232241 0.9481865284974094
0.2109281327232241 0.9494818652849741
0.21601781388406294 0.9494818652849741
0.21601781388406294 0.9507772020725389
0.23165390168106295 0.9507772020725389
0.23165390168106295 0.9520725388601037
0.23224117258423665 0.9520725388601037
0.23224117258423665 0.9533678756476685
0.243007805809088 0.9533678756476685
0.243007805809088 0.9546632124352332
0.24856240976827268 0.9546632124352332
0.24856240976827268 0.955958549222798
0.25012846551006923 0.955958549222798
0.25012846551006923 0.9572538860103628
0.2591822252673306 0.9572538860103628
0.2591822252673306 0.9585492227979275
0.26366016590403013 0.9585492227979275
0.26366016590403013 0.9611398963730571
0.26432084567010056 0.9611398963730571
0.26432084567010056 0.9624352331606219
0.27327672694349964 0.9624352331606219
0.27327672694349964 0.9637305699481865
0.28568282477304424 0.9637305699481865
0.28568282477304424 0.9650259067357513
0.28979372109526025 0.9650259067357513
0.28979372109526025 0.966321243523316
0.297452712457484 0.966321243523316
0.297452712457484 0.9676165803108808
0.31164509261751533 0.9676165803108808
0.31164509261751533 0.9702072538860104
0.3191572662539457 0.9702072538860104
0.3191572662539457 0.9715025906735751
0.32591088164044335 0.9715025906735751
0.32591088164044335 0.9727979274611399
0.33851273643771257 0.9727979274611399
0.33851273643771257 0.9753886010362695
0.34553551765483154 0.9753886010362695
0.34553551765483154 0.9766839378238342
0.3511390608559473 0.9766839378238342
0.3511390608559473 0.977979274611399
0.3798174566275968 0.977979274611399
0.3798174566275968 0.9792746113989638
0.38113881615973766 0.9792746113989638
0.38113881615973766 0.9805699481865285
0.3886020505542369 0.9805699481865285
0.3886020505542369 0.9818652849740933
0.39158734431203657 0.9818652849740933
0.39158734431203657 0.9831606217616581
0.39161181393300215 0.9831606217616581
0.39161181393300215 0.9844559585492229
0.4319866885261947 0.9844559585492229
0.4319866885261947 0.9857512953367876
0.4439033939364279 0.9857512953367876
0.4439033939364279 0.9870466321243524
0.4699390706437957 0.9870466321243524
0.4699390706437957 0.9883419689119172
0.4875816673599726 0.9883419689119172
0.4875816673599726 0.9909326424870467
0.6285022145006973 0.9909326424870467
0.6285022145006973 0.9935233160621763
0.6334940171776738 0.9935233160621763
0.6334940171776738 0.9974093264248705
0.6402476325641716 0.9974093264248705
0.6402476325641716 0.9987046632124352
0.9209631242812049 0.9987046632124352
0.9210365331441016 1.0
1.0 1.0
