0.0034000000000000002 0.0 0.0
0.0102 0.060344827586206906 0.0
0.017 0.08189655172413796 0.0
0.0238 0.07758620689655174 0.0
0.030600000000000002 0.12500000000000003 0.0
0.0374 0.1077586206896552 0.0
0.0442 0.08189655172413796 0.0
0.051000000000000004 0.08620689655172416 0.0
0.057800000000000004 0.05172413793103449 0.0
0.0646 0.060344827586206906 0.0
0.0714 0.034482758620689655 0.008620689655172414
0.0782 0.021551724137931036 0.0
0.085 0.03017241379310345 0.0
0.0918 0.02586206896551724 0.0
0.09860000000000001 0.021551724137931036 0.0
0.10540000000000001 0.02586206896551724 0.0
0.11220000000000001 0.01293103448275862 0.004310344827586207
0.11900000000000001 0.004310344827586207 0.0
0.12580000000000002 0.01293103448275862 0.0
0.1326 0.0 0.0
0.13940000000000002 0.008620689655172414 0.0
0.1462 0.017241379310344827 0.0
0.15300000000000002 0.008620689655172414 0.0
0.1598 0.008620689655172414 0.004310344827586207
0.16660000000000003 0.0 0.0
0.1734 0.0 0.0
0.18020000000000003 0.004310344827586207 0.0
0.187 0.0 0.0
0.19380000000000003 0.0 0.0
0.2006 0.0 0.0
0.20740000000000003 0.0 0.0
0.2142 0.0 0.0
0.22100000000000003 0.0 0.0
0.2278 0.0 0.0
0.23460000000000003 0.0 0.004310344827586207
0.2414 0.0 0.0
0.24820000000000003 0.0 0.0
0.255 0.0 0.0
0.26180000000000003 0.0 0.0
0.2686 0.0 0.0
0.27540000000000003 0.0 0.0
0.2822 0.0 0.0
0.28900000000000003 0.0 0.0
0.2958 0.0 0.0
0.30260000000000004 0.0 0.0
0.3094 0.0 0.0
0.31620000000000004 0.0 0.0
0.323 0.0 0.0
0.32980000000000004 0.0 0.0
0.3366 0.0 0.0
0.34340000000000004 0.0 0.0
0.3502 0.0 0.0
0.35700000000000004 0.0 0.0
0.3638 0.0 0.0
0.37060000000000004 0.0 0.004310344827586207
0.3774 0.0 0.0
0.38420000000000004 0.0 0.0
0.391 0.0 0.0
0.39780000000000004 0.0 0.0
0.4046 0.0 0.0
0.41140000000000004 0.0 0.0
0.4182 0.0 0.0
0.42500000000000004 0.0 0.0
0.4318 0.0 0.0
0.43860000000000005 0.0 0.0
0.4454 0.0 0.004310344827586207
