0.0223 0.00273224043715847 0.0
0.0269 0.00819672131147541 0.0
0.0315 0.00819672131147541 0.0
0.0361 0.03278688524590164 0.0
0.0407 0.01639344262295082 0.0
0.0453 0.04918032786885248 0.0
0.0499 0.04918032786885248 0.0
0.05450000000000001 0.06284153005464484 0.0
0.0591 0.07103825136612026 0.0
0.0637 0.07377049180327873 0.0
0.0683 0.05191256830601095 0.0
0.0729 0.06284153005464484 0.0
0.0775 0.04371584699453553 0.0
0.0821 0.0573770491803279 0.0
0.0867 0.07923497267759567 0.0
0.0913 0.046448087431694006 0.0
0.0959 0.035519125683060114 0.0
0.1005 0.03825136612021859 0.0
0.1051 0.01912568306010929 0.00273224043715847
0.1097 0.01639344262295082 0.0
0.1143 0.0 0.0
0.1189 0.01092896174863388 0.00273224043715847
0.1235 0.01366120218579235 0.0
0.1281 0.00819672131147541 0.0
0.13269999999999998 0.01366120218579235 0.0
0.1373 0.00819672131147541 0.0
0.1419 0.00546448087431694 0.0
0.1465 0.00273224043715847 0.0
0.15109999999999998 0.00819672131147541 0.00273224043715847
0.15569999999999998 0.00819672131147541 0.0
0.1603 0.00546448087431694 0.00273224043715847
0.1649 0.01366120218579235 0.0
0.16949999999999998 0.00273224043715847 0.0
0.17409999999999998 0.00273224043715847 0.0
0.1787 0.01092896174863388 0.00546448087431694
0.1833 0.00546448087431694 0.0
0.18789999999999998 0.0 0.0
0.19249999999999998 0.00546448087431694 0.0
0.1971 0.0 0.0
0.2017 0.00273224043715847 0.0
0.20629999999999998 0.0 0.0
0.21089999999999998 0.0 0.0
0.2155 0.0 0.0
0.2201 0.00273224043715847 0.0
0.22469999999999998 0.0 0.0
0.22929999999999998 0.0 0.0
0.2339 0.0 0.0
0.2385 0.00273224043715847 0.0
0.24309999999999998 0.00819672131147541 0.0
0.24769999999999998 0.0 0.0
0.2523 0.0 0.0
0.2569 0.0 0.0
0.2615 0.0 0.0
0.2661 0.0 0.0
0.2707 0.0 0.0
0.2753 0.0 0.0
0.27990000000000004 0.0 0.0
0.28450000000000003 0.0 0.0
0.2891 0.00273224043715847 0.0
0.2937 0.0 0.0
0.2983 0.0 0.0
0.3029 0.0 0.0
0.3075 0.00273224043715847 0.0
0.3121 0.0 0.00273224043715847
0.31670000000000004 0.0 0.0
0.32130000000000003 0.00273224043715847 0.0
0.3259 0.0 0.0
0.3305 0.0 0.0
0.3351 0.0 0.00546448087431694
