# Cluster: Outlier
# Cluster name: Outlier
# Cluster noise flag: false
# Cluster size: 9
ID=9 3.49857426223 1.36729868688 3.69272551308 4.0143823238 0.731645719284 2.13142922262 3.37295861957 3.31502871902 0.940240078884 -0.416426642034 1.92441358582 0.997965074823 2.40784709913 3.03715299064 1.1299747487 0.679176434375 0.400905006662 1.00403495008 0.200393435127 0.112442487208 3.25340866151 1.20954283481 3.36004069684 3.36143815828 0.975751675732 1.07487487764 1.16846999501 1.98580542571 0.476246739393 -0.250523450253 Outlier sod-outlier=0.15025972893163853
ID=8 2.68727398358 2.49328779772 2.82255088247 2.98849966996 0.530298964649 1.43209904883 2.61547428184 2.99619055532 -0.129771598765 -0.539975440408 0.820997300024 -0.240542601502 1.00544418681 1.73135079402 -0.807580427553 -0.0833033339534 0.333851991936 0.209824798902 -1.16104064317 -0.367198053321 3.20498265124 2.62902601465 3.38979381436 3.44205986026 0.681538771976 1.85599898694 3.15897042086 3.00472104838 0.597181347515 0.786562292367 Outlier sod-outlier=0.15955786457160873
ID=7 4.36396122613 1.25295983677 4.29004877646 5.48753561566 0.110642175684 0.595195726088 1.31847118504 3.17846060169 0.0963440765121 -1.47835798044 3.29671586103 -0.155128278997 2.72832748974 5.70111640272 -0.802979719875 -0.549297436505 -0.275776793324 0.0824681599594 -1.38196882869 -0.563117269086 6.28810530519 2.10624506827 5.92475942647 8.19067810662 0.681538771976 0.712842544869 0.96339633672 3.10259717962 0.248331516394 -0.312989942622 Outlier sod-outlier=0.17700336339455638
ID=6 5.51944950178 1.55869197945 5.61005944492 7.51681906588 1.04140995718 1.34324972347 3.93190005397 6.11843881263 0.20940191415 -1.14301124199 5.8978598988 -0.501056285143 5.32951983311 11.2630721746 -0.289014947883 -0.110424683837 0.298479988755 0.547673660541 -0.813867780214 -0.173689091529 6.89343043358 1.24498561083 6.78164921084 9.36372387037 1.22251088533 0.789577658881 2.08960943043 3.30336873089 -0.284245892451 -0.162502483734 Outlier sod-outlier=0.31173853672019375
ID=5 2.59876849864 -0.733056277065 2.65294057312 2.83171829552 0.419668879684 0.982120207492 1.08216196856 2.81338283921 -0.0247893209576 -0.197274606823 2.54744209787 -0.675301503054 3.15242184123 3.09189196487 -0.507548562573 0.544186079271 0.244653027393 0.64142229754 -0.174036801371 0.0411678340206 2.59158652114 -0.741581985437 2.76497834658 2.59553198951 -0.0112851626754 0.921404649618 0.512640374933 1.71476383151 0.094837590701 -0.0340202664753 Outlier sod-outlier=0.10701614360626577
ID=4 2.46601027122 -0.228473960284 2.50545334759 2.67257040978 0.591514278329 0.649651764212 1.68318586617 3.02845074052 0.274006392801 -0.98563360597 0.161898716233 -0.616707277815 0.186171007799 0.912646136111 -0.793449682543 -0.398897223512 -0.0859983066915 0.478688814447 -0.935808661832 -0.433996520559 2.52701850744 0.245499326893 2.52695340648 2.57537656402 0.752719313207 0.521004759841 1.11432513474 2.72113123222 0.98324182729 0.103689955337 Outlier sod-outlier=0.12106464053250691
ID=3 2.96262438118 0.144370116156 2.91841757907 3.33992659982 -0.508886300116 0.0930537324443 0.713994367374 1.66330723694 -0.501247351005 -1.26214758328 -0.261104852469 -1.26773524395 -0.266838867656 0.53899313817 -1.41487384101 -0.759426258675 -0.36897433214 -0.565104972219 -1.4020532092 -0.873007065551 3.11620163241 0.470560954659 3.02085515719 3.33322056259 -0.110937920399 0.560356100359 1.22261485529 2.00337293645 1.14138708406 -0.730379687085 Outlier sod-outlier=0.1770537251843253
ID=2 -0.592345930721 0.206510795562 -0.422168079099 -0.679592863975 2.12558478983 3.83962915534 2.59605160651 1.9606386105 1.8204761005 2.45167046307 -0.640660380199 -0.325956924008 -0.384910590514 -0.64543133301 0.0767413124924 1.47863986164 0.60790812093 0.614889664427 -0.44230674093 0.279782977299 -0.140447558342 1.61536262031 0.197879367556 -0.302415088001 4.39716302425 7.38191097927 4.51462235999 4.39506404089 3.34611801675 4.30385172062 Outlier sod-outlier=0.3369960011781969
ID=1 0.749987257592 1.42943936628 0.924390289954 0.717832065888 2.91474606258 2.73331174925 2.31334377676 3.47095294747 2.04255399586 1.67360719712 2.25642220079 1.21662574044 2.25363097131 2.42709108955 0.543055897823 0.590415652937 0.153916149667 0.529985238466 -0.0693111030397 0.30422983902 2.2647109518 3.21560395789 2.38413844241 2.2972316922 4.5964685397 3.2795337302 1.97252117009 3.11263575719 3.9926530371 2.05363830234 Outlier sod-outlier=0.33625931452839053
