# ROCAUC: 0.937130407718643
# False Positive Rate True Positive Rate
0.0 0.0
0.0 0.2222222222222222
0.0028011204481792717 0.2222222222222222
0.0028011204481792717 0.3333333333333333
0.047619047619047616 0.3333333333333333
0.047619047619047616 0.5555555555555556
0.0700280112044818 0.5555555555555556
0.0700280112044818 0.6666666666666666
0.08403361344537816 0.6666666666666666
0.08403361344537816 0.7777777777777777
0.14285714285714285 0.7777777777777777
0.14285714285714285 0.8888888888888888
0.17086834733893558 0.8888888888888888
0.17086834733893558 1.0
1.0 1.0
