0.018 3.194888178913738E-4 0.0
0.0228 0.001597444089456869 0.0
0.0276 0.02555910543130991 0.0
0.0324 0.06741214057507974 3.194888178913738E-4
0.0372 0.0980830670926515 6.389776357827476E-4
0.041999999999999996 0.10063897763578247 6.389776357827476E-4
0.046799999999999994 0.09488817891373777 6.389776357827476E-4
0.05159999999999999 0.0782747603833864 9.584664536741214E-4
0.05639999999999999 0.0702875399361021 0.0
0.06119999999999999 0.06134185303514367 3.194888178913738E-4
0.06599999999999999 0.047284345047923275 0.0
0.07079999999999999 0.046006389776357785 6.389776357827476E-4
0.0756 0.03961661341853034 0.0
0.0804 0.03354632587859426 0.0
0.0852 0.032587859424920144 6.389776357827476E-4
0.09 0.023322683706070303 0.0
0.0948 0.0246006389776358 9.584664536741214E-4
0.0996 0.019808306709265186 9.584664536741214E-4
0.10439999999999999 0.024281150159744424 0.0
0.10919999999999999 0.01693290734824282 3.194888178913738E-4
0.11399999999999999 0.016613418530351445 3.194888178913738E-4
0.11879999999999999 0.012140575079872207 3.194888178913738E-4
0.12359999999999999 0.00830670926517572 3.194888178913738E-4
0.1284 0.0057507987220447275 3.194888178913738E-4
0.13319999999999999 0.006389776357827475 0.0
0.13799999999999998 0.005431309904153353 3.194888178913738E-4
0.14279999999999998 0.0041533546325878586 6.389776357827476E-4
0.14759999999999998 0.0035143769968051116 0.0012779552715654952
0.15239999999999998 0.0025559105431309905 3.194888178913738E-4
0.15719999999999998 0.001597444089456869 3.194888178913738E-4
0.16199999999999998 0.0019169329073482426 6.389776357827476E-4
0.16679999999999998 9.584664536741214E-4 6.389776357827476E-4
0.1716 6.389776357827476E-4 0.0
0.1764 9.584664536741214E-4 3.194888178913738E-4
0.1812 9.584664536741214E-4 0.0
0.186 9.584664536741214E-4 0.0
0.1908 6.389776357827476E-4 0.0
0.1956 6.389776357827476E-4 0.0
0.2004 3.194888178913738E-4 0.0
0.2052 0.0 0.0
0.21 3.194888178913738E-4 0.0
0.2148 0.0 6.389776357827476E-4
0.2196 0.0 3.194888178913738E-4
0.2244 0.0 6.389776357827476E-4
0.2292 0.0 0.0
0.23399999999999999 0.0 0.0
0.23879999999999998 0.0 0.0
0.24359999999999998 0.0 0.0
0.24839999999999998 0.0 0.0
0.2532 0.0 0.0
0.25799999999999995 0.0 0.0
0.2628 0.0 6.389776357827476E-4
0.2676 0.0 3.194888178913738E-4
0.2724 0.0 0.0
0.2772 0.0 3.194888178913738E-4
0.282 0.0 0.0
0.2868 0.0 0.0
0.29159999999999997 0.0 3.194888178913738E-4
0.2964 0.0 0.0
0.30119999999999997 0.0 0.0
0.306 0.0 6.389776357827476E-4
0.31079999999999997 0.0 0.0
0.3156 0.0 3.194888178913738E-4
0.32039999999999996 0.0 0.0
0.3252 0.0 0.0
0.32999999999999996 0.0 0.0
0.3348 0.0 3.194888178913738E-4
0.33959999999999996 0.0 0.0
0.3444 0.0 3.194888178913738E-4
0.34919999999999995 0.0 3.194888178913738E-4
0.354 0.0 3.194888178913738E-4
0.35879999999999995 0.0 0.0
0.3636 0.0 0.0
0.36839999999999995 0.0 0.0
0.3732 0.0 0.0
0.37799999999999995 0.0 0.0
0.3828 0.0 0.0
0.38759999999999994 0.0 0.0
0.39239999999999997 0.0 0.0
0.39719999999999994 0.0 0.0
0.40199999999999997 0.0 0.0
0.4068 0.0 0.0
0.41159999999999997 0.0 0.0
0.4164 0.0 0.0
0.42119999999999996 0.0 0.0
0.426 0.0 0.0
0.43079999999999996 0.0 0.0
0.4356 0.0 0.0
0.44039999999999996 0.0 0.0
0.4452 0.0 3.194888178913738E-4
0.44999999999999996 0.0 0.0
0.4548 0.0 0.0
0.45959999999999995 0.0 3.194888178913738E-4
