# ROCAUC: 0.8298461827152863
# False Positive Rate True Positive Rate
0.0 0.0
0.0 0.3220338983050847
0.004558775643112993 0.3220338983050847
0.004558775643112993 0.3389830508474576
0.005861282969716705 0.3389830508474576
0.005861282969716705 0.3559322033898305
0.006512536633018561 0.3559322033898305
0.006512536633018561 0.3728813559322034
0.007163790296320418 0.3728813559322034
0.007163790296320418 0.3898305084745763
0.0081406707912732 0.3898305084745763
0.0081406707912732 0.4067796610169492
0.009768804949527842 0.4067796610169492
0.009768804949527842 0.423728813559322
0.012373819602735266 0.423728813559322
0.012373819602735266 0.4406779661016949
0.012699446434386195 0.4406779661016949
0.012699446434386195 0.4576271186440678
0.013025073266037123 0.4576271186440678
0.013025073266037123 0.4745762711864407
0.014653207424291763 0.4745762711864407
0.014653207424291763 0.4915254237288136
0.015630087919244546 0.4915254237288136
0.015630087919244546 0.5084745762711864
0.0162813415825464 0.5084745762711864
0.0162813415825464 0.5254237288135594
0.019863236730706613 0.5254237288135594
0.019863236730706613 0.5423728813559322
0.02377075871051775 0.5423728813559322
0.02377075871051775 0.559322033898305
0.03353956366004559 0.559322033898305
0.03353956366004559 0.576271186440678
0.046239010094431786 0.576271186440678
0.046239010094431786 0.5932203389830508
0.05079778573754478 0.5932203389830508
0.05079778573754478 0.6101694915254238
0.07098664929990231 0.6101694915254238
0.07098664929990231 0.6271186440677966
0.07912732009117551 0.6271186440677966
0.07912732009117551 0.6440677966101694
0.12732009117551288 0.6440677966101694
0.12732009117551288 0.6610169491525424
0.1299251058287203 0.6610169491525424
0.1299251058287203 0.6779661016949152
0.1335070009768805 0.6779661016949152
0.1335070009768805 0.6949152542372882
0.1390426571149463 0.6949152542372882
0.1390426571149463 0.711864406779661
0.1556496255291436 0.711864406779661
0.1556496255291436 0.7288135593220338
0.1589058938456529 0.7288135593220338
0.1589058938456529 0.7457627118644068
0.21263432106805602 0.7457627118644068
0.21263432106805602 0.7627118644067796
0.2136112015630088 0.7627118644067796
0.2136112015630088 0.7796610169491526
0.3051123412569196 0.7796610169491526
0.3051123412569196 0.7966101694915254
0.3282318463041355 0.7966101694915254
0.3282318463041355 0.8135593220338984
0.4291761641159232 0.8135593220338984
0.4291761641159232 0.8305084745762712
0.5845001628134159 0.8305084745762712
0.5845001628134159 0.847457627118644
0.5871051774666233 0.847457627118644
0.5871051774666233 0.864406779661017
0.5952458482578965 0.864406779661017
0.5952458482578965 0.8813559322033898
0.6160859654835559 0.8813559322033898
0.6160859654835559 0.8983050847457628
0.6952132855747314 0.8983050847457628
0.6952132855747314 0.9152542372881356
0.7564311299251059 0.9152542372881356
0.7564311299251059 0.9322033898305084
0.7629436665581244 0.9322033898305084
0.7629436665581244 0.9491525423728814
0.8635623575382612 0.9491525423728814
0.8635623575382612 0.9661016949152542
0.8769130576359493 0.9661016949152542
0.8769130576359493 0.9830508474576272
0.9169651579290135 0.9830508474576272
0.9169651579290135 1.0
1.0 1.0
