PR-AUC score 0.292228
0.000000, 0.000000
0.000000, 0.000000
0.000000, 0.000000
0.005000, 0.333333
0.005000, 0.250000
0.005000, 0.200000
0.005000, 0.166667
0.005000, 0.142857
0.005000, 0.125000
0.005000, 0.111111
0.005000, 0.100000
0.005000, 0.090909
0.005000, 0.083333
0.005000, 0.076923
0.005000, 0.071429
0.005000, 0.066667
0.005000, 0.062500
0.005000, 0.058824
0.005000, 0.055556
0.005000, 0.052632
0.005000, 0.050000
0.005000, 0.047619
0.005000, 0.045455
0.005000, 0.043478
0.010000, 0.083333
0.010000, 0.080000
0.010000, 0.076923
0.010000, 0.074074
0.010000, 0.071429
0.010000, 0.068966
0.010000, 0.066667
0.010000, 0.064516
0.010000, 0.062500
0.010000, 0.060606
0.010000, 0.058824
0.010000, 0.057143
0.010000, 0.055556
0.010000, 0.054054
0.010000, 0.052632
0.010000, 0.051282
0.010000, 0.050000
0.010000, 0.048780
0.010000, 0.047619
0.010000, 0.046512
0.010000, 0.045455
0.010000, 0.044444
0.010000, 0.043478
0.010000, 0.042553
0.010000, 0.041667
0.010000, 0.040816
0.010000, 0.040000
0.010000, 0.039216
0.010000, 0.038462
0.010000, 0.037736
0.010000, 0.037037
0.010000, 0.036364
0.010000, 0.035714
0.010000, 0.035088
0.010000, 0.034483
0.015000, 0.050847
0.015000, 0.050000
0.020000, 0.065574
0.025000, 0.080645
0.030000, 0.095238
0.035000, 0.109375
0.040000, 0.123077
0.045000, 0.136364
0.050000, 0.149254
0.055000, 0.161765
0.060000, 0.173913
0.065000, 0.185714
0.070000, 0.197183
0.075000, 0.208333
0.080000, 0.219178
0.085000, 0.229730
0.090000, 0.240000
0.095000, 0.250000
0.100000, 0.259740
0.105000, 0.269231
0.110000, 0.278481
0.115000, 0.287500
0.120000, 0.296296
0.125000, 0.304878
0.130000, 0.313253
0.135000, 0.321429
0.140000, 0.329412
0.145000, 0.337209
0.150000, 0.344828
0.155000, 0.352273
0.160000, 0.359551
0.165000, 0.366667
0.170000, 0.373626
0.175000, 0.380435
0.180000, 0.387097
0.185000, 0.393617
0.190000, 0.400000
0.195000, 0.406250
0.200000, 0.412371
0.205000, 0.418367
0.210000, 0.424242
0.215000, 0.430000
0.220000, 0.435644
0.220000, 0.431373
0.220000, 0.427184
0.220000, 0.423077
0.220000, 0.419048
0.220000, 0.415094
0.220000, 0.411215
0.220000, 0.407407
0.220000, 0.403670
0.220000, 0.400000
0.220000, 0.396396
0.220000, 0.392857
0.220000, 0.389381
0.220000, 0.385965
0.220000, 0.382609
0.220000, 0.379310
0.220000, 0.376068
0.220000, 0.372881
0.220000, 0.369748
0.220000, 0.366667
0.220000, 0.363636
0.220000, 0.360656
0.220000, 0.357724
0.220000, 0.354839
0.220000, 0.352000
0.220000, 0.349206
0.220000, 0.346457
0.220000, 0.343750
0.220000, 0.341085
0.220000, 0.338462
0.220000, 0.335878
0.220000, 0.333333
0.220000, 0.330827
0.220000, 0.328358
0.220000, 0.325926
0.220000, 0.323529
0.220000, 0.321168
0.220000, 0.318841
0.220000, 0.316547
0.220000, 0.314286
0.220000, 0.312057
0.220000, 0.309859
0.220000, 0.307692
0.220000, 0.305556
0.220000, 0.303448
0.220000, 0.301370
0.220000, 0.299320
0.220000, 0.297297
0.220000, 0.295302
0.220000, 0.293333
0.220000, 0.291391
0.220000, 0.289474
0.220000, 0.287582
0.220000, 0.285714
0.220000, 0.283871
0.220000, 0.282051
0.220000, 0.280255
0.225000, 0.284810
0.225000, 0.283019
0.225000, 0.281250
0.225000, 0.279503
0.225000, 0.277778
0.225000, 0.276074
0.225000, 0.274390
0.225000, 0.272727
0.225000, 0.271084
0.225000, 0.269461
0.225000, 0.267857
0.225000, 0.266272
0.225000, 0.264706
0.225000, 0.263158
0.225000, 0.261628
0.225000, 0.260116
0.225000, 0.258621
0.225000, 0.257143
0.225000, 0.255682
0.225000, 0.254237
0.225000, 0.252809
0.225000, 0.251397
0.225000, 0.250000
0.225000, 0.248619
0.225000, 0.247253
0.225000, 0.245902
0.225000, 0.244565
0.225000, 0.243243
0.225000, 0.241935
0.225000, 0.240642
0.225000, 0.239362
0.225000, 0.238095
0.225000, 0.236842
0.225000, 0.235602
0.225000, 0.234375
0.225000, 0.233161
0.225000, 0.231959
0.225000, 0.230769
0.225000, 0.229592
0.225000, 0.228426
0.225000, 0.227273
0.225000, 0.226131
0.225000, 0.223881
0.225000, 0.221675
0.225000, 0.220588
0.225000, 0.219512
0.225000, 0.218447
0.225000, 0.217391
0.225000, 0.216346
0.225000, 0.215311
0.225000, 0.214286
0.225000, 0.213270
0.225000, 0.212264
0.225000, 0.211268
0.225000, 0.210280
0.225000, 0.209302
0.225000, 0.208333
0.225000, 0.207373
0.225000, 0.206422
0.225000, 0.205479
0.225000, 0.203620
0.225000, 0.202703
0.225000, 0.201794
0.225000, 0.200893
0.225000, 0.200000
0.225000, 0.199115
0.225000, 0.198238
0.225000, 0.197368
0.225000, 0.195652
0.225000, 0.194805
0.225000, 0.193966
0.225000, 0.193133
0.225000, 0.192308
0.225000, 0.191489
0.225000, 0.190678
0.225000, 0.189873
0.225000, 0.189076
0.225000, 0.188285
0.225000, 0.187500
0.225000, 0.186722
0.225000, 0.185950
0.225000, 0.185185
0.225000, 0.184426
0.225000, 0.183673
0.225000, 0.182927
0.225000, 0.182186
0.225000, 0.181452
0.225000, 0.180723
0.225000, 0.180000
0.225000, 0.179283
0.225000, 0.178571
0.225000, 0.177866
0.225000, 0.177165
0.225000, 0.176471
0.225000, 0.175781
0.225000, 0.175097
0.225000, 0.174419
0.225000, 0.173745
0.225000, 0.173077
0.225000, 0.172414
0.225000, 0.171756
0.225000, 0.171103
0.225000, 0.170455
0.225000, 0.169811
0.225000, 0.169173
0.225000, 0.168539
0.225000, 0.167910
0.225000, 0.167286
0.225000, 0.166667
0.225000, 0.166052
0.225000, 0.165441
0.225000, 0.164835
0.225000, 0.164234
0.225000, 0.163636
0.225000, 0.163043
0.225000, 0.162455
0.225000, 0.161871
0.225000, 0.161290
0.225000, 0.160714
0.225000, 0.160142
0.225000, 0.159574
0.225000, 0.159011
0.225000, 0.158451
0.225000, 0.157895
0.225000, 0.157343
0.225000, 0.156794
0.225000, 0.156250
0.225000, 0.155709
0.225000, 0.155172
0.225000, 0.154639
0.225000, 0.154110
0.225000, 0.153584
0.225000, 0.153061
0.225000, 0.152542
0.225000, 0.152027
0.225000, 0.151007
0.225000, 0.150502
0.225000, 0.150000
0.225000, 0.149502
0.225000, 0.149007
0.715000, 0.357500
0.820000, 0.389549
0.820000, 0.388626
0.820000, 0.387707
0.820000, 0.386792
0.875000, 0.402299
0.875000, 0.400458
0.875000, 0.399543
0.875000, 0.398633
0.875000, 0.397727
0.895000, 0.403153
0.895000, 0.402247
0.895000, 0.401345
0.895000, 0.400447
0.895000, 0.399554
0.895000, 0.398664
0.895000, 0.397778
0.900000, 0.399113
0.900000, 0.398230
0.900000, 0.396476
0.900000, 0.395604
0.900000, 0.394737
0.900000, 0.393873
0.900000, 0.393013
0.900000, 0.392157
0.900000, 0.391304
0.900000, 0.390456
0.900000, 0.389610
0.900000, 0.388769
0.900000, 0.387931
0.900000, 0.387097
0.900000, 0.386266
0.900000, 0.385439
0.900000, 0.384615
0.900000, 0.383795
0.900000, 0.382979
0.900000, 0.382166
0.900000, 0.381356
0.900000, 0.380550
0.900000, 0.379747
0.900000, 0.378947
0.900000, 0.378151
0.905000, 0.379455
0.910000, 0.380753
0.910000, 0.379958
0.910000, 0.379167
0.910000, 0.378378
0.915000, 0.379668
0.915000, 0.378882
0.915000, 0.378099
0.915000, 0.377320
0.915000, 0.376543
0.920000, 0.377823
0.930000, 0.380368
0.930000, 0.379592
0.930000, 0.378819
0.930000, 0.378049
0.935000, 0.379310
0.940000, 0.380567
0.940000, 0.379798
0.940000, 0.379032
0.945000, 0.380282
0.950000, 0.381526
0.950000, 0.380762
0.955000, 0.382000
0.965000, 0.384462
0.965000, 0.383698
0.965000, 0.382937
0.970000, 0.384158
0.975000, 0.385375
0.975000, 0.384615
0.975000, 0.383858
0.975000, 0.383104
0.980000, 0.384314
0.980000, 0.383562
0.980000, 0.382066
0.980000, 0.381323
0.980000, 0.380583
0.985000, 0.381783
0.985000, 0.381044
0.990000, 0.382239
0.995000, 0.383430
0.995000, 0.382692
0.995000, 0.381958
0.995000, 0.381226
0.995000, 0.380497
0.995000, 0.379771
0.995000, 0.379048
0.995000, 0.378327
0.995000, 0.377609
0.995000, 0.376894
0.995000, 0.376181
0.995000, 0.375472
0.995000, 0.374765
0.995000, 0.374060
0.995000, 0.373358
0.995000, 0.372659
0.995000, 0.371963
0.995000, 0.371269
0.995000, 0.370577
0.995000, 0.369888
0.995000, 0.368519
0.995000, 0.367837
0.995000, 0.367159
0.995000, 0.366483
0.995000, 0.365809
0.995000, 0.365138
0.995000, 0.364469
0.995000, 0.363803
0.995000, 0.363139
0.995000, 0.362477
0.995000, 0.361818
0.995000, 0.361162
0.995000, 0.360507
0.995000, 0.359855
0.995000, 0.359206
0.995000, 0.358559
0.995000, 0.357914
0.995000, 0.357271
0.995000, 0.356631
0.995000, 0.355993
0.995000, 0.355357
0.995000, 0.354724
0.995000, 0.354093
0.995000, 0.353464
0.995000, 0.352837
0.995000, 0.352212
0.995000, 0.351590
0.995000, 0.350970
0.995000, 0.350352
0.995000, 0.349736
0.995000, 0.349123
0.995000, 0.348511
0.995000, 0.347902
0.995000, 0.347295
0.995000, 0.346690
0.995000, 0.346087
0.995000, 0.345486
0.995000, 0.344887
0.995000, 0.344291
0.995000, 0.343696
0.995000, 0.343103
0.995000, 0.342513
0.995000, 0.341924
0.995000, 0.341338
0.995000, 0.340753
0.995000, 0.340171
0.995000, 0.339590
0.995000, 0.339012
0.995000, 0.338435
0.995000, 0.337861
0.995000, 0.337288
0.995000, 0.336717
0.995000, 0.336149
0.995000, 0.335582
0.995000, 0.334454
0.995000, 0.333893
1.000000, 0.335008
