0.0108 0.9497058823530866 0.016666666666666632
0.0324 0.020980392156862752 0.0012745098039215683
0.054000000000000006 0.00490196078431373 1.96078431372549E-4
0.0756 0.001862745098039215 6.862745098039215E-4
0.09720000000000001 6.862745098039215E-4 3.92156862745098E-4
0.1188 3.92156862745098E-4 0.0
0.1404 1.96078431372549E-4 0.0
0.162 2.941176470588235E-4 0.0
0.1836 0.0 0.0
0.20520000000000002 0.0 0.0
0.2268 9.80392156862745E-5 0.0
0.2484 9.80392156862745E-5 0.0
0.27 9.80392156862745E-5 0.0
0.2916 9.80392156862745E-5 0.0
0.31320000000000003 0.0 0.0
0.33480000000000004 0.0 0.0
0.3564 0.0 0.0
0.378 0.0 0.0
0.3996 0.0 0.0
0.4212 0.0 0.0
0.4428 0.0 0.0
0.46440000000000003 0.0 0.0
0.48600000000000004 0.0 0.0
0.5076 0.0 0.0
0.5292 0.0 0.0
0.5508000000000001 0.0 0.0
0.5724 0.0 0.0
0.5940000000000001 0.0 0.0
0.6156 0.0 0.0
0.6372 0.0 0.0
0.6588 0.0 0.0
0.6804 0.0 0.0
0.7020000000000001 0.0 0.0
0.7236 0.0 0.0
0.7452000000000001 0.0 0.0
0.7668 0.0 0.0
0.7884 0.0 0.0
0.81 0.0 0.0
0.8316 0.0 0.0
0.8532000000000001 0.0 0.0
0.8748 9.80392156862745E-5 0.0
0.8964000000000001 9.80392156862745E-5 0.0
0.918 9.80392156862745E-5 0.0
0.9396000000000001 0.0 0.0
0.9612 0.0 0.0
0.9828 0.0 0.0
1.0044 0.0 0.0
1.026 0.0 0.0
1.0476 0.0 0.0
1.0692000000000002 0.0 0.0
1.0908 0.0 0.0
1.1124 0.0 0.0
1.1340000000000001 0.0 0.0
1.1556 0.0 0.0
1.1772 0.0 0.0
1.1988 9.80392156862745E-5 0.0
1.2204000000000002 0.0 0.0
1.242 9.80392156862745E-5 0.0
1.2636 0.0 0.0
1.2852000000000001 0.0 0.0
1.3068 0.0 0.0
1.3284 0.0 0.0
1.35 0.0 0.0
1.3716000000000002 0.0 0.0
1.3932 0.0 0.0
1.4148 0.0 0.0
1.4364000000000001 0.0 0.0
1.4580000000000002 0.0 0.0
1.4796 0.0 0.0
1.5012 0.0 9.80392156862745E-5
1.5228000000000002 9.80392156862745E-5 9.80392156862745E-5
1.5444 9.80392156862745E-5 9.80392156862745E-5
1.566 0.0 9.80392156862745E-5
1.5876000000000001 1.96078431372549E-4 0.0
1.6092000000000002 0.0 0.0
1.6308 0.0 0.0
1.6524 0.0 0.0
1.6740000000000002 0.0 0.0
1.6956 0.0 0.0
1.7172 0.0 0.0
1.7388000000000001 9.80392156862745E-5 0.0
