# Precision @ 400: 0.1075
###############################################################
# k Precision
1 0.0
3 0.0
4 0.25
5 0.4
6 0.3333333333333333
7 0.2857142857142857
8 0.375
9 0.4444444444444444
10 0.4
11 0.36363636363636365
12 0.3333333333333333
13 0.3076923076923077
14 0.2857142857142857
15 0.26666666666666666
16 0.25
17 0.23529411764705882
18 0.2222222222222222
19 0.21052631578947367
20 0.2
21 0.19047619047619047
22 0.18181818181818182
23 0.17391304347826086
24 0.16666666666666666
25 0.16
26 0.15384615384615385
27 0.14814814814814814
28 0.14285714285714285
29 0.13793103448275862
30 0.13333333333333333
31 0.16129032258064516
32 0.1875
33 0.21212121212121213
34 0.20588235294117646
35 0.2
36 0.2222222222222222
37 0.21621621621621623
38 0.21052631578947367
39 0.20512820512820512
40 0.2
41 0.1951219512195122
42 0.19047619047619047
43 0.18604651162790697
44 0.18181818181818182
45 0.17777777777777778
46 0.1956521739130435
47 0.2127659574468085
48 0.22916666666666666
49 0.24489795918367346
50 0.24
51 0.23529411764705882
52 0.25
53 0.24528301886792453
54 0.24074074074074073
55 0.2545454545454545
56 0.26785714285714285
57 0.2631578947368421
58 0.25862068965517243
59 0.2542372881355932
60 0.25
61 0.2459016393442623
62 0.24193548387096775
63 0.23809523809523808
64 0.234375
65 0.23076923076923078
66 0.22727272727272727
67 0.22388059701492538
68 0.22058823529411764
69 0.21739130434782608
70 0.21428571428571427
71 0.2112676056338028
72 0.20833333333333334
73 0.2054794520547945
74 0.20270270270270271
75 0.2
76 0.19736842105263158
77 0.19480519480519481
78 0.20512820512820512
79 0.20253164556962025
80 0.2
81 0.19753086419753085
82 0.1951219512195122
83 0.1927710843373494
84 0.19047619047619047
85 0.18823529411764706
86 0.18604651162790697
87 0.1839080459770115
88 0.18181818181818182
89 0.1797752808988764
90 0.17777777777777778
91 0.17582417582417584
92 0.17391304347826086
93 0.17204301075268819
94 0.1702127659574468
95 0.16842105263157894
96 0.16666666666666666
97 0.16494845360824742
98 0.16326530612244897
99 0.16161616161616163
100 0.16
101 0.15841584158415842
102 0.1568627450980392
103 0.1553398058252427
104 0.15384615384615385
105 0.1523809523809524
106 0.1509433962264151
107 0.14953271028037382
108 0.14814814814814814
109 0.14678899082568808
110 0.14545454545454545
111 0.14414414414414414
112 0.14285714285714285
113 0.1504424778761062
114 0.14912280701754385
115 0.14782608695652175
116 0.14655172413793102
117 0.1452991452991453
118 0.1440677966101695
119 0.14285714285714285
120 0.14166666666666666
121 0.14049586776859505
122 0.13934426229508196
123 0.13821138211382114
124 0.13709677419354838
125 0.136
126 0.1349206349206349
127 0.13385826771653545
128 0.1328125
129 0.13178294573643412
130 0.13076923076923078
131 0.1297709923664122
132 0.12878787878787878
133 0.12781954887218044
134 0.12686567164179105
135 0.1259259259259259
136 0.125
137 0.12408759124087591
138 0.12318840579710146
139 0.1223021582733813
140 0.12142857142857143
141 0.12056737588652482
142 0.11971830985915492
143 0.11888111888111888
144 0.11805555555555555
145 0.11724137931034483
146 0.11643835616438356
147 0.11564625850340136
148 0.11486486486486487
149 0.11409395973154363
150 0.11333333333333333
151 0.11258278145695365
152 0.1118421052631579
153 0.1111111111111111
154 0.11038961038961038
155 0.10967741935483871
156 0.10897435897435898
157 0.10828025477707007
158 0.10759493670886076
159 0.1069182389937107
160 0.10625
161 0.10559006211180125
162 0.10493827160493827
163 0.10429447852760736
164 0.10365853658536585
165 0.10303030303030303
166 0.10240963855421686
167 0.10179640718562874
168 0.10119047619047619
169 0.10059171597633136
170 0.1
171 0.09941520467836257
172 0.09883720930232558
173 0.09826589595375723
174 0.09770114942528736
175 0.09714285714285714
176 0.09659090909090909
177 0.096045197740113
178 0.09550561797752809
179 0.09497206703910614
180 0.09444444444444444
181 0.09392265193370165
182 0.09340659340659341
183 0.09289617486338798
184 0.09239130434782608
185 0.0918918918918919
186 0.0913978494623656
187 0.09090909090909091
188 0.09042553191489362
189 0.08994708994708994
190 0.08947368421052632
191 0.08900523560209424
192 0.08854166666666667
193 0.08808290155440414
194 0.08762886597938144
195 0.08717948717948718
196 0.08673469387755102
197 0.08629441624365482
198 0.08585858585858586
199 0.08542713567839195
200 0.085
201 0.0845771144278607
202 0.08415841584158416
203 0.08374384236453201
204 0.08333333333333333
205 0.08292682926829269
206 0.0825242718446602
207 0.0821256038647343
208 0.08173076923076923
209 0.08133971291866028
210 0.08095238095238096
211 0.08056872037914692
212 0.08018867924528301
213 0.07981220657276995
214 0.0794392523364486
215 0.07906976744186046
216 0.08333333333333333
217 0.08294930875576037
218 0.08256880733944955
219 0.0821917808219178
220 0.08181818181818182
221 0.08144796380090498
222 0.08108108108108109
223 0.08071748878923767
224 0.08035714285714286
225 0.08
226 0.07964601769911504
227 0.07929515418502203
228 0.07894736842105263
229 0.07860262008733625
230 0.0782608695652174
231 0.07792207792207792
232 0.08189655172413793
233 0.0815450643776824
234 0.0811965811965812
235 0.08085106382978724
236 0.08050847457627118
237 0.08016877637130802
238 0.07983193277310924
239 0.0794979079497908
240 0.07916666666666666
241 0.07883817427385892
242 0.07851239669421488
243 0.0823045267489712
244 0.0860655737704918
245 0.08571428571428572
246 0.08536585365853659
247 0.08502024291497975
248 0.0846774193548387
249 0.08433734939759036
250 0.084
251 0.08366533864541832
252 0.08333333333333333
253 0.08300395256916997
254 0.08267716535433071
255 0.08235294117647059
256 0.08203125
257 0.08171206225680934
258 0.08139534883720931
259 0.08108108108108109
260 0.08076923076923077
261 0.08045977011494253
262 0.08015267175572519
263 0.07984790874524715
264 0.07954545454545454
265 0.07924528301886792
266 0.07894736842105263
267 0.07865168539325842
268 0.07835820895522388
269 0.07806691449814127
270 0.07777777777777778
271 0.07749077490774908
272 0.07720588235294118
273 0.07692307692307693
274 0.07664233576642336
275 0.07636363636363637
276 0.07608695652173914
277 0.07581227436823104
278 0.07553956834532374
279 0.07885304659498207
280 0.07857142857142857
281 0.07829181494661921
282 0.07801418439716312
283 0.07773851590106007
284 0.07746478873239436
285 0.07719298245614035
286 0.07692307692307693
287 0.07665505226480836
288 0.0763888888888889
289 0.07612456747404844
290 0.07586206896551724
291 0.07560137457044673
292 0.07534246575342465
293 0.07849829351535836
294 0.0782312925170068
295 0.07796610169491526
296 0.0777027027027027
297 0.07744107744107744
298 0.07718120805369127
299 0.07692307692307693
300 0.07666666666666666
301 0.07641196013289037
302 0.076158940397351
303 0.07590759075907591
304 0.0756578947368421
305 0.07540983606557378
306 0.07516339869281045
307 0.0749185667752443
308 0.07467532467532467
309 0.0744336569579288
310 0.07419354838709677
311 0.07717041800643087
312 0.08012820512820513
313 0.07987220447284345
314 0.07961783439490445
315 0.07936507936507936
316 0.07911392405063292
317 0.07886435331230283
318 0.07861635220125786
319 0.07836990595611286
320 0.08125
321 0.08099688473520249
322 0.08074534161490683
323 0.0804953560371517
324 0.08024691358024691
325 0.08
326 0.07975460122699386
327 0.07951070336391437
328 0.07926829268292683
329 0.0790273556231003
330 0.07878787878787878
331 0.07854984894259819
332 0.0783132530120482
333 0.08108108108108109
334 0.08083832335329341
335 0.08059701492537313
336 0.08035714285714286
337 0.0830860534124629
338 0.08284023668639054
339 0.0855457227138643
340 0.08823529411764706
341 0.08797653958944282
342 0.08771929824561403
343 0.08746355685131195
344 0.0872093023255814
345 0.08695652173913043
346 0.08959537572254335
347 0.0893371757925072
348 0.08908045977011494
349 0.08882521489971347
350 0.08857142857142856
351 0.09116809116809117
352 0.09375
353 0.09348441926345609
354 0.09322033898305085
355 0.09295774647887324
356 0.09269662921348315
357 0.09523809523809523
358 0.09497206703910614
359 0.0947075208913649
360 0.09444444444444444
361 0.09695290858725762
362 0.09668508287292818
363 0.09641873278236915
364 0.09615384615384616
365 0.0958904109589041
366 0.09562841530054644
367 0.09536784741144415
368 0.09782608695652174
369 0.0975609756097561
370 0.0972972972972973
371 0.09703504043126684
372 0.0967741935483871
373 0.09651474530831099
374 0.0962566844919786
375 0.09866666666666667
376 0.09840425531914894
377 0.09814323607427056
378 0.10052910052910052
379 0.10026385224274406
380 0.1
381 0.09973753280839895
382 0.09947643979057591
383 0.09921671018276762
384 0.09895833333333333
385 0.0987012987012987
386 0.09844559585492228
387 0.10077519379844961
388 0.10309278350515463
389 0.10539845758354756
390 0.10512820512820513
391 0.10741687979539642
392 0.10714285714285714
393 0.10687022900763359
394 0.10913705583756345
395 0.10886075949367088
396 0.10858585858585859
397 0.10831234256926953
398 0.10804020100502512
399 0.10776942355889724
400 0.1075
