# ROCAUC: 0.3246035
# False Positive Rate True Positive Rate
0.0 0.0
3.0000000000000003E-4 0.0
3.0000000000000003E-4 0.01
5.0E-4 0.01
5.0E-4 0.02
0.0026000000000000003 0.02
0.0026000000000000003 0.035
0.0028 0.035
0.0028 0.04
0.0037 0.04
0.0037 0.06
0.0039000000000000003 0.06
0.0039000000000000003 0.065
0.0041 0.065
0.0041 0.075
0.006200000000000001 0.075
0.006200000000000001 0.08
0.009600000000000001 0.08
0.009600000000000001 0.085
0.0198 0.085
0.0198 0.09
0.0213 0.09
0.0213 0.095
0.0223 0.095
0.0223 0.105
0.0257 0.105
0.0257 0.11
0.027 0.11
0.027 0.115
0.0287 0.115
0.0287 0.125
0.029400000000000003 0.125
0.029400000000000003 0.13
0.030600000000000002 0.13
0.030600000000000002 0.135
0.0309 0.135
0.0309 0.14
0.031 0.14
0.031 0.15
0.0315 0.15
0.0315 0.155
0.031900000000000005 0.155
0.031900000000000005 0.165
0.0323 0.165
0.0323 0.17
0.032600000000000004 0.17
0.032600000000000004 0.17500000000000002
0.0332 0.17500000000000002
0.0332 0.18
0.033800000000000004 0.18
0.033800000000000004 0.185
0.034 0.185
0.034 0.19
0.034800000000000005 0.19
0.034800000000000005 0.20500000000000002
0.0349 0.20500000000000002
0.0349 0.21
0.0351 0.21
0.0351 0.215
0.0385 0.215
0.0385 0.22
0.039900000000000005 0.22
0.039900000000000005 0.225
0.0405 0.225
0.0405 0.23
0.0408 0.23
0.0408 0.23500000000000001
0.041 0.23500000000000001
0.041 0.24
0.0417 0.24
0.0417 0.245
0.042100000000000005 0.245
0.042100000000000005 0.25
0.0444 0.25
0.0444 0.255
0.049100000000000005 0.255
0.049100000000000005 0.26
0.051000000000000004 0.26
0.051000000000000004 0.265
0.0533 0.265
0.0533 0.27
0.055600000000000004 0.27
0.055600000000000004 0.275
0.0558 0.275
0.0558 0.28
0.0637 0.28
0.0637 0.28500000000000003
0.067 0.28500000000000003
0.067 0.29
0.6365000000000001 0.29
0.6365000000000001 0.36
0.7124 0.36
0.7124 0.375
0.9439000000000001 0.375
0.9439000000000001 0.44
0.9678 0.44
1.0 1.0
1.0 1.0
