PR-AUC score 0.282241
0.000000, 0.000000
0.000000, 0.000000
0.000000, 0.000000
0.000000, 0.000000
0.000000, 0.000000
0.000000, 0.000000
0.000000, 0.000000
0.000000, 0.000000
0.000000, 0.000000
0.000000, 0.000000
0.005000, 0.100000
0.005000, 0.090909
0.005000, 0.083333
0.005000, 0.076923
0.005000, 0.071429
0.005000, 0.066667
0.005000, 0.062500
0.005000, 0.058824
0.005000, 0.055556
0.005000, 0.052632
0.005000, 0.050000
0.005000, 0.047619
0.005000, 0.045455
0.005000, 0.043478
0.005000, 0.041667
0.005000, 0.040000
0.005000, 0.038462
0.005000, 0.037037
0.005000, 0.035714
0.005000, 0.034483
0.005000, 0.033333
0.005000, 0.032258
0.005000, 0.031250
0.005000, 0.030303
0.010000, 0.058824
0.010000, 0.057143
0.010000, 0.055556
0.010000, 0.054054
0.010000, 0.052632
0.010000, 0.051282
0.010000, 0.050000
0.010000, 0.048780
0.010000, 0.047619
0.010000, 0.046512
0.010000, 0.045455
0.010000, 0.044444
0.010000, 0.043478
0.010000, 0.042553
0.010000, 0.041667
0.010000, 0.040816
0.010000, 0.040000
0.010000, 0.039216
0.010000, 0.038462
0.010000, 0.037736
0.010000, 0.037037
0.010000, 0.036364
0.010000, 0.035714
0.010000, 0.035088
0.010000, 0.034483
0.010000, 0.033898
0.010000, 0.033333
0.010000, 0.032787
0.010000, 0.032258
0.010000, 0.031746
0.010000, 0.031250
0.010000, 0.030769
0.010000, 0.030303
0.010000, 0.029851
0.010000, 0.029412
0.010000, 0.028986
0.010000, 0.028571
0.010000, 0.028169
0.010000, 0.027778
0.010000, 0.027397
0.015000, 0.040541
0.020000, 0.053333
0.025000, 0.065789
0.030000, 0.077922
0.035000, 0.089744
0.040000, 0.101266
0.045000, 0.112500
0.050000, 0.123457
0.055000, 0.134146
0.060000, 0.144578
0.065000, 0.154762
0.070000, 0.164706
0.075000, 0.174419
0.080000, 0.183908
0.085000, 0.193182
0.090000, 0.202247
0.095000, 0.211111
0.100000, 0.219780
0.105000, 0.228261
0.110000, 0.236559
0.115000, 0.244681
0.120000, 0.252632
0.125000, 0.260417
0.130000, 0.268041
0.135000, 0.275510
0.140000, 0.282828
0.145000, 0.290000
0.150000, 0.297030
0.155000, 0.303922
0.160000, 0.310680
0.165000, 0.317308
0.170000, 0.323810
0.175000, 0.330189
0.180000, 0.336449
0.185000, 0.342593
0.190000, 0.348624
0.195000, 0.354545
0.200000, 0.360360
0.205000, 0.366071
0.210000, 0.371681
0.215000, 0.377193
0.220000, 0.382609
0.220000, 0.379310
0.220000, 0.376068
0.220000, 0.372881
0.220000, 0.369748
0.220000, 0.366667
0.220000, 0.363636
0.220000, 0.360656
0.220000, 0.357724
0.220000, 0.354839
0.220000, 0.352000
0.220000, 0.349206
0.220000, 0.346457
0.220000, 0.343750
0.220000, 0.341085
0.220000, 0.338462
0.220000, 0.335878
0.220000, 0.333333
0.220000, 0.330827
0.220000, 0.328358
0.220000, 0.325926
0.220000, 0.323529
0.220000, 0.321168
0.220000, 0.318841
0.220000, 0.316547
0.220000, 0.314286
0.220000, 0.312057
0.220000, 0.309859
0.220000, 0.307692
0.220000, 0.305556
0.220000, 0.303448
0.220000, 0.301370
0.225000, 0.306122
0.225000, 0.304054
0.225000, 0.302013
0.225000, 0.300000
0.225000, 0.298013
0.225000, 0.296053
0.225000, 0.294118
0.225000, 0.292208
0.225000, 0.290323
0.225000, 0.288462
0.225000, 0.286624
0.225000, 0.284810
0.225000, 0.283019
0.225000, 0.281250
0.225000, 0.279503
0.225000, 0.277778
0.225000, 0.276074
0.225000, 0.274390
0.225000, 0.272727
0.225000, 0.271084
0.225000, 0.269461
0.225000, 0.267857
0.225000, 0.266272
0.225000, 0.264706
0.225000, 0.263158
0.225000, 0.261628
0.225000, 0.260116
0.225000, 0.258621
0.225000, 0.257143
0.225000, 0.255682
0.225000, 0.254237
0.225000, 0.252809
0.225000, 0.251397
0.225000, 0.250000
0.225000, 0.247253
0.225000, 0.245902
0.225000, 0.244565
0.225000, 0.243243
0.225000, 0.241935
0.225000, 0.239362
0.225000, 0.238095
0.225000, 0.236842
0.225000, 0.235602
0.225000, 0.234375
0.225000, 0.233161
0.225000, 0.230769
0.225000, 0.229592
0.225000, 0.228426
0.225000, 0.227273
0.225000, 0.226131
0.225000, 0.225000
0.225000, 0.223881
0.225000, 0.222772
0.225000, 0.221675
0.225000, 0.220588
0.225000, 0.219512
0.225000, 0.218447
0.225000, 0.217391
0.225000, 0.216346
0.225000, 0.215311
0.225000, 0.214286
0.225000, 0.213270
0.225000, 0.212264
0.225000, 0.211268
0.225000, 0.210280
0.225000, 0.208333
0.225000, 0.207373
0.225000, 0.206422
0.225000, 0.205479
0.225000, 0.204545
0.225000, 0.203620
0.225000, 0.202703
0.225000, 0.201794
0.225000, 0.200893
0.225000, 0.200000
0.225000, 0.199115
0.225000, 0.198238
0.225000, 0.197368
0.225000, 0.196507
0.225000, 0.195652
0.225000, 0.194805
0.225000, 0.193966
0.225000, 0.193133
0.225000, 0.192308
0.225000, 0.191489
0.225000, 0.190678
0.225000, 0.189873
0.225000, 0.189076
0.225000, 0.188285
0.225000, 0.187500
0.225000, 0.186722
0.225000, 0.185950
0.225000, 0.185185
0.225000, 0.184426
0.225000, 0.183673
0.225000, 0.182927
0.225000, 0.182186
0.225000, 0.181452
0.225000, 0.180723
0.225000, 0.180000
0.225000, 0.179283
0.225000, 0.178571
0.225000, 0.177866
0.225000, 0.176471
0.225000, 0.175781
0.225000, 0.175097
0.225000, 0.174419
0.225000, 0.173745
0.225000, 0.173077
0.225000, 0.171756
0.225000, 0.171103
0.225000, 0.170455
0.225000, 0.169811
0.225000, 0.169173
0.225000, 0.168539
0.225000, 0.167910
0.225000, 0.167286
0.225000, 0.166667
0.225000, 0.166052
0.225000, 0.164835
0.225000, 0.164234
0.225000, 0.163636
0.225000, 0.163043
0.225000, 0.162455
0.225000, 0.161871
0.225000, 0.161290
0.225000, 0.160714
0.225000, 0.160142
0.225000, 0.159574
0.225000, 0.159011
0.225000, 0.158451
0.225000, 0.157895
0.225000, 0.157343
0.225000, 0.156794
0.225000, 0.156250
0.225000, 0.155709
0.225000, 0.155172
0.225000, 0.154639
0.225000, 0.154110
0.225000, 0.153584
0.225000, 0.153061
0.225000, 0.152542
0.225000, 0.152027
0.225000, 0.151515
0.225000, 0.151007
0.225000, 0.150502
0.225000, 0.150000
0.225000, 0.149502
0.225000, 0.149007
0.225000, 0.148515
0.225000, 0.148026
0.225000, 0.147541
0.225000, 0.147059
0.225000, 0.146580
0.225000, 0.146104
0.330000, 0.200608
0.820000, 0.384075
0.875000, 0.399543
0.895000, 0.404977
0.895000, 0.404063
0.900000, 0.405405
0.900000, 0.404494
0.900000, 0.403587
0.900000, 0.402685
0.900000, 0.401786
0.900000, 0.400891
0.900000, 0.400000
0.900000, 0.399113
0.905000, 0.400442
0.905000, 0.399558
0.905000, 0.398678
0.910000, 0.400000
0.910000, 0.399123
0.910000, 0.398249
0.915000, 0.399563
0.915000, 0.398693
0.915000, 0.397826
0.920000, 0.399132
0.930000, 0.401728
0.930000, 0.400862
0.930000, 0.400000
0.930000, 0.399142
0.935000, 0.400428
0.940000, 0.401709
0.940000, 0.400853
0.940000, 0.400000
0.945000, 0.401274
0.955000, 0.403805
0.960000, 0.405063
0.960000, 0.404211
0.960000, 0.403361
0.965000, 0.404612
0.965000, 0.403766
0.965000, 0.402923
0.965000, 0.402083
0.965000, 0.401247
0.965000, 0.400415
0.965000, 0.399586
0.970000, 0.400826
0.970000, 0.400000
0.970000, 0.399177
0.970000, 0.398357
0.970000, 0.397541
0.970000, 0.396728
0.970000, 0.395918
0.970000, 0.395112
0.970000, 0.394309
0.970000, 0.393509
0.970000, 0.392713
0.970000, 0.391919
0.970000, 0.390342
0.970000, 0.389558
0.970000, 0.388778
0.970000, 0.388000
0.970000, 0.387226
0.970000, 0.386454
0.970000, 0.385686
0.970000, 0.384921
0.970000, 0.383399
0.970000, 0.382643
0.970000, 0.381890
0.970000, 0.381139
0.970000, 0.380392
0.970000, 0.379648
0.970000, 0.378906
0.970000, 0.378168
0.970000, 0.377432
0.970000, 0.376699
0.970000, 0.375969
0.970000, 0.375242
0.970000, 0.374517
0.970000, 0.373796
0.970000, 0.373077
0.970000, 0.372361
0.970000, 0.370937
0.970000, 0.370229
0.970000, 0.369524
0.970000, 0.368821
0.970000, 0.368121
0.970000, 0.367424
0.970000, 0.366730
0.970000, 0.366038
0.970000, 0.365348
0.970000, 0.364662
0.970000, 0.363977
0.970000, 0.363296
0.970000, 0.362617
0.975000, 0.363806
0.980000, 0.364991
0.980000, 0.364312
0.980000, 0.363636
0.980000, 0.362963
0.980000, 0.362292
0.980000, 0.361624
0.980000, 0.360958
0.980000, 0.360294
0.985000, 0.361468
0.985000, 0.360806
0.990000, 0.361974
0.990000, 0.361314
0.990000, 0.360656
0.990000, 0.360000
0.990000, 0.359347
0.990000, 0.358696
0.995000, 0.359855
0.995000, 0.359206
0.995000, 0.358559
0.995000, 0.357914
0.995000, 0.357271
0.995000, 0.356631
0.995000, 0.355993
0.995000, 0.355357
0.995000, 0.354724
0.995000, 0.354093
0.995000, 0.352837
0.995000, 0.352212
0.995000, 0.351590
0.995000, 0.350970
0.995000, 0.350352
0.995000, 0.349736
0.995000, 0.349123
0.995000, 0.348511
0.995000, 0.347902
0.995000, 0.347295
0.995000, 0.346690
0.995000, 0.346087
0.995000, 0.345486
0.995000, 0.344887
0.995000, 0.344291
0.995000, 0.343696
0.995000, 0.343103
0.995000, 0.342513
0.995000, 0.341924
0.995000, 0.341338
0.995000, 0.340753
0.995000, 0.340171
0.995000, 0.339590
0.995000, 0.339012
0.995000, 0.338435
0.995000, 0.337861
0.995000, 0.337288
0.995000, 0.336717
0.995000, 0.336149
0.995000, 0.335582
0.995000, 0.335017
0.995000, 0.334454
0.995000, 0.333893
0.995000, 0.333333
0.995000, 0.332220
0.995000, 0.331667
0.995000, 0.331115
0.995000, 0.330565
0.995000, 0.330017
0.995000, 0.329470
0.995000, 0.328926
0.995000, 0.328383
0.995000, 0.327842
0.995000, 0.327303
0.995000, 0.326765
0.995000, 0.326230
0.995000, 0.325696
0.995000, 0.325163
0.995000, 0.324633
0.995000, 0.324104
0.995000, 0.323577
0.995000, 0.323052
0.995000, 0.322528
0.995000, 0.322006
0.995000, 0.321486
0.995000, 0.320968
0.995000, 0.320451
0.995000, 0.319936
0.995000, 0.319422
0.995000, 0.318910
0.995000, 0.318400
0.995000, 0.317891
0.995000, 0.317384
0.995000, 0.316879
0.995000, 0.316375
0.995000, 0.315873
0.995000, 0.315372
0.995000, 0.314873
0.995000, 0.314376
0.995000, 0.313880
0.995000, 0.313386
0.995000, 0.312893
0.995000, 0.312402
0.995000, 0.311912
0.995000, 0.311424
0.995000, 0.310937
0.995000, 0.310452
0.995000, 0.309969
0.995000, 0.309487
0.995000, 0.309006
0.995000, 0.308050
0.995000, 0.307573
0.995000, 0.307099
0.995000, 0.306626
0.995000, 0.306154
0.995000, 0.305684
0.995000, 0.305215
0.995000, 0.304747
0.995000, 0.303817
0.995000, 0.303354
0.995000, 0.302892
0.995000, 0.302432
0.995000, 0.301973
0.995000, 0.301515
0.995000, 0.301059
0.995000, 0.300604
0.995000, 0.300151
0.995000, 0.299699
0.995000, 0.299248
0.995000, 0.298799
0.995000, 0.298351
0.995000, 0.297904
0.995000, 0.297459
0.995000, 0.297015
0.995000, 0.296131
0.995000, 0.295691
0.995000, 0.295252
0.995000, 0.294815
0.995000, 0.294379
0.995000, 0.293944
0.995000, 0.293510
0.995000, 0.293078
0.995000, 0.292647
0.995000, 0.292217
0.995000, 0.291789
0.995000, 0.291362
0.995000, 0.290936
0.995000, 0.290511
0.995000, 0.290087
0.995000, 0.289665
0.995000, 0.289244
0.995000, 0.288824
0.995000, 0.288406
0.995000, 0.287988
0.995000, 0.287572
0.995000, 0.287157
0.995000, 0.286744
0.995000, 0.286331
0.995000, 0.285100
0.995000, 0.284692
0.995000, 0.284286
0.995000, 0.283880
0.995000, 0.283476
0.995000, 0.283073
0.995000, 0.282270
1.000000, 0.283286
