ROC-AUC score 0.976398
0.000000, 0.000000
0.000200, 0.000000
0.000200, 0.010000
0.000200, 0.020000
0.000200, 0.030000
0.000400, 0.030000
0.000600, 0.030000
0.000800, 0.030000
0.001000, 0.030000
0.001200, 0.030000
0.001400, 0.030000
0.001600, 0.030000
0.001800, 0.030000
0.002000, 0.030000
0.002200, 0.030000
0.002400, 0.030000
0.002600, 0.030000
0.002800, 0.030000
0.003000, 0.030000
0.003200, 0.030000
0.003400, 0.030000
0.003400, 0.040000
0.003600, 0.040000
0.003800, 0.040000
0.004000, 0.040000
0.004200, 0.040000
0.004400, 0.040000
0.004600, 0.040000
0.004800, 0.040000
0.005000, 0.040000
0.005400, 0.040000
0.005600, 0.040000
0.005800, 0.040000
0.005800, 0.050000
0.005800, 0.060000
0.005800, 0.070000
0.005800, 0.080000
0.005800, 0.090000
0.005800, 0.100000
0.005800, 0.110000
0.005800, 0.120000
0.005800, 0.130000
0.005800, 0.140000
0.005800, 0.150000
0.005800, 0.160000
0.005800, 0.170000
0.005800, 0.180000
0.005800, 0.190000
0.005800, 0.200000
0.005800, 0.210000
0.005800, 0.220000
0.005800, 0.230000
0.005800, 0.240000
0.005800, 0.250000
0.006000, 0.250000
0.006200, 0.250000
0.006400, 0.250000
0.006600, 0.250000
0.006800, 0.250000
0.007000, 0.250000
0.007200, 0.250000
0.007400, 0.250000
0.007600, 0.250000
0.007800, 0.250000
0.008000, 0.250000
0.008200, 0.250000
0.008400, 0.250000
0.008600, 0.250000
0.008800, 0.250000
0.009000, 0.250000
0.009200, 0.250000
0.009400, 0.250000
0.009600, 0.250000
0.009800, 0.250000
0.010000, 0.250000
0.010200, 0.250000
0.010400, 0.250000
0.010600, 0.250000
0.010800, 0.250000
0.011000, 0.250000
0.011200, 0.250000
0.011400, 0.250000
0.011600, 0.250000
0.011800, 0.250000
0.012000, 0.250000
0.012200, 0.250000
0.012400, 0.250000
0.012600, 0.250000
0.012800, 0.250000
0.013000, 0.250000
0.013200, 0.250000
0.013400, 0.250000
0.013600, 0.250000
0.013800, 0.250000
0.014000, 0.250000
0.014200, 0.250000
0.014400, 0.250000
0.014600, 0.250000
0.014800, 0.250000
0.015000, 0.250000
0.015200, 0.250000
0.015400, 0.250000
0.015600, 0.250000
0.015800, 0.250000
0.016000, 0.250000
0.016200, 0.250000
0.016400, 0.250000
0.016600, 0.250000
0.016800, 0.250000
0.017000, 0.250000
0.017200, 0.250000
0.017400, 0.250000
0.017600, 0.250000
0.017800, 0.250000
0.018000, 0.250000
0.018000, 0.260000
0.018200, 0.260000
0.018400, 0.260000
0.018600, 0.260000
0.018800, 0.260000
0.019000, 0.260000
0.019200, 0.260000
0.019400, 0.260000
0.019600, 0.260000
0.019800, 0.260000
0.020000, 0.260000
0.020200, 0.260000
0.020600, 0.260000
0.020800, 0.260000
0.021000, 0.260000
0.021200, 0.260000
0.021400, 0.260000
0.021600, 0.260000
0.021800, 0.260000
0.022000, 0.260000
0.022200, 0.260000
0.022400, 0.260000
0.022600, 0.260000
0.022800, 0.260000
0.023000, 0.260000
0.023200, 0.260000
0.023400, 0.260000
0.023600, 0.260000
0.023800, 0.260000
0.024000, 0.260000
0.024200, 0.260000
0.024400, 0.260000
0.024600, 0.260000
0.024800, 0.260000
0.025000, 0.260000
0.025200, 0.260000
0.025400, 0.260000
0.025600, 0.260000
0.025800, 0.260000
0.026000, 0.260000
0.026200, 0.260000
0.026400, 0.260000
0.026600, 0.260000
0.026800, 0.260000
0.027000, 0.260000
0.027200, 0.260000
0.027400, 0.260000
0.027600, 0.260000
0.027800, 0.260000
0.028000, 0.260000
0.028200, 0.260000
0.028400, 0.260000
0.028600, 0.260000
0.028800, 0.260000
0.029000, 0.260000
0.029000, 0.320000
0.029000, 0.780000
0.029000, 0.880000
0.029000, 0.890000
0.029200, 0.890000
0.029400, 0.890000
0.029600, 0.890000
0.029800, 0.890000
0.030000, 0.890000
0.030200, 0.890000
0.030400, 0.890000
0.030400, 0.900000
0.030600, 0.900000
0.030800, 0.900000
0.031000, 0.900000
0.031200, 0.900000
0.031400, 0.900000
0.031600, 0.900000
0.031800, 0.900000
0.032000, 0.900000
0.032200, 0.900000
0.032400, 0.900000
0.032600, 0.900000
0.032800, 0.900000
0.033000, 0.900000
0.033000, 0.910000
0.033200, 0.910000
0.033400, 0.910000
0.033400, 0.920000
0.033600, 0.920000
0.033600, 0.930000
0.033800, 0.930000
0.034000, 0.930000
0.034200, 0.930000
0.034400, 0.930000
0.034600, 0.930000
0.034800, 0.930000
0.034800, 0.940000
0.034800, 0.950000
0.035000, 0.950000
0.035200, 0.950000
0.035400, 0.950000
0.035600, 0.950000
0.035800, 0.950000
0.036000, 0.950000
0.036200, 0.950000
0.036200, 0.960000
0.036400, 0.960000
0.036400, 0.970000
0.036600, 0.970000
0.036800, 0.970000
0.036800, 0.980000
0.037000, 0.980000
0.037200, 0.980000
0.037400, 0.980000
0.037600, 0.980000
0.037800, 0.980000
0.038000, 0.980000
0.038200, 0.980000
0.038400, 0.980000
0.038600, 0.980000
0.038800, 0.980000
0.039000, 0.980000
0.039200, 0.980000
0.039400, 0.980000
0.039600, 0.980000
0.039800, 0.980000
0.039800, 0.990000
0.040000, 0.990000
0.040200, 0.990000
0.040200, 1.000000
0.040400, 1.000000
0.040600, 1.000000
0.040800, 1.000000
0.041000, 1.000000
0.041200, 1.000000
0.041400, 1.000000
0.041600, 1.000000
0.041800, 1.000000
0.042000, 1.000000
0.042200, 1.000000
0.042400, 1.000000
0.042600, 1.000000
0.042800, 1.000000
0.043000, 1.000000
0.043200, 1.000000
0.043400, 1.000000
0.043600, 1.000000
0.043800, 1.000000
0.044000, 1.000000
0.044200, 1.000000
0.044400, 1.000000
0.044600, 1.000000
0.044800, 1.000000
0.045000, 1.000000
0.045200, 1.000000
0.045400, 1.000000
0.045600, 1.000000
0.045800, 1.000000
0.046000, 1.000000
0.046200, 1.000000
0.046400, 1.000000
0.046600, 1.000000
0.046800, 1.000000
0.047000, 1.000000
0.047200, 1.000000
0.047400, 1.000000
0.047600, 1.000000
0.047800, 1.000000
0.048000, 1.000000
0.048200, 1.000000
0.048400, 1.000000
0.048600, 1.000000
0.048800, 1.000000
0.049000, 1.000000
0.049200, 1.000000
0.049400, 1.000000
0.049600, 1.000000
0.049800, 1.000000
0.050000, 1.000000
0.050200, 1.000000
0.050400, 1.000000
0.050600, 1.000000
0.050800, 1.000000
0.051000, 1.000000
0.051200, 1.000000
0.051400, 1.000000
0.051600, 1.000000
0.051800, 1.000000
0.052000, 1.000000
0.052200, 1.000000
0.052600, 1.000000
0.052800, 1.000000
0.053000, 1.000000
0.053200, 1.000000
0.053400, 1.000000
0.053600, 1.000000
0.053800, 1.000000
0.054000, 1.000000
0.054200, 1.000000
0.054400, 1.000000
0.054600, 1.000000
0.054800, 1.000000
0.055000, 1.000000
0.055200, 1.000000
0.055400, 1.000000
0.055600, 1.000000
0.055800, 1.000000
0.056000, 1.000000
0.056200, 1.000000
0.056400, 1.000000
0.056600, 1.000000
0.056800, 1.000000
0.057000, 1.000000
0.057200, 1.000000
0.057400, 1.000000
0.057600, 1.000000
0.057800, 1.000000
0.058000, 1.000000
0.058200, 1.000000
0.058600, 1.000000
0.058800, 1.000000
0.059000, 1.000000
0.059200, 1.000000
0.059400, 1.000000
0.059600, 1.000000
0.059800, 1.000000
0.060000, 1.000000
0.060200, 1.000000
0.060400, 1.000000
0.060600, 1.000000
0.060800, 1.000000
0.061000, 1.000000
0.061200, 1.000000
0.061400, 1.000000
0.061600, 1.000000
0.061800, 1.000000
0.062000, 1.000000
0.062200, 1.000000
0.062400, 1.000000
0.062600, 1.000000
0.062800, 1.000000
0.063000, 1.000000
0.063200, 1.000000
0.063400, 1.000000
0.063600, 1.000000
0.063800, 1.000000
0.064000, 1.000000
0.064200, 1.000000
0.064400, 1.000000
0.064600, 1.000000
0.064800, 1.000000
0.065000, 1.000000
0.065200, 1.000000
0.065400, 1.000000
0.065600, 1.000000
0.065800, 1.000000
0.066000, 1.000000
0.066200, 1.000000
0.066400, 1.000000
0.066600, 1.000000
0.066800, 1.000000
0.067000, 1.000000
0.067200, 1.000000
0.067400, 1.000000
0.067600, 1.000000
0.067800, 1.000000
0.068000, 1.000000
0.068200, 1.000000
0.068800, 1.000000
0.069000, 1.000000
0.069200, 1.000000
0.069400, 1.000000
0.069600, 1.000000
0.069800, 1.000000
0.070200, 1.000000
0.070400, 1.000000
0.070600, 1.000000
0.070800, 1.000000
0.071000, 1.000000
0.071200, 1.000000
0.071400, 1.000000
0.071600, 1.000000
0.071800, 1.000000
0.072000, 1.000000
0.072200, 1.000000
0.072400, 1.000000
0.072600, 1.000000
0.072800, 1.000000
0.073000, 1.000000
0.073200, 1.000000
0.073400, 1.000000
0.073600, 1.000000
0.073800, 1.000000
0.074000, 1.000000
0.074200, 1.000000
0.074400, 1.000000
0.074600, 1.000000
0.074800, 1.000000
0.075000, 1.000000
0.075200, 1.000000
0.075400, 1.000000
0.075600, 1.000000
0.075800, 1.000000
0.076000, 1.000000
0.076200, 1.000000
0.076400, 1.000000
0.076600, 1.000000
0.076800, 1.000000
0.077000, 1.000000
0.077200, 1.000000
0.077400, 1.000000
0.077600, 1.000000
0.077800, 1.000000
0.078000, 1.000000
0.078200, 1.000000
0.078400, 1.000000
0.078600, 1.000000
0.078800, 1.000000
0.079000, 1.000000
0.079200, 1.000000
0.079400, 1.000000
0.079600, 1.000000
0.079800, 1.000000
0.080000, 1.000000
0.080400, 1.000000
0.080800, 1.000000
0.081000, 1.000000
0.081200, 1.000000
0.081400, 1.000000
0.081600, 1.000000
0.081800, 1.000000
0.082000, 1.000000
0.082200, 1.000000
0.082400, 1.000000
0.082600, 1.000000
0.082800, 1.000000
0.083000, 1.000000
0.083200, 1.000000
0.083400, 1.000000
0.083600, 1.000000
0.083800, 1.000000
0.084000, 1.000000
0.084200, 1.000000
0.084400, 1.000000
0.084600, 1.000000
0.084800, 1.000000
0.085000, 1.000000
0.085200, 1.000000
0.085400, 1.000000
0.085600, 1.000000
0.085800, 1.000000
0.086000, 1.000000
0.086200, 1.000000
0.086400, 1.000000
0.086600, 1.000000
0.086800, 1.000000
0.087000, 1.000000
0.087200, 1.000000
0.087400, 1.000000
0.088000, 1.000000
0.088200, 1.000000
0.088400, 1.000000
0.088600, 1.000000
0.088800, 1.000000
0.089000, 1.000000
0.089200, 1.000000
0.089400, 1.000000
0.089600, 1.000000
0.089800, 1.000000
0.090000, 1.000000
0.090200, 1.000000
0.090400, 1.000000
0.090600, 1.000000
0.090800, 1.000000
0.091000, 1.000000
0.091200, 1.000000
0.091400, 1.000000
0.091600, 1.000000
0.091800, 1.000000
0.092000, 1.000000
0.092200, 1.000000
0.092400, 1.000000
0.092600, 1.000000
0.093000, 1.000000
0.093200, 1.000000
0.093400, 1.000000
0.093600, 1.000000
0.093800, 1.000000
0.094000, 1.000000
0.094200, 1.000000
0.094400, 1.000000
0.094600, 1.000000
0.094800, 1.000000
0.095000, 1.000000
0.095200, 1.000000
0.095400, 1.000000
0.095600, 1.000000
0.095800, 1.000000
0.096000, 1.000000
0.096200, 1.000000
0.096400, 1.000000
0.096600, 1.000000
0.096800, 1.000000
0.097000, 1.000000
0.097200, 1.000000
0.097400, 1.000000
0.097600, 1.000000
0.097800, 1.000000
0.098000, 1.000000
0.098200, 1.000000
0.098400, 1.000000
0.098600, 1.000000
0.098800, 1.000000
0.099000, 1.000000
0.099200, 1.000000
0.099400, 1.000000
0.099600, 1.000000
0.099800, 1.000000
0.100000, 1.000000
0.100200, 1.000000
0.100400, 1.000000
0.100600, 1.000000
0.100800, 1.000000
0.101000, 1.000000
0.101200, 1.000000
0.101400, 1.000000
0.101600, 1.000000
0.101800, 1.000000
0.102000, 1.000000
0.102200, 1.000000
0.102400, 1.000000
0.102600, 1.000000
0.102800, 1.000000
0.103000, 1.000000
0.103200, 1.000000
0.103400, 1.000000
0.103600, 1.000000
0.103800, 1.000000
0.104000, 1.000000
0.104200, 1.000000
0.104400, 1.000000
0.104600, 1.000000
0.104800, 1.000000
0.105000, 1.000000
0.105200, 1.000000
0.105400, 1.000000
0.105600, 1.000000
0.105800, 1.000000
0.106000, 1.000000
0.106200, 1.000000
0.106400, 1.000000
0.106600, 1.000000
0.106800, 1.000000
0.107000, 1.000000
0.107200, 1.000000
0.107400, 1.000000
0.107600, 1.000000
0.107800, 1.000000
0.108000, 1.000000
0.108200, 1.000000
0.108400, 1.000000
0.108600, 1.000000
0.108800, 1.000000
0.109000, 1.000000
0.109200, 1.000000
0.109400, 1.000000
0.109600, 1.000000
0.109800, 1.000000
0.110000, 1.000000
0.110200, 1.000000
0.110400, 1.000000
0.110600, 1.000000
0.110800, 1.000000
0.111000, 1.000000
0.111200, 1.000000
0.111400, 1.000000
0.111600, 1.000000
0.111800, 1.000000
0.112000, 1.000000
0.112200, 1.000000
0.112400, 1.000000
0.112600, 1.000000
0.112800, 1.000000
0.113000, 1.000000
0.113200, 1.000000
0.113400, 1.000000
0.113600, 1.000000
0.113800, 1.000000
0.114000, 1.000000
0.114200, 1.000000
0.114400, 1.000000
0.114600, 1.000000
0.114800, 1.000000
0.115000, 1.000000
0.115200, 1.000000
0.115400, 1.000000
0.115600, 1.000000
0.115800, 1.000000
0.116000, 1.000000
0.116200, 1.000000
0.116400, 1.000000
0.116600, 1.000000
0.116800, 1.000000
0.117000, 1.000000
0.117200, 1.000000
0.117400, 1.000000
0.117600, 1.000000
0.117800, 1.000000
0.118000, 1.000000
0.118200, 1.000000
0.118400, 1.000000
0.118600, 1.000000
0.118800, 1.000000
0.119000, 1.000000
0.119200, 1.000000
0.119400, 1.000000
0.119600, 1.000000
0.119800, 1.000000
0.120000, 1.000000
0.120200, 1.000000
0.120400, 1.000000
0.120600, 1.000000
0.120800, 1.000000
0.121000, 1.000000
0.121200, 1.000000
0.121400, 1.000000
0.121600, 1.000000
0.121800, 1.000000
0.122000, 1.000000
0.122200, 1.000000
0.122400, 1.000000
0.122600, 1.000000
0.122800, 1.000000
0.123000, 1.000000
0.123200, 1.000000
0.123400, 1.000000
0.123600, 1.000000
0.123800, 1.000000
0.124000, 1.000000
0.124200, 1.000000
0.124400, 1.000000
0.124600, 1.000000
0.124800, 1.000000
0.125000, 1.000000
0.125200, 1.000000
0.125400, 1.000000
0.125600, 1.000000
0.125800, 1.000000
0.126000, 1.000000
0.126200, 1.000000
0.126400, 1.000000
0.126600, 1.000000
0.126800, 1.000000
0.127200, 1.000000
0.127400, 1.000000
0.127600, 1.000000
0.127800, 1.000000
0.128000, 1.000000
0.128200, 1.000000
0.128400, 1.000000
0.128600, 1.000000
0.128800, 1.000000
0.129000, 1.000000
0.129200, 1.000000
0.129400, 1.000000
0.129600, 1.000000
0.129800, 1.000000
0.130000, 1.000000
0.130200, 1.000000
0.130400, 1.000000
0.130600, 1.000000
0.130800, 1.000000
0.131000, 1.000000
0.131200, 1.000000
0.131400, 1.000000
0.131600, 1.000000
0.131800, 1.000000
0.132000, 1.000000
0.132200, 1.000000
0.132400, 1.000000
0.132600, 1.000000
0.132800, 1.000000
0.133200, 1.000000
0.133400, 1.000000
0.133600, 1.000000
0.133800, 1.000000
0.134000, 1.000000
0.134200, 1.000000
0.134400, 1.000000
0.135000, 1.000000
0.135200, 1.000000
0.135400, 1.000000
0.135600, 1.000000
0.136000, 1.000000
0.136200, 1.000000
0.136400, 1.000000
0.136600, 1.000000
0.136800, 1.000000
0.137000, 1.000000
0.137200, 1.000000
0.137400, 1.000000
0.137600, 1.000000
0.137800, 1.000000
0.138000, 1.000000
0.138200, 1.000000
0.138400, 1.000000
0.138600, 1.000000
0.138800, 1.000000
0.139000, 1.000000
0.139200, 1.000000
0.139400, 1.000000
0.140000, 1.000000
0.140200, 1.000000
0.141400, 1.000000
0.141600, 1.000000
0.141800, 1.000000
0.142000, 1.000000
0.142200, 1.000000
0.142400, 1.000000
0.142600, 1.000000
0.142800, 1.000000
0.143000, 1.000000
0.143200, 1.000000
0.143400, 1.000000
0.143600, 1.000000
0.143800, 1.000000
0.144000, 1.000000
0.144200, 1.000000
0.144400, 1.000000
0.144600, 1.000000
0.144800, 1.000000
0.145000, 1.000000
0.145200, 1.000000
0.145400, 1.000000
0.145600, 1.000000
0.145800, 1.000000
0.146000, 1.000000
0.146200, 1.000000
0.146400, 1.000000
0.146600, 1.000000
0.146800, 1.000000
0.147000, 1.000000
0.147200, 1.000000
0.147600, 1.000000
0.147800, 1.000000
0.148000, 1.000000
0.148200, 1.000000
0.148400, 1.000000
0.148600, 1.000000
0.148800, 1.000000
0.149000, 1.000000
0.149400, 1.000000
0.149800, 1.000000
0.150000, 1.000000
0.150200, 1.000000
0.150400, 1.000000
0.150600, 1.000000
0.150800, 1.000000
0.151000, 1.000000
0.151200, 1.000000
0.151400, 1.000000
0.151600, 1.000000
0.151800, 1.000000
0.152000, 1.000000
0.152200, 1.000000
0.152400, 1.000000
0.152600, 1.000000
0.152800, 1.000000
0.153000, 1.000000
0.153200, 1.000000
0.153400, 1.000000
0.153600, 1.000000
0.153800, 1.000000
0.154000, 1.000000
0.154200, 1.000000
0.154400, 1.000000
0.154600, 1.000000
0.154800, 1.000000
0.155000, 1.000000
0.155200, 1.000000
0.155400, 1.000000
0.155600, 1.000000
0.155800, 1.000000
0.156000, 1.000000
0.156200, 1.000000
0.156400, 1.000000
0.156600, 1.000000
0.156800, 1.000000
0.157000, 1.000000
0.157200, 1.000000
0.157400, 1.000000
0.157600, 1.000000
0.157800, 1.000000
0.158000, 1.000000
0.158200, 1.000000
0.158400, 1.000000
0.158600, 1.000000
0.158800, 1.000000
0.159000, 1.000000
0.159200, 1.000000
0.159400, 1.000000
0.159600, 1.000000
0.159800, 1.000000
0.160000, 1.000000
0.160200, 1.000000
0.160400, 1.000000
0.160600, 1.000000
0.160800, 1.000000
0.161000, 1.000000
0.161200, 1.000000
0.161400, 1.000000
0.161600, 1.000000
0.161800, 1.000000
0.162000, 1.000000
0.162200, 1.000000
0.162400, 1.000000
0.162600, 1.000000
0.162800, 1.000000
0.163000, 1.000000
0.163200, 1.000000
0.163400, 1.000000
0.163600, 1.000000
0.163800, 1.000000
0.164000, 1.000000
0.164200, 1.000000
0.164400, 1.000000
0.164600, 1.000000
0.164800, 1.000000
0.165000, 1.000000
0.165200, 1.000000
0.165400, 1.000000
0.165600, 1.000000
0.165800, 1.000000
0.166000, 1.000000
0.166200, 1.000000
0.166400, 1.000000
0.166600, 1.000000
0.166800, 1.000000
0.167000, 1.000000
0.167200, 1.000000
0.167400, 1.000000
0.167600, 1.000000
0.167800, 1.000000
0.168000, 1.000000
0.168200, 1.000000
0.168400, 1.000000
0.168600, 1.000000
0.168800, 1.000000
0.169000, 1.000000
0.169200, 1.000000
0.169400, 1.000000
0.169600, 1.000000
0.169800, 1.000000
0.170000, 1.000000
0.170200, 1.000000
0.170400, 1.000000
0.170600, 1.000000
0.170800, 1.000000
0.171000, 1.000000
0.171200, 1.000000
0.171400, 1.000000
0.171600, 1.000000
0.171800, 1.000000
0.172000, 1.000000
0.172200, 1.000000
0.172400, 1.000000
0.172600, 1.000000
0.172800, 1.000000
0.173000, 1.000000
0.173200, 1.000000
0.173400, 1.000000
0.173600, 1.000000
0.173800, 1.000000
0.174000, 1.000000
0.174200, 1.000000
0.174400, 1.000000
0.174600, 1.000000
0.174800, 1.000000
0.175000, 1.000000
0.175200, 1.000000
0.175400, 1.000000
0.175600, 1.000000
0.175800, 1.000000
0.176000, 1.000000
0.176200, 1.000000
0.176400, 1.000000
0.176600, 1.000000
0.176800, 1.000000
0.177000, 1.000000
0.177200, 1.000000
0.177400, 1.000000
0.177600, 1.000000
0.177800, 1.000000
0.178000, 1.000000
0.178200, 1.000000
0.178400, 1.000000
0.178600, 1.000000
0.178800, 1.000000
0.179000, 1.000000
0.179200, 1.000000
0.179400, 1.000000
0.179600, 1.000000
0.179800, 1.000000
0.180000, 1.000000
0.180200, 1.000000
0.180400, 1.000000
0.180600, 1.000000
0.180800, 1.000000
0.181000, 1.000000
0.181200, 1.000000
0.181400, 1.000000
0.181600, 1.000000
0.181800, 1.000000
0.182000, 1.000000
0.182200, 1.000000
0.182400, 1.000000
0.182600, 1.000000
0.182800, 1.000000
0.183000, 1.000000
0.183200, 1.000000
0.183400, 1.000000
0.183600, 1.000000
0.183800, 1.000000
0.184000, 1.000000
0.184200, 1.000000
0.184400, 1.000000
0.184600, 1.000000
0.184800, 1.000000
0.185000, 1.000000
0.185200, 1.000000
0.185400, 1.000000
0.185600, 1.000000
0.185800, 1.000000
0.186000, 1.000000
0.186200, 1.000000
0.186400, 1.000000
0.186600, 1.000000
0.186800, 1.000000
0.187000, 1.000000
0.187200, 1.000000
0.187400, 1.000000
0.187600, 1.000000
0.187800, 1.000000
0.188000, 1.000000
0.188200, 1.000000
0.188400, 1.000000
0.188600, 1.000000
0.188800, 1.000000
0.189000, 1.000000
0.189200, 1.000000
0.189400, 1.000000
0.189600, 1.000000
0.189800, 1.000000
0.190000, 1.000000
0.190200, 1.000000
0.190400, 1.000000
0.190600, 1.000000
0.190800, 1.000000
0.191000, 1.000000
0.191200, 1.000000
0.191400, 1.000000
0.191600, 1.000000
0.191800, 1.000000
0.192000, 1.000000
0.192200, 1.000000
0.192400, 1.000000
0.192600, 1.000000
0.192800, 1.000000
0.193000, 1.000000
0.193200, 1.000000
0.193400, 1.000000
0.193600, 1.000000
0.193800, 1.000000
0.194000, 1.000000
0.194200, 1.000000
0.194400, 1.000000
0.194600, 1.000000
0.194800, 1.000000
0.195000, 1.000000
0.195200, 1.000000
0.195400, 1.000000
0.195600, 1.000000
0.195800, 1.000000
0.196000, 1.000000
0.196200, 1.000000
0.196400, 1.000000
0.196600, 1.000000
0.196800, 1.000000
0.197000, 1.000000
0.197200, 1.000000
0.197400, 1.000000
0.197600, 1.000000
0.197800, 1.000000
0.198000, 1.000000
0.198200, 1.000000
0.198400, 1.000000
0.198600, 1.000000
0.198800, 1.000000
0.199000, 1.000000
0.199200, 1.000000
0.199400, 1.000000
0.199600, 1.000000
0.199800, 1.000000
0.200000, 1.000000
0.200200, 1.000000
0.200400, 1.000000
0.200600, 1.000000
0.200800, 1.000000
0.201000, 1.000000
0.201200, 1.000000
0.201400, 1.000000
0.201600, 1.000000
0.201800, 1.000000
0.202000, 1.000000
0.202200, 1.000000
0.202400, 1.000000
0.202600, 1.000000
0.202800, 1.000000
0.203000, 1.000000
0.203200, 1.000000
0.203400, 1.000000
0.203600, 1.000000
0.203800, 1.000000
0.204000, 1.000000
0.204200, 1.000000
0.204400, 1.000000
0.204600, 1.000000
0.204800, 1.000000
0.205000, 1.000000
0.205200, 1.000000
0.205400, 1.000000
0.205600, 1.000000
0.205800, 1.000000
0.206000, 1.000000
0.206200, 1.000000
0.206400, 1.000000
0.206600, 1.000000
0.206800, 1.000000
0.207000, 1.000000
0.207200, 1.000000
0.207400, 1.000000
0.207600, 1.000000
0.207800, 1.000000
0.208000, 1.000000
0.208200, 1.000000
0.208400, 1.000000
0.208600, 1.000000
0.208800, 1.000000
0.209000, 1.000000
0.209200, 1.000000
0.209400, 1.000000
0.209600, 1.000000
0.209800, 1.000000
0.210000, 1.000000
0.210200, 1.000000
0.210400, 1.000000
0.210600, 1.000000
0.210800, 1.000000
0.211000, 1.000000
0.211200, 1.000000
0.211400, 1.000000
0.211600, 1.000000
0.211800, 1.000000
0.212000, 1.000000
0.212200, 1.000000
0.212400, 1.000000
0.212600, 1.000000
0.212800, 1.000000
0.213000, 1.000000
0.213200, 1.000000
0.213400, 1.000000
0.213600, 1.000000
0.213800, 1.000000
0.214000, 1.000000
0.214200, 1.000000
0.214400, 1.000000
0.214600, 1.000000
0.214800, 1.000000
0.215000, 1.000000
0.215200, 1.000000
0.215400, 1.000000
0.215600, 1.000000
0.215800, 1.000000
0.216000, 1.000000
0.216200, 1.000000
0.216400, 1.000000
0.216600, 1.000000
0.216800, 1.000000
0.217000, 1.000000
0.217200, 1.000000
0.217400, 1.000000
0.217600, 1.000000
0.217800, 1.000000
0.218000, 1.000000
0.218200, 1.000000
0.218400, 1.000000
0.218600, 1.000000
0.218800, 1.000000
0.219000, 1.000000
0.219200, 1.000000
0.219400, 1.000000
0.219600, 1.000000
0.219800, 1.000000
0.220000, 1.000000
0.220200, 1.000000
0.220400, 1.000000
0.220600, 1.000000
0.220800, 1.000000
0.221000, 1.000000
0.221200, 1.000000
0.221400, 1.000000
0.221600, 1.000000
0.221800, 1.000000
0.222000, 1.000000
0.222200, 1.000000
0.222400, 1.000000
0.222600, 1.000000
0.222800, 1.000000
0.223000, 1.000000
0.223200, 1.000000
0.223400, 1.000000
0.223600, 1.000000
0.223800, 1.000000
0.224000, 1.000000
0.224200, 1.000000
0.224400, 1.000000
0.224600, 1.000000
0.224800, 1.000000
0.225000, 1.000000
0.225200, 1.000000
0.225400, 1.000000
0.225600, 1.000000
0.225800, 1.000000
0.226000, 1.000000
0.226200, 1.000000
0.226400, 1.000000
0.226600, 1.000000
0.226800, 1.000000
0.227000, 1.000000
0.227200, 1.000000
0.227400, 1.000000
0.227600, 1.000000
0.227800, 1.000000
0.228000, 1.000000
0.228200, 1.000000
0.228400, 1.000000
0.228600, 1.000000
0.228800, 1.000000
0.229000, 1.000000
0.229200, 1.000000
0.229400, 1.000000
0.229600, 1.000000
0.229800, 1.000000
0.230000, 1.000000
0.230200, 1.000000
0.230400, 1.000000
0.230600, 1.000000
0.230800, 1.000000
0.231000, 1.000000
0.231200, 1.000000
0.231400, 1.000000
0.231600, 1.000000
0.231800, 1.000000
0.232000, 1.000000
0.232200, 1.000000
0.232400, 1.000000
0.232600, 1.000000
0.232800, 1.000000
0.233000, 1.000000
0.233200, 1.000000
0.233400, 1.000000
0.233600, 1.000000
0.233800, 1.000000
0.234000, 1.000000
0.234200, 1.000000
0.234400, 1.000000
0.234600, 1.000000
0.234800, 1.000000
0.235000, 1.000000
0.235200, 1.000000
0.235400, 1.000000
0.235600, 1.000000
0.235800, 1.000000
0.236000, 1.000000
0.236200, 1.000000
0.236400, 1.000000
0.236600, 1.000000
0.236800, 1.000000
0.237000, 1.000000
0.237200, 1.000000
0.237400, 1.000000
0.237600, 1.000000
0.237800, 1.000000
0.238000, 1.000000
0.238200, 1.000000
0.238400, 1.000000
0.238600, 1.000000
0.238800, 1.000000
0.239000, 1.000000
0.239200, 1.000000
0.239400, 1.000000
0.239600, 1.000000
0.239800, 1.000000
0.240000, 1.000000
0.240200, 1.000000
0.240400, 1.000000
0.240600, 1.000000
0.240800, 1.000000
0.241000, 1.000000
0.241200, 1.000000
0.241400, 1.000000
0.241600, 1.000000
0.241800, 1.000000
0.242000, 1.000000
0.242200, 1.000000
0.242400, 1.000000
0.242600, 1.000000
0.242800, 1.000000
0.243000, 1.000000
0.243200, 1.000000
0.243400, 1.000000
0.243600, 1.000000
0.243800, 1.000000
0.244000, 1.000000
0.244200, 1.000000
0.244400, 1.000000
0.244600, 1.000000
0.244800, 1.000000
0.245000, 1.000000
0.245200, 1.000000
0.245400, 1.000000
0.245600, 1.000000
0.245800, 1.000000
0.246000, 1.000000
0.246200, 1.000000
0.246400, 1.000000
0.246600, 1.000000
0.246800, 1.000000
0.247000, 1.000000
0.247200, 1.000000
0.247400, 1.000000
0.247600, 1.000000
0.247800, 1.000000
0.248000, 1.000000
0.248200, 1.000000
0.248400, 1.000000
0.248600, 1.000000
0.248800, 1.000000
0.249000, 1.000000
0.249200, 1.000000
0.249400, 1.000000
0.249600, 1.000000
0.250000, 1.000000
0.250200, 1.000000
0.250400, 1.000000
0.250600, 1.000000
0.250800, 1.000000
0.251000, 1.000000
0.251200, 1.000000
0.251400, 1.000000
0.251600, 1.000000
0.251800, 1.000000
0.252000, 1.000000
0.252200, 1.000000
0.252400, 1.000000
0.252600, 1.000000
0.252800, 1.000000
0.253000, 1.000000
0.253200, 1.000000
0.253400, 1.000000
0.253600, 1.000000
0.253800, 1.000000
0.254000, 1.000000
0.254200, 1.000000
0.254400, 1.000000
0.254600, 1.000000
0.254800, 1.000000
0.255000, 1.000000
0.255200, 1.000000
0.255400, 1.000000
0.255600, 1.000000
0.255800, 1.000000
0.256000, 1.000000
0.256200, 1.000000
0.256400, 1.000000
0.256600, 1.000000
0.256800, 1.000000
0.257000, 1.000000
0.257200, 1.000000
0.257400, 1.000000
0.257600, 1.000000
0.257800, 1.000000
0.258000, 1.000000
0.258200, 1.000000
0.258400, 1.000000
0.258600, 1.000000
0.258800, 1.000000
0.259000, 1.000000
0.259200, 1.000000
0.259400, 1.000000
0.259600, 1.000000
0.259800, 1.000000
0.260000, 1.000000
0.260200, 1.000000
0.260400, 1.000000
0.260600, 1.000000
0.260800, 1.000000
0.261000, 1.000000
0.261200, 1.000000
0.261400, 1.000000
0.261600, 1.000000
0.261800, 1.000000
0.262000, 1.000000
0.262200, 1.000000
0.262400, 1.000000
0.262600, 1.000000
0.262800, 1.000000
0.263000, 1.000000
0.263200, 1.000000
0.263400, 1.000000
0.263600, 1.000000
0.263800, 1.000000
0.264000, 1.000000
0.264200, 1.000000
0.264400, 1.000000
0.264600, 1.000000
0.264800, 1.000000
0.265000, 1.000000
0.265200, 1.000000
0.265400, 1.000000
0.265600, 1.000000
0.265800, 1.000000
0.266000, 1.000000
0.266200, 1.000000
0.266400, 1.000000
0.266600, 1.000000
0.266800, 1.000000
0.267000, 1.000000
0.267200, 1.000000
0.267400, 1.000000
0.267600, 1.000000
0.267800, 1.000000
0.268000, 1.000000
0.268200, 1.000000
0.268400, 1.000000
0.268600, 1.000000
0.268800, 1.000000
0.269000, 1.000000
0.269200, 1.000000
0.269400, 1.000000
0.269600, 1.000000
0.269800, 1.000000
0.270000, 1.000000
0.270200, 1.000000
0.270400, 1.000000
0.270600, 1.000000
0.270800, 1.000000
0.271000, 1.000000
0.271200, 1.000000
0.271400, 1.000000
0.271600, 1.000000
0.271800, 1.000000
0.272000, 1.000000
0.272200, 1.000000
0.272400, 1.000000
0.272600, 1.000000
0.272800, 1.000000
0.273000, 1.000000
0.273200, 1.000000
0.273400, 1.000000
0.273600, 1.000000
0.273800, 1.000000
0.274000, 1.000000
0.274200, 1.000000
0.274400, 1.000000
0.274600, 1.000000
0.274800, 1.000000
0.275000, 1.000000
0.275200, 1.000000
0.275400, 1.000000
0.275600, 1.000000
0.275800, 1.000000
0.276000, 1.000000
0.276200, 1.000000
0.276400, 1.000000
0.276600, 1.000000
0.276800, 1.000000
0.277000, 1.000000
0.277200, 1.000000
0.277400, 1.000000
0.277600, 1.000000
0.277800, 1.000000
0.278000, 1.000000
0.278200, 1.000000
0.278400, 1.000000
0.278600, 1.000000
0.278800, 1.000000
0.279000, 1.000000
0.279200, 1.000000
0.279400, 1.000000
0.279600, 1.000000
0.279800, 1.000000
0.280000, 1.000000
0.280200, 1.000000
0.280400, 1.000000
0.280600, 1.000000
0.280800, 1.000000
0.281000, 1.000000
0.281200, 1.000000
0.281400, 1.000000
0.281600, 1.000000
0.281800, 1.000000
0.282000, 1.000000
0.282200, 1.000000
0.282400, 1.000000
0.282600, 1.000000
0.282800, 1.000000
0.283000, 1.000000
0.283200, 1.000000
0.283400, 1.000000
0.283600, 1.000000
0.283800, 1.000000
0.284000, 1.000000
0.284200, 1.000000
0.284400, 1.000000
0.284600, 1.000000
0.284800, 1.000000
0.285000, 1.000000
0.285200, 1.000000
0.285400, 1.000000
0.285600, 1.000000
0.285800, 1.000000
0.286000, 1.000000
0.286200, 1.000000
0.286400, 1.000000
0.286600, 1.000000
0.286800, 1.000000
0.287000, 1.000000
0.287200, 1.000000
0.287400, 1.000000
0.287600, 1.000000
0.287800, 1.000000
0.288000, 1.000000
0.288200, 1.000000
0.288400, 1.000000
0.288600, 1.000000
0.288800, 1.000000
0.289000, 1.000000
0.289200, 1.000000
0.289400, 1.000000
0.289600, 1.000000
0.289800, 1.000000
0.290000, 1.000000
0.290200, 1.000000
0.290400, 1.000000
0.290600, 1.000000
0.290800, 1.000000
0.291000, 1.000000
0.291200, 1.000000
0.291400, 1.000000
0.291600, 1.000000
0.291800, 1.000000
0.292000, 1.000000
0.292200, 1.000000
0.292400, 1.000000
0.292600, 1.000000
0.292800, 1.000000
0.293000, 1.000000
0.293200, 1.000000
0.293400, 1.000000
0.293600, 1.000000
0.293800, 1.000000
0.294000, 1.000000
0.294200, 1.000000
0.294400, 1.000000
0.294600, 1.000000
0.294800, 1.000000
0.295000, 1.000000
0.295200, 1.000000
0.295400, 1.000000
0.295600, 1.000000
0.295800, 1.000000
0.296000, 1.000000
0.296200, 1.000000
0.296400, 1.000000
0.296600, 1.000000
0.296800, 1.000000
0.297000, 1.000000
0.297200, 1.000000
0.297400, 1.000000
0.297600, 1.000000
0.297800, 1.000000
0.298000, 1.000000
0.298200, 1.000000
0.298400, 1.000000
0.298600, 1.000000
0.298800, 1.000000
0.299000, 1.000000
0.299200, 1.000000
0.299400, 1.000000
0.299600, 1.000000
0.299800, 1.000000
0.300000, 1.000000
0.300200, 1.000000
0.300400, 1.000000
0.300600, 1.000000
0.300800, 1.000000
0.301000, 1.000000
0.301200, 1.000000
0.301400, 1.000000
0.301600, 1.000000
0.301800, 1.000000
0.302000, 1.000000
0.302200, 1.000000
0.302400, 1.000000
0.302600, 1.000000
0.302800, 1.000000
0.303000, 1.000000
0.303200, 1.000000
0.303400, 1.000000
0.303600, 1.000000
0.303800, 1.000000
0.304000, 1.000000
0.304200, 1.000000
0.304400, 1.000000
0.304600, 1.000000
0.304800, 1.000000
0.305000, 1.000000
0.305200, 1.000000
0.305400, 1.000000
0.305600, 1.000000
0.305800, 1.000000
0.306000, 1.000000
0.306200, 1.000000
0.306400, 1.000000
0.306600, 1.000000
0.306800, 1.000000
0.307000, 1.000000
0.307200, 1.000000
0.307400, 1.000000
0.307600, 1.000000
0.307800, 1.000000
0.308000, 1.000000
0.308200, 1.000000
0.308400, 1.000000
0.308600, 1.000000
0.308800, 1.000000
0.309000, 1.000000
0.309200, 1.000000
0.309400, 1.000000
0.309600, 1.000000
0.309800, 1.000000
0.310000, 1.000000
0.310200, 1.000000
0.310400, 1.000000
0.310600, 1.000000
0.310800, 1.000000
0.311000, 1.000000
0.311200, 1.000000
0.311400, 1.000000
0.311600, 1.000000
0.311800, 1.000000
0.312000, 1.000000
0.312200, 1.000000
0.312400, 1.000000
0.312600, 1.000000
0.312800, 1.000000
0.313000, 1.000000
0.313200, 1.000000
0.313400, 1.000000
0.313600, 1.000000
0.313800, 1.000000
0.314000, 1.000000
0.314200, 1.000000
0.316000, 1.000000
0.316200, 1.000000
0.317200, 1.000000
0.317400, 1.000000
0.317600, 1.000000
0.317800, 1.000000
0.318000, 1.000000
0.319600, 1.000000
0.319800, 1.000000
0.320000, 1.000000
0.321200, 1.000000
0.321600, 1.000000
0.323200, 1.000000
0.323400, 1.000000
0.324200, 1.000000
0.324800, 1.000000
0.325000, 1.000000
0.325200, 1.000000
0.325400, 1.000000
0.325600, 1.000000
0.326000, 1.000000
0.326200, 1.000000
0.326400, 1.000000
0.326600, 1.000000
0.326800, 1.000000
0.327000, 1.000000
0.327200, 1.000000
0.327400, 1.000000
0.327600, 1.000000
0.327800, 1.000000
0.328000, 1.000000
0.328400, 1.000000
0.328600, 1.000000
0.330000, 1.000000
0.330200, 1.000000
0.330800, 1.000000
0.331000, 1.000000
0.331400, 1.000000
0.331600, 1.000000
0.331800, 1.000000
0.332000, 1.000000
0.332200, 1.000000
0.332400, 1.000000
0.332600, 1.000000
0.332800, 1.000000
0.333000, 1.000000
0.333800, 1.000000
0.334000, 1.000000
0.334200, 1.000000
0.334400, 1.000000
0.334600, 1.000000
0.334800, 1.000000
0.335000, 1.000000
0.335200, 1.000000
0.336200, 1.000000
0.336400, 1.000000
0.336600, 1.000000
0.336800, 1.000000
0.337000, 1.000000
0.337200, 1.000000
0.337400, 1.000000
0.337600, 1.000000
0.338400, 1.000000
0.338800, 1.000000
0.339000, 1.000000
0.339400, 1.000000
0.340400, 1.000000
0.341000, 1.000000
0.341200, 1.000000
0.341400, 1.000000
0.341600, 1.000000
0.341800, 1.000000
0.342000, 1.000000
0.342200, 1.000000
0.342400, 1.000000
0.342600, 1.000000
0.342800, 1.000000
0.343000, 1.000000
0.343200, 1.000000
0.343600, 1.000000
0.343800, 1.000000
0.344000, 1.000000
0.344400, 1.000000
0.344600, 1.000000
0.344800, 1.000000
0.345000, 1.000000
0.345200, 1.000000
0.345400, 1.000000
0.345600, 1.000000
0.345800, 1.000000
0.346000, 1.000000
0.346200, 1.000000
0.346400, 1.000000
0.346800, 1.000000
0.347200, 1.000000
0.348600, 1.000000
0.349200, 1.000000
0.349400, 1.000000
0.349600, 1.000000
0.349800, 1.000000
0.350000, 1.000000
0.350200, 1.000000
0.350400, 1.000000
0.350600, 1.000000
0.350800, 1.000000
0.351000, 1.000000
0.351200, 1.000000
0.351400, 1.000000
0.351600, 1.000000
0.351800, 1.000000
0.352200, 1.000000
0.352800, 1.000000
0.353000, 1.000000
0.353200, 1.000000
0.353400, 1.000000
0.353600, 1.000000
0.353800, 1.000000
0.354200, 1.000000
0.355400, 1.000000
0.355600, 1.000000
0.355800, 1.000000
0.356000, 1.000000
0.356200, 1.000000
0.356400, 1.000000
0.356600, 1.000000
0.357000, 1.000000
0.357400, 1.000000
0.357600, 1.000000
0.357800, 1.000000
0.358000, 1.000000
0.358200, 1.000000
0.358400, 1.000000
0.358600, 1.000000
0.358800, 1.000000
0.359000, 1.000000
0.359200, 1.000000
0.359400, 1.000000
0.359600, 1.000000
0.359800, 1.000000
0.360200, 1.000000
0.360400, 1.000000
0.360600, 1.000000
0.361200, 1.000000
0.361400, 1.000000
0.361600, 1.000000
0.362000, 1.000000
0.362200, 1.000000
0.363000, 1.000000
0.363800, 1.000000
0.364000, 1.000000
0.364600, 1.000000
0.364800, 1.000000
0.365000, 1.000000
0.365200, 1.000000
0.365400, 1.000000
0.365600, 1.000000
0.365800, 1.000000
0.366200, 1.000000
0.366600, 1.000000
0.366800, 1.000000
0.367000, 1.000000
0.367200, 1.000000
0.367400, 1.000000
0.367600, 1.000000
0.368000, 1.000000
0.368200, 1.000000
0.368800, 1.000000
0.369200, 1.000000
0.370000, 1.000000
0.370200, 1.000000
0.370800, 1.000000
0.371000, 1.000000
0.371400, 1.000000
0.372000, 1.000000
0.372200, 1.000000
0.372600, 1.000000
0.372800, 1.000000
0.373200, 1.000000
0.373400, 1.000000
0.373600, 1.000000
0.373800, 1.000000
0.374000, 1.000000
0.374200, 1.000000
0.374400, 1.000000
0.374800, 1.000000
0.375000, 1.000000
0.375200, 1.000000
0.375400, 1.000000
0.375800, 1.000000
0.376000, 1.000000
0.376400, 1.000000
0.376600, 1.000000
0.376800, 1.000000
0.377000, 1.000000
0.377200, 1.000000
0.377400, 1.000000
0.377600, 1.000000
0.377800, 1.000000
0.378200, 1.000000
0.378400, 1.000000
0.378600, 1.000000
0.378800, 1.000000
0.379000, 1.000000
0.379200, 1.000000
0.379400, 1.000000
0.379800, 1.000000
0.380000, 1.000000
0.380200, 1.000000
0.380400, 1.000000
0.380600, 1.000000
0.380800, 1.000000
0.381000, 1.000000
0.381200, 1.000000
0.381400, 1.000000
0.381600, 1.000000
0.381800, 1.000000
0.382000, 1.000000
0.382200, 1.000000
0.382400, 1.000000
0.382600, 1.000000
0.382800, 1.000000
0.383000, 1.000000
0.383200, 1.000000
0.383400, 1.000000
0.383600, 1.000000
0.383800, 1.000000
0.384200, 1.000000
0.384400, 1.000000
0.384600, 1.000000
0.384800, 1.000000
0.385200, 1.000000
0.385800, 1.000000
0.386000, 1.000000
0.386200, 1.000000
0.386400, 1.000000
0.386600, 1.000000
0.386800, 1.000000
0.387000, 1.000000
0.387200, 1.000000
0.387400, 1.000000
0.387600, 1.000000
0.387800, 1.000000
0.388000, 1.000000
0.388200, 1.000000
0.388400, 1.000000
0.388600, 1.000000
0.388800, 1.000000
0.389000, 1.000000
0.389200, 1.000000
0.389400, 1.000000
0.389600, 1.000000
0.389800, 1.000000
0.390000, 1.000000
0.390200, 1.000000
0.390400, 1.000000
0.390600, 1.000000
0.390800, 1.000000
0.391000, 1.000000
0.391200, 1.000000
0.391400, 1.000000
0.391600, 1.000000
0.391800, 1.000000
0.392000, 1.000000
0.392200, 1.000000
0.392400, 1.000000
0.392600, 1.000000
0.392800, 1.000000
0.393000, 1.000000
0.393200, 1.000000
0.393400, 1.000000
0.393600, 1.000000
0.393800, 1.000000
0.394000, 1.000000
0.394200, 1.000000
0.394400, 1.000000
0.394600, 1.000000
0.394800, 1.000000
0.395000, 1.000000
0.395200, 1.000000
0.395400, 1.000000
0.395600, 1.000000
0.395800, 1.000000
0.396000, 1.000000
0.396200, 1.000000
0.396400, 1.000000
0.396600, 1.000000
0.396800, 1.000000
0.397000, 1.000000
0.397200, 1.000000
0.397400, 1.000000
0.397600, 1.000000
0.397800, 1.000000
0.398000, 1.000000
0.398200, 1.000000
0.398400, 1.000000
0.398600, 1.000000
0.398800, 1.000000
0.399000, 1.000000
0.399200, 1.000000
0.399400, 1.000000
0.399600, 1.000000
0.399800, 1.000000
0.400000, 1.000000
0.400200, 1.000000
0.400400, 1.000000
0.400600, 1.000000
0.400800, 1.000000
0.401000, 1.000000
0.401200, 1.000000
0.401400, 1.000000
0.401600, 1.000000
0.401800, 1.000000
0.402000, 1.000000
0.402200, 1.000000
0.402400, 1.000000
0.402600, 1.000000
0.402800, 1.000000
0.403000, 1.000000
0.403200, 1.000000
0.403400, 1.000000
0.403600, 1.000000
0.403800, 1.000000
0.404000, 1.000000
0.404200, 1.000000
0.404400, 1.000000
0.404600, 1.000000
0.404800, 1.000000
0.405000, 1.000000
0.405200, 1.000000
0.405400, 1.000000
0.405600, 1.000000
0.405800, 1.000000
0.406000, 1.000000
0.406200, 1.000000
0.406400, 1.000000
0.406600, 1.000000
0.406800, 1.000000
0.407000, 1.000000
0.407200, 1.000000
0.407400, 1.000000
0.407600, 1.000000
0.407800, 1.000000
0.408000, 1.000000
0.408200, 1.000000
0.408400, 1.000000
0.408600, 1.000000
0.408800, 1.000000
0.409000, 1.000000
0.409200, 1.000000
0.409400, 1.000000
0.409600, 1.000000
0.409800, 1.000000
0.410000, 1.000000
0.410200, 1.000000
0.410400, 1.000000
0.410600, 1.000000
0.410800, 1.000000
0.411000, 1.000000
0.411200, 1.000000
0.411400, 1.000000
0.411600, 1.000000
0.411800, 1.000000
0.412000, 1.000000
0.412200, 1.000000
0.412400, 1.000000
0.412600, 1.000000
0.412800, 1.000000
0.413000, 1.000000
0.413200, 1.000000
0.413400, 1.000000
0.413600, 1.000000
0.413800, 1.000000
0.414000, 1.000000
0.414200, 1.000000
0.414400, 1.000000
0.414600, 1.000000
0.414800, 1.000000
0.415000, 1.000000
0.415200, 1.000000
0.415400, 1.000000
0.415600, 1.000000
0.415800, 1.000000
0.416000, 1.000000
0.416200, 1.000000
0.416400, 1.000000
0.416600, 1.000000
0.416800, 1.000000
0.417000, 1.000000
0.417200, 1.000000
0.417400, 1.000000
0.417600, 1.000000
0.417800, 1.000000
0.418000, 1.000000
0.418200, 1.000000
0.418400, 1.000000
0.418600, 1.000000
0.418800, 1.000000
0.419000, 1.000000
0.419200, 1.000000
0.419400, 1.000000
0.419600, 1.000000
0.419800, 1.000000
0.420000, 1.000000
0.420200, 1.000000
0.420400, 1.000000
0.420600, 1.000000
0.420800, 1.000000
0.421000, 1.000000
0.421200, 1.000000
0.421400, 1.000000
0.421600, 1.000000
0.421800, 1.000000
0.422000, 1.000000
0.422200, 1.000000
0.422400, 1.000000
0.422600, 1.000000
0.422800, 1.000000
0.423000, 1.000000
0.423200, 1.000000
0.423400, 1.000000
0.423600, 1.000000
0.423800, 1.000000
0.424000, 1.000000
0.424200, 1.000000
0.424400, 1.000000
0.424600, 1.000000
0.424800, 1.000000
0.425000, 1.000000
0.425200, 1.000000
0.425400, 1.000000
0.425600, 1.000000
0.425800, 1.000000
0.426000, 1.000000
0.426200, 1.000000
0.426400, 1.000000
0.426600, 1.000000
0.426800, 1.000000
0.427000, 1.000000
0.427200, 1.000000
0.427400, 1.000000
0.427600, 1.000000
0.427800, 1.000000
0.428000, 1.000000
0.428200, 1.000000
0.428400, 1.000000
0.428600, 1.000000
0.428800, 1.000000
0.429000, 1.000000
0.429200, 1.000000
0.429400, 1.000000
0.429600, 1.000000
0.429800, 1.000000
0.430000, 1.000000
0.430200, 1.000000
0.430400, 1.000000
0.430600, 1.000000
0.430800, 1.000000
0.431000, 1.000000
0.431200, 1.000000
0.431400, 1.000000
0.431600, 1.000000
0.431800, 1.000000
0.432000, 1.000000
0.432200, 1.000000
0.432400, 1.000000
0.432600, 1.000000
0.432800, 1.000000
0.433000, 1.000000
0.433200, 1.000000
0.433400, 1.000000
0.433600, 1.000000
0.433800, 1.000000
0.434000, 1.000000
0.434200, 1.000000
0.434400, 1.000000
0.434600, 1.000000
0.434800, 1.000000
0.435000, 1.000000
0.435200, 1.000000
0.435400, 1.000000
0.435600, 1.000000
0.435800, 1.000000
0.436000, 1.000000
0.436200, 1.000000
0.436400, 1.000000
0.436600, 1.000000
0.436800, 1.000000
0.437000, 1.000000
0.437200, 1.000000
0.437400, 1.000000
0.437600, 1.000000
0.437800, 1.000000
0.438000, 1.000000
0.438200, 1.000000
0.438400, 1.000000
0.438600, 1.000000
0.438800, 1.000000
0.439000, 1.000000
0.439200, 1.000000
0.439400, 1.000000
0.439600, 1.000000
0.439800, 1.000000
0.440000, 1.000000
0.440200, 1.000000
0.440400, 1.000000
0.440600, 1.000000
0.440800, 1.000000
0.441000, 1.000000
0.441200, 1.000000
0.441400, 1.000000
0.441600, 1.000000
0.441800, 1.000000
0.442000, 1.000000
0.442200, 1.000000
0.442400, 1.000000
0.442600, 1.000000
0.442800, 1.000000
0.443000, 1.000000
0.443200, 1.000000
0.443400, 1.000000
0.443600, 1.000000
0.443800, 1.000000
0.444000, 1.000000
0.444200, 1.000000
0.444400, 1.000000
0.444600, 1.000000
0.444800, 1.000000
0.445000, 1.000000
0.445200, 1.000000
0.445400, 1.000000
0.445600, 1.000000
0.445800, 1.000000
0.446000, 1.000000
0.446200, 1.000000
0.446400, 1.000000
0.446600, 1.000000
0.446800, 1.000000
0.447000, 1.000000
0.447200, 1.000000
0.447400, 1.000000
0.447600, 1.000000
0.447800, 1.000000
0.448000, 1.000000
0.448200, 1.000000
0.448400, 1.000000
0.448600, 1.000000
0.448800, 1.000000
0.449000, 1.000000
0.449200, 1.000000
0.449400, 1.000000
0.449600, 1.000000
0.449800, 1.000000
0.450000, 1.000000
0.450200, 1.000000
0.450400, 1.000000
0.450600, 1.000000
0.450800, 1.000000
0.451000, 1.000000
0.451200, 1.000000
0.451400, 1.000000
0.451600, 1.000000
0.451800, 1.000000
0.452000, 1.000000
0.452200, 1.000000
0.452400, 1.000000
0.452600, 1.000000
0.452800, 1.000000
0.453000, 1.000000
0.453200, 1.000000
0.453400, 1.000000
0.453600, 1.000000
0.453800, 1.000000
0.454000, 1.000000
0.454200, 1.000000
0.454400, 1.000000
0.454600, 1.000000
0.454800, 1.000000
0.455000, 1.000000
0.455200, 1.000000
0.455400, 1.000000
0.455600, 1.000000
0.455800, 1.000000
0.456000, 1.000000
0.456200, 1.000000
0.456400, 1.000000
0.456600, 1.000000
0.456800, 1.000000
0.457000, 1.000000
0.457200, 1.000000
0.457400, 1.000000
0.457600, 1.000000
0.457800, 1.000000
0.458000, 1.000000
0.458200, 1.000000
0.458400, 1.000000
0.458600, 1.000000
0.458800, 1.000000
0.459000, 1.000000
0.459200, 1.000000
0.459400, 1.000000
0.459600, 1.000000
0.459800, 1.000000
0.460000, 1.000000
0.460200, 1.000000
0.460400, 1.000000
0.460600, 1.000000
0.460800, 1.000000
0.461000, 1.000000
0.461200, 1.000000
0.461400, 1.000000
0.461600, 1.000000
0.461800, 1.000000
0.462000, 1.000000
0.462200, 1.000000
0.462400, 1.000000
0.462600, 1.000000
0.462800, 1.000000
0.463000, 1.000000
0.463200, 1.000000
0.463400, 1.000000
0.463600, 1.000000
0.463800, 1.000000
0.464000, 1.000000
0.464200, 1.000000
0.464400, 1.000000
0.464600, 1.000000
0.464800, 1.000000
0.465000, 1.000000
0.465200, 1.000000
0.465400, 1.000000
0.465600, 1.000000
0.465800, 1.000000
0.466000, 1.000000
0.466200, 1.000000
0.466400, 1.000000
0.466600, 1.000000
0.466800, 1.000000
0.467000, 1.000000
0.467200, 1.000000
0.467400, 1.000000
0.467600, 1.000000
0.467800, 1.000000
0.468000, 1.000000
0.468200, 1.000000
0.468400, 1.000000
0.468600, 1.000000
0.468800, 1.000000
0.469000, 1.000000
0.469200, 1.000000
0.469400, 1.000000
0.469600, 1.000000
0.469800, 1.000000
0.470000, 1.000000
0.470200, 1.000000
0.470400, 1.000000
0.470600, 1.000000
0.470800, 1.000000
0.471000, 1.000000
0.471200, 1.000000
0.471400, 1.000000
0.471600, 1.000000
0.471800, 1.000000
0.472000, 1.000000
0.472200, 1.000000
0.472400, 1.000000
0.472600, 1.000000
0.472800, 1.000000
0.473000, 1.000000
0.473200, 1.000000
0.473400, 1.000000
0.473600, 1.000000
0.473800, 1.000000
0.474000, 1.000000
0.474200, 1.000000
0.474400, 1.000000
0.474600, 1.000000
0.474800, 1.000000
0.475000, 1.000000
0.475200, 1.000000
0.475400, 1.000000
0.475600, 1.000000
0.475800, 1.000000
0.476000, 1.000000
0.476200, 1.000000
0.476400, 1.000000
0.476600, 1.000000
0.476800, 1.000000
0.477000, 1.000000
0.477200, 1.000000
0.477400, 1.000000
0.477600, 1.000000
0.477800, 1.000000
0.478000, 1.000000
0.478200, 1.000000
0.478400, 1.000000
0.478600, 1.000000
0.478800, 1.000000
0.479000, 1.000000
0.479200, 1.000000
0.479400, 1.000000
0.479600, 1.000000
0.479800, 1.000000
0.480000, 1.000000
0.480200, 1.000000
0.480400, 1.000000
0.480600, 1.000000
0.480800, 1.000000
0.481000, 1.000000
0.481200, 1.000000
0.481400, 1.000000
0.481600, 1.000000
0.481800, 1.000000
0.482000, 1.000000
0.482200, 1.000000
0.482400, 1.000000
0.482600, 1.000000
0.482800, 1.000000
0.483000, 1.000000
0.483200, 1.000000
0.483400, 1.000000
0.483600, 1.000000
0.483800, 1.000000
0.484000, 1.000000
0.484200, 1.000000
0.484400, 1.000000
0.484600, 1.000000
0.484800, 1.000000
0.485000, 1.000000
0.485200, 1.000000
0.485400, 1.000000
0.485600, 1.000000
0.485800, 1.000000
0.486000, 1.000000
0.486200, 1.000000
0.486400, 1.000000
0.486600, 1.000000
0.486800, 1.000000
0.487000, 1.000000
0.487200, 1.000000
0.487400, 1.000000
0.487600, 1.000000
0.487800, 1.000000
0.488000, 1.000000
0.488200, 1.000000
0.488400, 1.000000
0.488600, 1.000000
0.488800, 1.000000
0.489000, 1.000000
0.489200, 1.000000
0.489400, 1.000000
0.489600, 1.000000
0.489800, 1.000000
0.490000, 1.000000
0.490200, 1.000000
0.490400, 1.000000
0.490600, 1.000000
0.490800, 1.000000
0.491000, 1.000000
0.491200, 1.000000
0.491400, 1.000000
0.491600, 1.000000
0.491800, 1.000000
0.492000, 1.000000
0.492200, 1.000000
0.492400, 1.000000
0.492600, 1.000000
0.492800, 1.000000
0.493000, 1.000000
0.493200, 1.000000
0.493400, 1.000000
0.493600, 1.000000
0.493800, 1.000000
0.494000, 1.000000
0.494200, 1.000000
0.494400, 1.000000
0.494600, 1.000000
0.494800, 1.000000
0.495000, 1.000000
0.495200, 1.000000
0.495400, 1.000000
0.495600, 1.000000
0.495800, 1.000000
0.496000, 1.000000
0.496200, 1.000000
0.496400, 1.000000
0.496600, 1.000000
0.496800, 1.000000
0.497000, 1.000000
0.497200, 1.000000
0.497400, 1.000000
0.497600, 1.000000
0.497800, 1.000000
0.498000, 1.000000
0.498200, 1.000000
0.498400, 1.000000
0.498600, 1.000000
0.498800, 1.000000
0.499000, 1.000000
0.499200, 1.000000
0.499400, 1.000000
0.499600, 1.000000
0.499800, 1.000000
0.500000, 1.000000
0.500200, 1.000000
0.500400, 1.000000
0.500600, 1.000000
0.500800, 1.000000
0.501000, 1.000000
0.501200, 1.000000
0.501400, 1.000000
0.501600, 1.000000
0.501800, 1.000000
0.502000, 1.000000
0.502200, 1.000000
0.502400, 1.000000
0.502600, 1.000000
0.502800, 1.000000
0.503000, 1.000000
0.503200, 1.000000
0.503400, 1.000000
0.503600, 1.000000
0.503800, 1.000000
0.504000, 1.000000
0.504200, 1.000000
0.504400, 1.000000
0.504600, 1.000000
0.504800, 1.000000
0.505000, 1.000000
0.505200, 1.000000
0.505400, 1.000000
0.505600, 1.000000
0.505800, 1.000000
0.506000, 1.000000
0.506200, 1.000000
0.506400, 1.000000
0.506600, 1.000000
0.506800, 1.000000
0.507000, 1.000000
0.507200, 1.000000
0.507400, 1.000000
0.507600, 1.000000
0.507800, 1.000000
0.508000, 1.000000
0.508200, 1.000000
0.508400, 1.000000
0.508600, 1.000000
0.508800, 1.000000
0.509000, 1.000000
0.509200, 1.000000
0.509400, 1.000000
0.509600, 1.000000
0.509800, 1.000000
0.510000, 1.000000
0.510200, 1.000000
0.510400, 1.000000
0.510600, 1.000000
0.510800, 1.000000
0.511000, 1.000000
0.511200, 1.000000
0.511400, 1.000000
0.511600, 1.000000
0.511800, 1.000000
0.512000, 1.000000
0.512200, 1.000000
0.512400, 1.000000
0.512600, 1.000000
0.512800, 1.000000
0.513000, 1.000000
0.513200, 1.000000
0.513400, 1.000000
0.513600, 1.000000
0.513800, 1.000000
0.514000, 1.000000
0.514200, 1.000000
0.514400, 1.000000
0.514600, 1.000000
0.514800, 1.000000
0.515000, 1.000000
0.515200, 1.000000
0.515400, 1.000000
0.515600, 1.000000
0.515800, 1.000000
0.516000, 1.000000
0.516200, 1.000000
0.516400, 1.000000
0.516600, 1.000000
0.516800, 1.000000
0.517000, 1.000000
0.517200, 1.000000
0.517400, 1.000000
0.517600, 1.000000
0.517800, 1.000000
0.518000, 1.000000
0.518200, 1.000000
0.518400, 1.000000
0.518600, 1.000000
0.518800, 1.000000
0.519000, 1.000000
0.519200, 1.000000
0.519400, 1.000000
0.519600, 1.000000
0.519800, 1.000000
0.520000, 1.000000
0.520200, 1.000000
0.520400, 1.000000
0.520600, 1.000000
0.520800, 1.000000
0.521000, 1.000000
0.521200, 1.000000
0.521400, 1.000000
0.521600, 1.000000
0.521800, 1.000000
0.522000, 1.000000
0.522200, 1.000000
0.522400, 1.000000
0.522600, 1.000000
0.522800, 1.000000
0.523000, 1.000000
0.523200, 1.000000
0.523400, 1.000000
0.523600, 1.000000
0.523800, 1.000000
0.524000, 1.000000
0.524200, 1.000000
0.524400, 1.000000
0.524600, 1.000000
0.524800, 1.000000
0.525000, 1.000000
0.525200, 1.000000
0.525400, 1.000000
0.525600, 1.000000
0.525800, 1.000000
0.526000, 1.000000
0.526200, 1.000000
0.526400, 1.000000
0.526600, 1.000000
0.526800, 1.000000
0.527000, 1.000000
0.527200, 1.000000
0.527400, 1.000000
0.527600, 1.000000
0.527800, 1.000000
0.528000, 1.000000
0.528200, 1.000000
0.528400, 1.000000
0.528600, 1.000000
0.528800, 1.000000
0.529000, 1.000000
0.529200, 1.000000
0.529400, 1.000000
0.529600, 1.000000
0.529800, 1.000000
0.530000, 1.000000
0.530200, 1.000000
0.530400, 1.000000
0.530600, 1.000000
0.530800, 1.000000
0.531000, 1.000000
0.531200, 1.000000
0.531400, 1.000000
0.531600, 1.000000
0.531800, 1.000000
0.532000, 1.000000
0.532200, 1.000000
0.532400, 1.000000
0.532600, 1.000000
0.532800, 1.000000
0.533000, 1.000000
0.533200, 1.000000
0.533400, 1.000000
0.533600, 1.000000
0.533800, 1.000000
0.534000, 1.000000
0.534200, 1.000000
0.534400, 1.000000
0.534600, 1.000000
0.534800, 1.000000
0.535000, 1.000000
0.535200, 1.000000
0.535400, 1.000000
0.535600, 1.000000
0.535800, 1.000000
0.536000, 1.000000
0.536200, 1.000000
0.536400, 1.000000
0.536600, 1.000000
0.536800, 1.000000
0.537000, 1.000000
0.537200, 1.000000
0.537400, 1.000000
0.537600, 1.000000
0.537800, 1.000000
0.538000, 1.000000
0.538200, 1.000000
0.538400, 1.000000
0.538600, 1.000000
0.538800, 1.000000
0.539000, 1.000000
0.539200, 1.000000
0.539400, 1.000000
0.539600, 1.000000
0.539800, 1.000000
0.540000, 1.000000
0.540200, 1.000000
0.540400, 1.000000
0.540600, 1.000000
0.540800, 1.000000
0.541000, 1.000000
0.541200, 1.000000
0.541400, 1.000000
0.541600, 1.000000
0.541800, 1.000000
0.542000, 1.000000
0.542200, 1.000000
0.542400, 1.000000
0.542600, 1.000000
0.542800, 1.000000
0.543000, 1.000000
0.543200, 1.000000
0.543400, 1.000000
0.543600, 1.000000
0.543800, 1.000000
0.544000, 1.000000
0.544200, 1.000000
0.544400, 1.000000
0.544600, 1.000000
0.544800, 1.000000
0.545000, 1.000000
0.545200, 1.000000
0.545400, 1.000000
0.545600, 1.000000
0.545800, 1.000000
0.546000, 1.000000
0.546200, 1.000000
0.546400, 1.000000
0.546600, 1.000000
0.546800, 1.000000
0.547000, 1.000000
0.547200, 1.000000
0.547400, 1.000000
0.547600, 1.000000
0.547800, 1.000000
0.548000, 1.000000
0.548200, 1.000000
0.548400, 1.000000
0.548600, 1.000000
0.548800, 1.000000
0.549000, 1.000000
0.549200, 1.000000
0.549400, 1.000000
0.549600, 1.000000
0.549800, 1.000000
0.550000, 1.000000
0.550200, 1.000000
0.550400, 1.000000
0.550600, 1.000000
0.550800, 1.000000
0.551000, 1.000000
0.551200, 1.000000
0.551400, 1.000000
0.551600, 1.000000
0.551800, 1.000000
0.552000, 1.000000
0.552200, 1.000000
0.552400, 1.000000
0.552600, 1.000000
0.552800, 1.000000
0.553000, 1.000000
0.553200, 1.000000
0.553400, 1.000000
0.553600, 1.000000
0.553800, 1.000000
0.554000, 1.000000
0.554200, 1.000000
0.554400, 1.000000
0.554600, 1.000000
0.554800, 1.000000
0.555000, 1.000000
0.555200, 1.000000
0.555400, 1.000000
0.555600, 1.000000
0.555800, 1.000000
0.556000, 1.000000
0.556200, 1.000000
0.556400, 1.000000
0.556600, 1.000000
0.556800, 1.000000
0.557000, 1.000000
0.557200, 1.000000
0.557400, 1.000000
0.557600, 1.000000
0.557800, 1.000000
0.558000, 1.000000
0.558200, 1.000000
0.558400, 1.000000
0.558600, 1.000000
0.558800, 1.000000
0.559000, 1.000000
0.559200, 1.000000
0.559400, 1.000000
0.559600, 1.000000
0.559800, 1.000000
0.560000, 1.000000
0.560200, 1.000000
0.560400, 1.000000
0.560600, 1.000000
0.560800, 1.000000
0.561000, 1.000000
0.561200, 1.000000
0.561400, 1.000000
0.561600, 1.000000
0.561800, 1.000000
0.562000, 1.000000
0.562200, 1.000000
0.562400, 1.000000
0.562600, 1.000000
0.562800, 1.000000
0.563000, 1.000000
0.563200, 1.000000
0.563400, 1.000000
0.563600, 1.000000
0.563800, 1.000000
0.564000, 1.000000
0.564200, 1.000000
0.564400, 1.000000
0.564600, 1.000000
0.564800, 1.000000
0.565000, 1.000000
0.565200, 1.000000
0.565400, 1.000000
0.565600, 1.000000
0.565800, 1.000000
0.566000, 1.000000
0.566200, 1.000000
0.566400, 1.000000
0.566600, 1.000000
0.566800, 1.000000
0.567000, 1.000000
0.567200, 1.000000
0.567400, 1.000000
0.567600, 1.000000
0.567800, 1.000000
0.568000, 1.000000
0.568200, 1.000000
0.568400, 1.000000
0.568600, 1.000000
0.568800, 1.000000
0.569000, 1.000000
0.569200, 1.000000
0.569400, 1.000000
0.569600, 1.000000
0.569800, 1.000000
0.570000, 1.000000
0.570200, 1.000000
0.570400, 1.000000
0.570600, 1.000000
0.570800, 1.000000
0.571000, 1.000000
0.571200, 1.000000
0.571400, 1.000000
0.571600, 1.000000
0.571800, 1.000000
0.572000, 1.000000
0.572200, 1.000000
0.572400, 1.000000
0.572600, 1.000000
0.572800, 1.000000
0.573000, 1.000000
0.573200, 1.000000
0.573400, 1.000000
0.573600, 1.000000
0.573800, 1.000000
0.574000, 1.000000
0.574200, 1.000000
0.574400, 1.000000
0.574600, 1.000000
0.574800, 1.000000
0.575000, 1.000000
0.575200, 1.000000
0.575400, 1.000000
0.575600, 1.000000
0.575800, 1.000000
0.576000, 1.000000
0.576200, 1.000000
0.576400, 1.000000
0.576600, 1.000000
0.576800, 1.000000
0.577000, 1.000000
0.577200, 1.000000
0.577400, 1.000000
0.577600, 1.000000
0.577800, 1.000000
0.578000, 1.000000
0.578200, 1.000000
0.578400, 1.000000
0.578600, 1.000000
0.578800, 1.000000
0.579000, 1.000000
0.579200, 1.000000
0.579400, 1.000000
0.579600, 1.000000
0.579800, 1.000000
0.580000, 1.000000
0.580200, 1.000000
0.580400, 1.000000
0.580600, 1.000000
0.580800, 1.000000
0.581000, 1.000000
0.581200, 1.000000
0.581400, 1.000000
0.581600, 1.000000
0.581800, 1.000000
0.582000, 1.000000
0.582200, 1.000000
0.582400, 1.000000
0.582600, 1.000000
0.582800, 1.000000
0.583000, 1.000000
0.583200, 1.000000
0.583400, 1.000000
0.583600, 1.000000
0.583800, 1.000000
0.584000, 1.000000
0.584200, 1.000000
0.584400, 1.000000
0.584600, 1.000000
0.584800, 1.000000
0.585000, 1.000000
0.585200, 1.000000
0.585400, 1.000000
0.585600, 1.000000
0.585800, 1.000000
0.586000, 1.000000
0.586200, 1.000000
0.586400, 1.000000
0.586600, 1.000000
0.586800, 1.000000
0.587000, 1.000000
0.587200, 1.000000
0.587400, 1.000000
0.587600, 1.000000
0.587800, 1.000000
0.588000, 1.000000
0.588200, 1.000000
0.588400, 1.000000
0.588600, 1.000000
0.588800, 1.000000
0.589000, 1.000000
0.589200, 1.000000
0.589400, 1.000000
0.589600, 1.000000
0.589800, 1.000000
0.590000, 1.000000
0.590200, 1.000000
0.590400, 1.000000
0.590600, 1.000000
0.590800, 1.000000
0.591000, 1.000000
0.591200, 1.000000
0.591400, 1.000000
0.591600, 1.000000
0.591800, 1.000000
0.592000, 1.000000
0.592200, 1.000000
0.592400, 1.000000
0.592600, 1.000000
0.592800, 1.000000
0.593000, 1.000000
0.593200, 1.000000
0.593400, 1.000000
0.593600, 1.000000
0.593800, 1.000000
0.594000, 1.000000
0.594200, 1.000000
0.594400, 1.000000
0.594600, 1.000000
0.594800, 1.000000
0.595000, 1.000000
0.595200, 1.000000
0.595400, 1.000000
0.595600, 1.000000
0.595800, 1.000000
0.596000, 1.000000
0.596200, 1.000000
0.596400, 1.000000
0.596600, 1.000000
0.596800, 1.000000
0.597000, 1.000000
0.597200, 1.000000
0.597400, 1.000000
0.597600, 1.000000
0.597800, 1.000000
0.598000, 1.000000
0.598200, 1.000000
0.598400, 1.000000
0.598600, 1.000000
0.598800, 1.000000
0.599000, 1.000000
0.599200, 1.000000
0.599400, 1.000000
0.599600, 1.000000
0.599800, 1.000000
0.600000, 1.000000
0.600200, 1.000000
0.600400, 1.000000
0.600600, 1.000000
0.600800, 1.000000
0.601000, 1.000000
0.601200, 1.000000
0.601400, 1.000000
0.601600, 1.000000
0.601800, 1.000000
0.602000, 1.000000
0.602200, 1.000000
0.602400, 1.000000
0.602600, 1.000000
0.602800, 1.000000
0.603000, 1.000000
0.603200, 1.000000
0.603400, 1.000000
0.603600, 1.000000
0.603800, 1.000000
0.604000, 1.000000
0.604200, 1.000000
0.604400, 1.000000
0.604600, 1.000000
0.604800, 1.000000
0.605000, 1.000000
0.605200, 1.000000
0.605400, 1.000000
0.605600, 1.000000
0.605800, 1.000000
0.606000, 1.000000
0.606200, 1.000000
0.606400, 1.000000
0.606600, 1.000000
0.606800, 1.000000
0.607000, 1.000000
0.607200, 1.000000
0.607400, 1.000000
0.607600, 1.000000
0.607800, 1.000000
0.608000, 1.000000
0.608200, 1.000000
0.608400, 1.000000
0.608600, 1.000000
0.608800, 1.000000
0.609000, 1.000000
0.609200, 1.000000
0.609400, 1.000000
0.609600, 1.000000
0.609800, 1.000000
0.610000, 1.000000
0.610200, 1.000000
0.610400, 1.000000
0.610600, 1.000000
0.610800, 1.000000
0.611000, 1.000000
0.611200, 1.000000
0.611400, 1.000000
0.611600, 1.000000
0.611800, 1.000000
0.612000, 1.000000
0.612200, 1.000000
0.612400, 1.000000
0.612600, 1.000000
0.612800, 1.000000
0.613000, 1.000000
0.613200, 1.000000
0.613400, 1.000000
0.613600, 1.000000
0.613800, 1.000000
0.614000, 1.000000
0.614200, 1.000000
0.614400, 1.000000
0.614600, 1.000000
0.614800, 1.000000
0.615000, 1.000000
0.615200, 1.000000
0.615400, 1.000000
0.615600, 1.000000
0.615800, 1.000000
0.616000, 1.000000
0.616200, 1.000000
0.616400, 1.000000
0.616600, 1.000000
0.616800, 1.000000
0.617000, 1.000000
0.617200, 1.000000
0.617400, 1.000000
0.617600, 1.000000
0.617800, 1.000000
0.618000, 1.000000
0.618200, 1.000000
0.618400, 1.000000
0.618600, 1.000000
0.618800, 1.000000
0.619000, 1.000000
0.619200, 1.000000
0.619400, 1.000000
0.619600, 1.000000
0.619800, 1.000000
0.620000, 1.000000
0.620200, 1.000000
0.620400, 1.000000
0.620600, 1.000000
0.620800, 1.000000
0.621000, 1.000000
0.621200, 1.000000
0.621400, 1.000000
0.621600, 1.000000
0.621800, 1.000000
0.622000, 1.000000
0.622200, 1.000000
0.622400, 1.000000
0.622600, 1.000000
0.622800, 1.000000
0.623000, 1.000000
0.623200, 1.000000
0.623400, 1.000000
0.623600, 1.000000
0.623800, 1.000000
0.624000, 1.000000
0.624200, 1.000000
0.624400, 1.000000
0.624600, 1.000000
0.624800, 1.000000
0.625000, 1.000000
0.625200, 1.000000
0.625400, 1.000000
0.625600, 1.000000
0.625800, 1.000000
0.626000, 1.000000
0.626200, 1.000000
0.626400, 1.000000
0.626600, 1.000000
0.626800, 1.000000
0.627000, 1.000000
0.627200, 1.000000
0.627400, 1.000000
0.627600, 1.000000
0.627800, 1.000000
0.628000, 1.000000
0.628200, 1.000000
0.628400, 1.000000
0.628600, 1.000000
0.628800, 1.000000
0.629000, 1.000000
0.629200, 1.000000
0.629400, 1.000000
0.629600, 1.000000
0.629800, 1.000000
0.630000, 1.000000
0.630200, 1.000000
0.630400, 1.000000
0.630600, 1.000000
0.630800, 1.000000
0.631000, 1.000000
0.631200, 1.000000
0.631400, 1.000000
0.631600, 1.000000
0.631800, 1.000000
0.632000, 1.000000
0.632200, 1.000000
0.632400, 1.000000
0.632600, 1.000000
0.632800, 1.000000
0.633000, 1.000000
0.633200, 1.000000
0.633400, 1.000000
0.633600, 1.000000
0.633800, 1.000000
0.634000, 1.000000
0.634200, 1.000000
0.634400, 1.000000
0.634600, 1.000000
0.634800, 1.000000
0.635000, 1.000000
0.635200, 1.000000
0.635400, 1.000000
0.635600, 1.000000
0.635800, 1.000000
0.636000, 1.000000
0.636200, 1.000000
0.636400, 1.000000
0.636600, 1.000000
0.636800, 1.000000
0.637000, 1.000000
0.637200, 1.000000
0.637400, 1.000000
0.637600, 1.000000
0.637800, 1.000000
0.638000, 1.000000
0.638200, 1.000000
0.638400, 1.000000
0.638600, 1.000000
0.638800, 1.000000
0.639000, 1.000000
0.639200, 1.000000
0.639400, 1.000000
0.639600, 1.000000
0.639800, 1.000000
0.640000, 1.000000
0.640200, 1.000000
0.640400, 1.000000
0.640600, 1.000000
0.640800, 1.000000
0.641000, 1.000000
0.641200, 1.000000
0.641400, 1.000000
0.641600, 1.000000
0.641800, 1.000000
0.642000, 1.000000
0.642200, 1.000000
0.642400, 1.000000
0.642600, 1.000000
0.642800, 1.000000
0.643000, 1.000000
0.643200, 1.000000
0.643400, 1.000000
0.643600, 1.000000
0.643800, 1.000000
0.644000, 1.000000
0.644200, 1.000000
0.644400, 1.000000
0.644600, 1.000000
0.644800, 1.000000
0.645000, 1.000000
0.645200, 1.000000
0.645400, 1.000000
0.645600, 1.000000
0.645800, 1.000000
0.646000, 1.000000
0.646200, 1.000000
0.646400, 1.000000
0.646600, 1.000000
0.646800, 1.000000
0.647000, 1.000000
0.647200, 1.000000
0.647400, 1.000000
0.647600, 1.000000
0.647800, 1.000000
0.648000, 1.000000
0.648200, 1.000000
0.648400, 1.000000
0.648600, 1.000000
0.648800, 1.000000
0.649000, 1.000000
0.649200, 1.000000
0.649400, 1.000000
0.649600, 1.000000
0.649800, 1.000000
0.650000, 1.000000
0.650200, 1.000000
0.650400, 1.000000
0.650600, 1.000000
0.650800, 1.000000
0.651000, 1.000000
0.651200, 1.000000
0.651400, 1.000000
0.651600, 1.000000
0.651800, 1.000000
0.652000, 1.000000
0.652200, 1.000000
0.652400, 1.000000
0.652600, 1.000000
0.652800, 1.000000
0.653000, 1.000000
0.653200, 1.000000
0.653400, 1.000000
0.653600, 1.000000
0.653800, 1.000000
0.654000, 1.000000
0.654200, 1.000000
0.654400, 1.000000
0.654600, 1.000000
0.654800, 1.000000
0.655000, 1.000000
0.655200, 1.000000
0.655400, 1.000000
0.655600, 1.000000
0.655800, 1.000000
0.656000, 1.000000
0.656200, 1.000000
0.656400, 1.000000
0.656600, 1.000000
0.656800, 1.000000
0.657000, 1.000000
0.657200, 1.000000
0.657400, 1.000000
0.657600, 1.000000
0.657800, 1.000000
0.658000, 1.000000
0.658200, 1.000000
0.658400, 1.000000
0.658600, 1.000000
0.658800, 1.000000
0.659000, 1.000000
0.659200, 1.000000
0.659400, 1.000000
0.659600, 1.000000
0.659800, 1.000000
0.660000, 1.000000
0.660200, 1.000000
0.660400, 1.000000
0.660600, 1.000000
0.660800, 1.000000
0.661000, 1.000000
0.661200, 1.000000
0.661400, 1.000000
0.661600, 1.000000
0.661800, 1.000000
0.662000, 1.000000
0.662200, 1.000000
0.662400, 1.000000
0.662600, 1.000000
0.662800, 1.000000
0.663000, 1.000000
0.663200, 1.000000
0.663400, 1.000000
0.663600, 1.000000
0.663800, 1.000000
0.664000, 1.000000
0.664200, 1.000000
0.664400, 1.000000
0.664600, 1.000000
0.664800, 1.000000
0.665000, 1.000000
0.665200, 1.000000
0.665400, 1.000000
0.665600, 1.000000
0.665800, 1.000000
0.666000, 1.000000
0.666200, 1.000000
0.666400, 1.000000
0.666600, 1.000000
0.666800, 1.000000
0.667000, 1.000000
0.667200, 1.000000
0.667400, 1.000000
0.667600, 1.000000
0.667800, 1.000000
0.668000, 1.000000
0.668200, 1.000000
0.668400, 1.000000
0.668600, 1.000000
0.668800, 1.000000
0.669000, 1.000000
0.669200, 1.000000
0.669400, 1.000000
0.669600, 1.000000
0.669800, 1.000000
0.670000, 1.000000
0.670200, 1.000000
0.670400, 1.000000
0.670600, 1.000000
0.670800, 1.000000
0.671000, 1.000000
0.671200, 1.000000
0.671400, 1.000000
0.671600, 1.000000
0.671800, 1.000000
0.672000, 1.000000
0.672200, 1.000000
0.672400, 1.000000
0.672600, 1.000000
0.672800, 1.000000
0.673000, 1.000000
0.673200, 1.000000
0.673400, 1.000000
0.673600, 1.000000
0.673800, 1.000000
0.674000, 1.000000
0.674200, 1.000000
0.674400, 1.000000
0.674600, 1.000000
0.674800, 1.000000
0.675000, 1.000000
0.675200, 1.000000
0.675400, 1.000000
0.675600, 1.000000
0.675800, 1.000000
0.676000, 1.000000
0.676200, 1.000000
0.676400, 1.000000
0.676600, 1.000000
0.676800, 1.000000
0.677000, 1.000000
0.677200, 1.000000
0.677400, 1.000000
0.677600, 1.000000
0.677800, 1.000000
0.678000, 1.000000
0.678200, 1.000000
0.678400, 1.000000
0.678600, 1.000000
0.678800, 1.000000
0.679000, 1.000000
0.679200, 1.000000
0.679400, 1.000000
0.679600, 1.000000
0.679800, 1.000000
0.680000, 1.000000
0.680200, 1.000000
0.680400, 1.000000
0.680600, 1.000000
0.680800, 1.000000
0.681000, 1.000000
0.681200, 1.000000
0.681400, 1.000000
0.681600, 1.000000
0.681800, 1.000000
0.682000, 1.000000
0.682200, 1.000000
0.682400, 1.000000
0.682600, 1.000000
0.682800, 1.000000
0.683000, 1.000000
0.683200, 1.000000
0.683400, 1.000000
0.683600, 1.000000
0.683800, 1.000000
0.684000, 1.000000
0.684200, 1.000000
0.684400, 1.000000
0.684600, 1.000000
0.684800, 1.000000
0.685000, 1.000000
0.685200, 1.000000
0.685400, 1.000000
0.685600, 1.000000
0.685800, 1.000000
0.686000, 1.000000
0.686200, 1.000000
0.686400, 1.000000
0.686600, 1.000000
0.686800, 1.000000
0.687000, 1.000000
0.687200, 1.000000
0.687400, 1.000000
0.687600, 1.000000
0.687800, 1.000000
0.688000, 1.000000
0.688200, 1.000000
0.688400, 1.000000
0.688600, 1.000000
0.688800, 1.000000
0.689000, 1.000000
0.689200, 1.000000
0.689400, 1.000000
0.689600, 1.000000
0.689800, 1.000000
0.690000, 1.000000
0.690200, 1.000000
0.690400, 1.000000
0.690600, 1.000000
0.690800, 1.000000
0.691000, 1.000000
0.691200, 1.000000
0.691400, 1.000000
0.691600, 1.000000
0.691800, 1.000000
0.692000, 1.000000
0.692200, 1.000000
0.692400, 1.000000
0.692600, 1.000000
0.692800, 1.000000
0.693000, 1.000000
0.693200, 1.000000
0.693400, 1.000000
0.693600, 1.000000
0.693800, 1.000000
0.694000, 1.000000
0.694200, 1.000000
0.694400, 1.000000
0.694600, 1.000000
0.694800, 1.000000
0.695000, 1.000000
0.695200, 1.000000
0.695400, 1.000000
0.695600, 1.000000
0.695800, 1.000000
0.696000, 1.000000
0.696200, 1.000000
0.696400, 1.000000
0.696600, 1.000000
0.696800, 1.000000
0.697000, 1.000000
0.697200, 1.000000
0.697400, 1.000000
0.697600, 1.000000
0.697800, 1.000000
0.698000, 1.000000
0.698200, 1.000000
0.698400, 1.000000
0.698600, 1.000000
0.698800, 1.000000
0.699000, 1.000000
0.699200, 1.000000
0.699400, 1.000000
0.699600, 1.000000
0.699800, 1.000000
0.700000, 1.000000
0.700200, 1.000000
0.700400, 1.000000
0.700600, 1.000000
0.700800, 1.000000
0.701000, 1.000000
0.701200, 1.000000
0.701400, 1.000000
0.701600, 1.000000
0.701800, 1.000000
0.702000, 1.000000
0.702200, 1.000000
0.702400, 1.000000
0.702600, 1.000000
0.702800, 1.000000
0.703000, 1.000000
0.703200, 1.000000
0.703400, 1.000000
0.703600, 1.000000
0.703800, 1.000000
0.704000, 1.000000
0.704200, 1.000000
0.704400, 1.000000
0.704600, 1.000000
0.704800, 1.000000
0.705000, 1.000000
0.705200, 1.000000
0.705400, 1.000000
0.705600, 1.000000
0.705800, 1.000000
0.706000, 1.000000
0.706200, 1.000000
0.706400, 1.000000
0.706600, 1.000000
0.706800, 1.000000
0.707000, 1.000000
0.707200, 1.000000
0.707400, 1.000000
0.707600, 1.000000
0.707800, 1.000000
0.708000, 1.000000
0.708200, 1.000000
0.708400, 1.000000
0.708600, 1.000000
0.708800, 1.000000
0.709000, 1.000000
0.709200, 1.000000
0.709400, 1.000000
0.709600, 1.000000
0.709800, 1.000000
0.710000, 1.000000
0.710200, 1.000000
0.710400, 1.000000
0.710600, 1.000000
0.710800, 1.000000
0.711000, 1.000000
0.711200, 1.000000
0.711400, 1.000000
0.711600, 1.000000
0.711800, 1.000000
0.712000, 1.000000
0.712200, 1.000000
0.712400, 1.000000
0.712600, 1.000000
0.712800, 1.000000
0.713000, 1.000000
0.713200, 1.000000
0.713400, 1.000000
0.713600, 1.000000
0.713800, 1.000000
0.714000, 1.000000
0.714200, 1.000000
0.714400, 1.000000
0.714600, 1.000000
0.714800, 1.000000
0.715000, 1.000000
0.715200, 1.000000
0.715400, 1.000000
0.715600, 1.000000
0.715800, 1.000000
0.716000, 1.000000
0.716200, 1.000000
0.716400, 1.000000
0.716600, 1.000000
0.716800, 1.000000
0.717000, 1.000000
0.717200, 1.000000
0.717400, 1.000000
0.717600, 1.000000
0.717800, 1.000000
0.718000, 1.000000
0.718200, 1.000000
0.718400, 1.000000
0.718600, 1.000000
0.718800, 1.000000
0.719000, 1.000000
0.719200, 1.000000
0.719400, 1.000000
0.719600, 1.000000
0.719800, 1.000000
0.720000, 1.000000
0.720200, 1.000000
0.720400, 1.000000
0.720600, 1.000000
0.720800, 1.000000
0.721000, 1.000000
0.721200, 1.000000
0.721400, 1.000000
0.721600, 1.000000
0.721800, 1.000000
0.722000, 1.000000
0.722200, 1.000000
0.722400, 1.000000
0.722600, 1.000000
0.722800, 1.000000
0.723000, 1.000000
0.723200, 1.000000
0.723400, 1.000000
0.723600, 1.000000
0.723800, 1.000000
0.724000, 1.000000
0.724200, 1.000000
0.724400, 1.000000
0.724600, 1.000000
0.724800, 1.000000
0.725000, 1.000000
0.725200, 1.000000
0.725400, 1.000000
0.725600, 1.000000
0.725800, 1.000000
0.726000, 1.000000
0.726200, 1.000000
0.726400, 1.000000
0.726600, 1.000000
0.726800, 1.000000
0.727000, 1.000000
0.727200, 1.000000
0.727400, 1.000000
0.727600, 1.000000
0.727800, 1.000000
0.728000, 1.000000
0.728200, 1.000000
0.728400, 1.000000
0.728600, 1.000000
0.728800, 1.000000
0.729000, 1.000000
0.729200, 1.000000
0.729400, 1.000000
0.729600, 1.000000
0.729800, 1.000000
0.730000, 1.000000
0.730200, 1.000000
0.730400, 1.000000
0.730600, 1.000000
0.730800, 1.000000
0.731000, 1.000000
0.731200, 1.000000
0.731400, 1.000000
0.731600, 1.000000
0.731800, 1.000000
0.732000, 1.000000
0.732200, 1.000000
0.732400, 1.000000
0.732600, 1.000000
0.732800, 1.000000
0.733000, 1.000000
0.733200, 1.000000
0.733400, 1.000000
0.733600, 1.000000
0.733800, 1.000000
0.734000, 1.000000
0.734200, 1.000000
0.734400, 1.000000
0.734600, 1.000000
0.734800, 1.000000
0.735000, 1.000000
0.735200, 1.000000
0.735400, 1.000000
0.735600, 1.000000
0.735800, 1.000000
0.736000, 1.000000
0.736200, 1.000000
0.736400, 1.000000
0.736600, 1.000000
0.736800, 1.000000
0.737000, 1.000000
0.737200, 1.000000
0.737400, 1.000000
0.737600, 1.000000
0.737800, 1.000000
0.738000, 1.000000
0.738200, 1.000000
0.738400, 1.000000
0.738600, 1.000000
0.738800, 1.000000
0.739000, 1.000000
0.739200, 1.000000
0.739400, 1.000000
0.739600, 1.000000
0.739800, 1.000000
0.740000, 1.000000
0.740200, 1.000000
0.740400, 1.000000
0.740600, 1.000000
0.740800, 1.000000
0.741000, 1.000000
0.741200, 1.000000
0.741400, 1.000000
0.741600, 1.000000
0.741800, 1.000000
0.742000, 1.000000
0.742200, 1.000000
0.742400, 1.000000
0.742600, 1.000000
0.742800, 1.000000
0.743000, 1.000000
0.743200, 1.000000
0.743400, 1.000000
0.743600, 1.000000
0.743800, 1.000000
0.744000, 1.000000
0.744200, 1.000000
0.744400, 1.000000
0.744600, 1.000000
0.744800, 1.000000
0.745000, 1.000000
0.745200, 1.000000
0.745400, 1.000000
0.745600, 1.000000
0.745800, 1.000000
0.746000, 1.000000
0.746200, 1.000000
0.746400, 1.000000
0.746600, 1.000000
0.746800, 1.000000
0.747000, 1.000000
0.747200, 1.000000
0.747400, 1.000000
0.747600, 1.000000
0.747800, 1.000000
0.748000, 1.000000
0.748200, 1.000000
0.748400, 1.000000
0.748600, 1.000000
0.748800, 1.000000
0.749000, 1.000000
0.749200, 1.000000
0.749400, 1.000000
0.749600, 1.000000
0.749800, 1.000000
0.750000, 1.000000
0.750200, 1.000000
0.750400, 1.000000
0.750600, 1.000000
0.750800, 1.000000
0.751000, 1.000000
0.751200, 1.000000
0.751400, 1.000000
0.751600, 1.000000
0.751800, 1.000000
0.752000, 1.000000
0.752200, 1.000000
0.752400, 1.000000
0.752600, 1.000000
0.752800, 1.000000
0.753000, 1.000000
0.753200, 1.000000
0.753400, 1.000000
0.753600, 1.000000
0.753800, 1.000000
0.754000, 1.000000
0.754200, 1.000000
0.754400, 1.000000
0.754600, 1.000000
0.754800, 1.000000
0.755000, 1.000000
0.755200, 1.000000
0.755400, 1.000000
0.755600, 1.000000
0.755800, 1.000000
0.756000, 1.000000
0.756200, 1.000000
0.756400, 1.000000
0.756600, 1.000000
0.756800, 1.000000
0.757000, 1.000000
0.757200, 1.000000
0.757400, 1.000000
0.757600, 1.000000
0.757800, 1.000000
0.758000, 1.000000
0.758200, 1.000000
0.758400, 1.000000
0.758600, 1.000000
0.758800, 1.000000
0.759000, 1.000000
0.759200, 1.000000
0.759400, 1.000000
0.759600, 1.000000
0.759800, 1.000000
0.760000, 1.000000
0.760200, 1.000000
0.760400, 1.000000
0.760600, 1.000000
0.760800, 1.000000
0.761000, 1.000000
0.761200, 1.000000
0.761400, 1.000000
0.761600, 1.000000
0.761800, 1.000000
0.762000, 1.000000
0.762200, 1.000000
0.762400, 1.000000
0.762600, 1.000000
0.762800, 1.000000
0.763000, 1.000000
0.763200, 1.000000
0.763400, 1.000000
0.763600, 1.000000
0.763800, 1.000000
0.764000, 1.000000
0.764200, 1.000000
0.764400, 1.000000
0.764600, 1.000000
0.764800, 1.000000
0.765000, 1.000000
0.765200, 1.000000
0.765400, 1.000000
0.765600, 1.000000
0.765800, 1.000000
0.766000, 1.000000
0.766200, 1.000000
0.766400, 1.000000
0.766600, 1.000000
0.766800, 1.000000
0.767000, 1.000000
0.767200, 1.000000
0.767400, 1.000000
0.767600, 1.000000
0.767800, 1.000000
0.768000, 1.000000
0.768200, 1.000000
0.768400, 1.000000
0.768600, 1.000000
0.768800, 1.000000
0.769000, 1.000000
0.769200, 1.000000
0.769400, 1.000000
0.769600, 1.000000
0.769800, 1.000000
0.770000, 1.000000
0.770200, 1.000000
0.770400, 1.000000
0.770600, 1.000000
0.770800, 1.000000
0.771000, 1.000000
0.771200, 1.000000
0.771400, 1.000000
0.771600, 1.000000
0.771800, 1.000000
0.772000, 1.000000
0.772200, 1.000000
0.772400, 1.000000
0.772600, 1.000000
0.772800, 1.000000
0.773000, 1.000000
0.773200, 1.000000
0.773400, 1.000000
0.773600, 1.000000
0.773800, 1.000000
0.774000, 1.000000
0.774200, 1.000000
0.774400, 1.000000
0.774600, 1.000000
0.774800, 1.000000
0.775000, 1.000000
0.775200, 1.000000
0.775400, 1.000000
0.775600, 1.000000
0.775800, 1.000000
0.776000, 1.000000
0.776200, 1.000000
0.776400, 1.000000
0.776600, 1.000000
0.776800, 1.000000
0.777000, 1.000000
0.777200, 1.000000
0.777400, 1.000000
0.777600, 1.000000
0.777800, 1.000000
0.778000, 1.000000
0.778200, 1.000000
0.778400, 1.000000
0.778600, 1.000000
0.778800, 1.000000
0.779000, 1.000000
0.779200, 1.000000
0.779400, 1.000000
0.779600, 1.000000
0.779800, 1.000000
0.780000, 1.000000
0.780200, 1.000000
0.780400, 1.000000
0.780600, 1.000000
0.780800, 1.000000
0.781000, 1.000000
0.781200, 1.000000
0.781400, 1.000000
0.781600, 1.000000
0.781800, 1.000000
0.782000, 1.000000
0.782200, 1.000000
0.782400, 1.000000
0.782600, 1.000000
0.782800, 1.000000
0.783000, 1.000000
0.783200, 1.000000
0.783400, 1.000000
0.783600, 1.000000
0.783800, 1.000000
0.784000, 1.000000
0.784200, 1.000000
0.784400, 1.000000
0.784600, 1.000000
0.784800, 1.000000
0.785000, 1.000000
0.785200, 1.000000
0.785400, 1.000000
0.785600, 1.000000
0.785800, 1.000000
0.786000, 1.000000
0.786200, 1.000000
0.786400, 1.000000
0.786600, 1.000000
0.786800, 1.000000
0.787000, 1.000000
0.787200, 1.000000
0.787400, 1.000000
0.787600, 1.000000
0.787800, 1.000000
0.788000, 1.000000
0.788200, 1.000000
0.788400, 1.000000
0.788600, 1.000000
0.788800, 1.000000
0.789000, 1.000000
0.789200, 1.000000
0.789400, 1.000000
0.789600, 1.000000
0.789800, 1.000000
0.790000, 1.000000
0.790200, 1.000000
0.790400, 1.000000
0.790600, 1.000000
0.790800, 1.000000
0.791000, 1.000000
0.791200, 1.000000
0.791400, 1.000000
0.791600, 1.000000
0.791800, 1.000000
0.792000, 1.000000
0.792200, 1.000000
0.792400, 1.000000
0.792600, 1.000000
0.792800, 1.000000
0.793000, 1.000000
0.793200, 1.000000
0.793400, 1.000000
0.793600, 1.000000
0.793800, 1.000000
0.794000, 1.000000
0.794200, 1.000000
0.794400, 1.000000
0.794600, 1.000000
0.794800, 1.000000
0.795000, 1.000000
0.795200, 1.000000
0.795400, 1.000000
0.795600, 1.000000
0.795800, 1.000000
0.796000, 1.000000
0.796200, 1.000000
0.796400, 1.000000
0.796600, 1.000000
0.796800, 1.000000
0.797000, 1.000000
0.797200, 1.000000
0.797400, 1.000000
0.797600, 1.000000
0.797800, 1.000000
0.798000, 1.000000
0.798200, 1.000000
0.798400, 1.000000
0.798600, 1.000000
0.798800, 1.000000
0.799000, 1.000000
0.799200, 1.000000
0.799400, 1.000000
0.799600, 1.000000
0.799800, 1.000000
0.800000, 1.000000
0.800200, 1.000000
0.800400, 1.000000
0.800600, 1.000000
0.800800, 1.000000
0.801000, 1.000000
0.801200, 1.000000
0.801400, 1.000000
0.801600, 1.000000
0.801800, 1.000000
0.802000, 1.000000
0.802200, 1.000000
0.802400, 1.000000
0.802600, 1.000000
0.802800, 1.000000
0.803000, 1.000000
0.803200, 1.000000
0.803400, 1.000000
0.803600, 1.000000
0.803800, 1.000000
0.804000, 1.000000
0.804200, 1.000000
0.804400, 1.000000
0.804600, 1.000000
0.804800, 1.000000
0.805000, 1.000000
0.805200, 1.000000
0.805400, 1.000000
0.805600, 1.000000
0.805800, 1.000000
0.806000, 1.000000
0.806200, 1.000000
0.806400, 1.000000
0.806600, 1.000000
0.806800, 1.000000
0.807000, 1.000000
0.807200, 1.000000
0.807400, 1.000000
0.807600, 1.000000
0.807800, 1.000000
0.808000, 1.000000
0.808200, 1.000000
0.808400, 1.000000
0.808600, 1.000000
0.808800, 1.000000
0.809000, 1.000000
0.809200, 1.000000
0.809400, 1.000000
0.809600, 1.000000
0.809800, 1.000000
0.810000, 1.000000
0.810200, 1.000000
0.810400, 1.000000
0.810600, 1.000000
0.810800, 1.000000
0.811000, 1.000000
0.811200, 1.000000
0.811400, 1.000000
0.811600, 1.000000
0.811800, 1.000000
0.812000, 1.000000
0.812200, 1.000000
0.812400, 1.000000
0.812600, 1.000000
0.812800, 1.000000
0.813000, 1.000000
0.813200, 1.000000
0.813400, 1.000000
0.813600, 1.000000
0.813800, 1.000000
0.814000, 1.000000
0.814200, 1.000000
0.814400, 1.000000
0.814600, 1.000000
0.814800, 1.000000
0.815000, 1.000000
0.815200, 1.000000
0.815400, 1.000000
0.815600, 1.000000
0.815800, 1.000000
0.816000, 1.000000
0.816200, 1.000000
0.816400, 1.000000
0.816600, 1.000000
0.816800, 1.000000
0.817000, 1.000000
0.817200, 1.000000
0.817400, 1.000000
0.817600, 1.000000
0.817800, 1.000000
0.818000, 1.000000
0.818200, 1.000000
0.818400, 1.000000
0.818600, 1.000000
0.818800, 1.000000
0.819000, 1.000000
0.819200, 1.000000
0.819400, 1.000000
0.819600, 1.000000
0.819800, 1.000000
0.820000, 1.000000
0.820200, 1.000000
0.820400, 1.000000
0.820600, 1.000000
0.820800, 1.000000
0.821000, 1.000000
0.821200, 1.000000
0.821400, 1.000000
0.821600, 1.000000
0.821800, 1.000000
0.822000, 1.000000
0.822200, 1.000000
0.822400, 1.000000
0.822600, 1.000000
0.822800, 1.000000
0.823000, 1.000000
0.823200, 1.000000
0.823400, 1.000000
0.823600, 1.000000
0.823800, 1.000000
0.824000, 1.000000
0.824200, 1.000000
0.824400, 1.000000
0.824600, 1.000000
0.824800, 1.000000
0.825000, 1.000000
0.825200, 1.000000
0.825400, 1.000000
0.825600, 1.000000
0.825800, 1.000000
0.826000, 1.000000
0.826200, 1.000000
0.826400, 1.000000
0.826600, 1.000000
0.826800, 1.000000
0.827000, 1.000000
0.827200, 1.000000
0.827400, 1.000000
0.827600, 1.000000
0.827800, 1.000000
0.828000, 1.000000
0.828200, 1.000000
0.828400, 1.000000
0.828600, 1.000000
0.828800, 1.000000
0.829000, 1.000000
0.829200, 1.000000
0.829400, 1.000000
0.829600, 1.000000
0.829800, 1.000000
0.830000, 1.000000
0.830200, 1.000000
0.830400, 1.000000
0.830600, 1.000000
0.830800, 1.000000
0.831000, 1.000000
0.831200, 1.000000
0.831400, 1.000000
0.831600, 1.000000
0.831800, 1.000000
0.832000, 1.000000
0.832200, 1.000000
0.832400, 1.000000
0.832600, 1.000000
0.832800, 1.000000
0.833000, 1.000000
0.833200, 1.000000
0.833400, 1.000000
0.833600, 1.000000
0.833800, 1.000000
0.834000, 1.000000
0.834200, 1.000000
0.834400, 1.000000
0.834600, 1.000000
0.834800, 1.000000
0.835000, 1.000000
0.835200, 1.000000
0.835400, 1.000000
0.835600, 1.000000
0.835800, 1.000000
0.836000, 1.000000
0.836200, 1.000000
0.836400, 1.000000
0.836600, 1.000000
0.836800, 1.000000
0.837000, 1.000000
0.837200, 1.000000
0.837400, 1.000000
0.837600, 1.000000
0.837800, 1.000000
0.838000, 1.000000
0.838200, 1.000000
0.838400, 1.000000
0.838600, 1.000000
0.838800, 1.000000
0.839000, 1.000000
0.839200, 1.000000
0.839400, 1.000000
0.839600, 1.000000
0.839800, 1.000000
0.840000, 1.000000
0.840200, 1.000000
0.840400, 1.000000
0.840600, 1.000000
0.840800, 1.000000
0.841000, 1.000000
0.841200, 1.000000
0.841400, 1.000000
0.841600, 1.000000
0.841800, 1.000000
0.842000, 1.000000
0.842200, 1.000000
0.842400, 1.000000
0.842600, 1.000000
0.842800, 1.000000
0.843000, 1.000000
0.843200, 1.000000
0.843400, 1.000000
0.843600, 1.000000
0.843800, 1.000000
0.844000, 1.000000
0.844200, 1.000000
0.844400, 1.000000
0.844600, 1.000000
0.844800, 1.000000
0.845000, 1.000000
0.845200, 1.000000
0.845400, 1.000000
0.845600, 1.000000
0.845800, 1.000000
0.846000, 1.000000
0.846200, 1.000000
0.846400, 1.000000
0.846600, 1.000000
0.846800, 1.000000
0.847000, 1.000000
0.847200, 1.000000
0.847400, 1.000000
0.847600, 1.000000
0.847800, 1.000000
0.848000, 1.000000
0.848200, 1.000000
0.848400, 1.000000
0.848600, 1.000000
0.848800, 1.000000
0.849000, 1.000000
0.849200, 1.000000
0.849400, 1.000000
0.849600, 1.000000
0.849800, 1.000000
0.850000, 1.000000
0.850200, 1.000000
0.850400, 1.000000
0.850600, 1.000000
0.850800, 1.000000
0.851000, 1.000000
0.851200, 1.000000
0.851400, 1.000000
0.851600, 1.000000
0.851800, 1.000000
0.852000, 1.000000
0.852200, 1.000000
0.852400, 1.000000
0.852600, 1.000000
0.852800, 1.000000
0.853000, 1.000000
0.853200, 1.000000
0.853400, 1.000000
0.853600, 1.000000
0.853800, 1.000000
0.854000, 1.000000
0.854200, 1.000000
0.854400, 1.000000
0.854600, 1.000000
0.854800, 1.000000
0.855000, 1.000000
0.855200, 1.000000
0.855400, 1.000000
0.855600, 1.000000
0.855800, 1.000000
0.856000, 1.000000
0.856200, 1.000000
0.856400, 1.000000
0.856600, 1.000000
0.856800, 1.000000
0.857000, 1.000000
0.857200, 1.000000
0.857400, 1.000000
0.857600, 1.000000
0.857800, 1.000000
0.858000, 1.000000
0.858200, 1.000000
0.858400, 1.000000
0.858600, 1.000000
0.858800, 1.000000
0.859000, 1.000000
0.859200, 1.000000
0.859400, 1.000000
0.859600, 1.000000
0.859800, 1.000000
0.860000, 1.000000
0.860200, 1.000000
0.860400, 1.000000
0.860600, 1.000000
0.860800, 1.000000
0.861000, 1.000000
0.861200, 1.000000
0.861400, 1.000000
0.861600, 1.000000
0.861800, 1.000000
0.862000, 1.000000
0.862200, 1.000000
0.862400, 1.000000
0.862600, 1.000000
0.862800, 1.000000
0.863000, 1.000000
0.863200, 1.000000
0.863400, 1.000000
0.863600, 1.000000
0.863800, 1.000000
0.864000, 1.000000
0.864200, 1.000000
0.864400, 1.000000
0.864600, 1.000000
0.864800, 1.000000
0.865000, 1.000000
0.865200, 1.000000
0.865400, 1.000000
0.865600, 1.000000
0.865800, 1.000000
0.866000, 1.000000
0.866200, 1.000000
0.866400, 1.000000
0.866600, 1.000000
0.866800, 1.000000
0.867000, 1.000000
0.867200, 1.000000
0.867400, 1.000000
0.867600, 1.000000
0.867800, 1.000000
0.868000, 1.000000
0.868200, 1.000000
0.868400, 1.000000
0.868600, 1.000000
0.868800, 1.000000
0.869000, 1.000000
0.869200, 1.000000
0.869400, 1.000000
0.869600, 1.000000
0.869800, 1.000000
0.870000, 1.000000
0.870200, 1.000000
0.870400, 1.000000
0.870600, 1.000000
0.870800, 1.000000
0.871000, 1.000000
0.871200, 1.000000
0.871400, 1.000000
0.871600, 1.000000
0.871800, 1.000000
0.872000, 1.000000
0.872200, 1.000000
0.872400, 1.000000
0.872600, 1.000000
0.872800, 1.000000
0.873000, 1.000000
0.873200, 1.000000
0.873400, 1.000000
0.873600, 1.000000
0.873800, 1.000000
0.874000, 1.000000
0.874200, 1.000000
0.874400, 1.000000
0.874600, 1.000000
0.874800, 1.000000
0.875000, 1.000000
0.875200, 1.000000
0.875400, 1.000000
0.875600, 1.000000
0.875800, 1.000000
0.876000, 1.000000
0.876200, 1.000000
0.876400, 1.000000
0.876600, 1.000000
0.876800, 1.000000
0.877000, 1.000000
0.877200, 1.000000
0.877400, 1.000000
0.877600, 1.000000
0.877800, 1.000000
0.878000, 1.000000
0.878200, 1.000000
0.878400, 1.000000
0.878600, 1.000000
0.878800, 1.000000
0.879000, 1.000000
0.879200, 1.000000
0.879400, 1.000000
0.879600, 1.000000
0.879800, 1.000000
0.880000, 1.000000
0.880200, 1.000000
0.880400, 1.000000
0.880600, 1.000000
0.880800, 1.000000
0.881000, 1.000000
0.881200, 1.000000
0.881400, 1.000000
0.881600, 1.000000
0.881800, 1.000000
0.882000, 1.000000
0.882200, 1.000000
0.882400, 1.000000
0.882600, 1.000000
0.882800, 1.000000
0.883000, 1.000000
0.883200, 1.000000
0.883400, 1.000000
0.883600, 1.000000
0.883800, 1.000000
0.884000, 1.000000
0.884200, 1.000000
0.884400, 1.000000
0.884600, 1.000000
0.884800, 1.000000
0.885000, 1.000000
0.885200, 1.000000
0.885400, 1.000000
0.885600, 1.000000
0.885800, 1.000000
0.886000, 1.000000
0.886200, 1.000000
0.886400, 1.000000
0.886600, 1.000000
0.886800, 1.000000
0.887000, 1.000000
0.887200, 1.000000
0.887400, 1.000000
0.887600, 1.000000
0.887800, 1.000000
0.888000, 1.000000
0.888200, 1.000000
0.888400, 1.000000
0.888600, 1.000000
0.888800, 1.000000
0.889000, 1.000000
0.889200, 1.000000
0.889400, 1.000000
0.889600, 1.000000
0.889800, 1.000000
0.890000, 1.000000
0.890200, 1.000000
0.890400, 1.000000
0.890600, 1.000000
0.890800, 1.000000
0.891000, 1.000000
0.891200, 1.000000
0.891400, 1.000000
0.891600, 1.000000
0.891800, 1.000000
0.892000, 1.000000
0.892200, 1.000000
0.892400, 1.000000
0.892600, 1.000000
0.892800, 1.000000
0.893000, 1.000000
0.893200, 1.000000
0.893400, 1.000000
0.893600, 1.000000
0.893800, 1.000000
0.894000, 1.000000
0.894200, 1.000000
0.894400, 1.000000
0.894600, 1.000000
0.894800, 1.000000
0.895000, 1.000000
0.895200, 1.000000
0.895400, 1.000000
0.895600, 1.000000
0.895800, 1.000000
0.896000, 1.000000
0.896200, 1.000000
0.896400, 1.000000
0.896600, 1.000000
0.896800, 1.000000
0.897000, 1.000000
0.897200, 1.000000
0.897400, 1.000000
0.897600, 1.000000
0.897800, 1.000000
0.898000, 1.000000
0.898200, 1.000000
0.898400, 1.000000
0.898600, 1.000000
0.898800, 1.000000
0.899000, 1.000000
0.899200, 1.000000
0.899400, 1.000000
0.899600, 1.000000
0.899800, 1.000000
0.900000, 1.000000
0.900200, 1.000000
0.900400, 1.000000
0.900600, 1.000000
0.900800, 1.000000
0.901000, 1.000000
0.901200, 1.000000
0.901400, 1.000000
0.901600, 1.000000
0.901800, 1.000000
0.902000, 1.000000
0.902200, 1.000000
0.902400, 1.000000
0.902600, 1.000000
0.902800, 1.000000
0.903000, 1.000000
0.903200, 1.000000
0.903400, 1.000000
0.903600, 1.000000
0.903800, 1.000000
0.904000, 1.000000
0.904200, 1.000000
0.904400, 1.000000
0.904600, 1.000000
0.904800, 1.000000
0.905000, 1.000000
0.905200, 1.000000
0.905400, 1.000000
0.905600, 1.000000
0.905800, 1.000000
0.906000, 1.000000
0.906200, 1.000000
0.906400, 1.000000
0.906600, 1.000000
0.906800, 1.000000
0.907000, 1.000000
0.907200, 1.000000
0.907400, 1.000000
0.907600, 1.000000
0.907800, 1.000000
0.908000, 1.000000
0.908200, 1.000000
0.908400, 1.000000
0.908600, 1.000000
0.908800, 1.000000
0.909000, 1.000000
0.909200, 1.000000
0.909400, 1.000000
0.909600, 1.000000
0.909800, 1.000000
0.910000, 1.000000
0.910200, 1.000000
0.910400, 1.000000
0.910600, 1.000000
0.910800, 1.000000
0.911000, 1.000000
0.911200, 1.000000
0.911400, 1.000000
0.911600, 1.000000
0.911800, 1.000000
0.912000, 1.000000
0.912200, 1.000000
0.912400, 1.000000
0.912600, 1.000000
0.912800, 1.000000
0.913000, 1.000000
0.913200, 1.000000
0.913400, 1.000000
0.913600, 1.000000
0.913800, 1.000000
0.914000, 1.000000
0.914200, 1.000000
0.914400, 1.000000
0.914600, 1.000000
0.914800, 1.000000
0.915000, 1.000000
0.915200, 1.000000
0.915400, 1.000000
0.915600, 1.000000
0.915800, 1.000000
0.916000, 1.000000
0.916200, 1.000000
0.916400, 1.000000
0.916600, 1.000000
0.916800, 1.000000
0.917000, 1.000000
0.917200, 1.000000
0.917400, 1.000000
0.917600, 1.000000
0.917800, 1.000000
0.918000, 1.000000
0.918200, 1.000000
0.918400, 1.000000
0.918600, 1.000000
0.918800, 1.000000
0.919000, 1.000000
0.919200, 1.000000
0.919400, 1.000000
0.919600, 1.000000
0.919800, 1.000000
0.920000, 1.000000
0.920200, 1.000000
0.920400, 1.000000
0.920600, 1.000000
0.920800, 1.000000
0.921000, 1.000000
0.921200, 1.000000
0.921400, 1.000000
0.921600, 1.000000
0.921800, 1.000000
0.922000, 1.000000
0.922200, 1.000000
0.922400, 1.000000
0.922600, 1.000000
0.922800, 1.000000
0.923000, 1.000000
0.923200, 1.000000
0.923400, 1.000000
0.923600, 1.000000
0.923800, 1.000000
0.924000, 1.000000
0.924200, 1.000000
0.924400, 1.000000
0.924600, 1.000000
0.924800, 1.000000
0.925000, 1.000000
0.925200, 1.000000
0.925400, 1.000000
0.925600, 1.000000
0.925800, 1.000000
0.926000, 1.000000
0.926200, 1.000000
0.926400, 1.000000
0.926600, 1.000000
0.926800, 1.000000
0.927000, 1.000000
0.927200, 1.000000
0.927400, 1.000000
0.927600, 1.000000
0.927800, 1.000000
0.928000, 1.000000
0.928200, 1.000000
0.928400, 1.000000
0.928600, 1.000000
0.928800, 1.000000
0.929000, 1.000000
0.929200, 1.000000
0.929400, 1.000000
0.929600, 1.000000
0.929800, 1.000000
0.930000, 1.000000
0.930200, 1.000000
0.930400, 1.000000
0.930600, 1.000000
0.930800, 1.000000
0.931000, 1.000000
0.931200, 1.000000
0.931400, 1.000000
0.931600, 1.000000
0.931800, 1.000000
0.932000, 1.000000
0.932200, 1.000000
0.932400, 1.000000
0.932600, 1.000000
0.932800, 1.000000
0.933000, 1.000000
0.933200, 1.000000
0.933400, 1.000000
0.933600, 1.000000
0.933800, 1.000000
0.934000, 1.000000
0.934200, 1.000000
0.934400, 1.000000
0.934600, 1.000000
0.934800, 1.000000
0.935000, 1.000000
0.935200, 1.000000
0.935400, 1.000000
0.935600, 1.000000
0.935800, 1.000000
0.936000, 1.000000
0.936200, 1.000000
0.936400, 1.000000
0.936600, 1.000000
0.936800, 1.000000
0.937000, 1.000000
0.937200, 1.000000
0.937400, 1.000000
0.937600, 1.000000
0.937800, 1.000000
0.938000, 1.000000
0.938200, 1.000000
0.938400, 1.000000
0.938600, 1.000000
0.938800, 1.000000
0.939000, 1.000000
0.939200, 1.000000
0.939400, 1.000000
0.939600, 1.000000
0.939800, 1.000000
0.940000, 1.000000
0.940200, 1.000000
0.940400, 1.000000
0.940600, 1.000000
0.940800, 1.000000
0.941000, 1.000000
0.941200, 1.000000
0.941400, 1.000000
0.941600, 1.000000
0.941800, 1.000000
0.942000, 1.000000
0.942200, 1.000000
0.942400, 1.000000
0.942600, 1.000000
0.942800, 1.000000
0.943000, 1.000000
0.943200, 1.000000
0.943400, 1.000000
0.943600, 1.000000
0.943800, 1.000000
0.944000, 1.000000
0.944200, 1.000000
0.944400, 1.000000
0.944600, 1.000000
0.944800, 1.000000
0.945000, 1.000000
0.945200, 1.000000
0.945400, 1.000000
0.945600, 1.000000
0.945800, 1.000000
0.946000, 1.000000
0.946200, 1.000000
0.946400, 1.000000
0.946600, 1.000000
0.946800, 1.000000
0.947000, 1.000000
0.947200, 1.000000
0.947400, 1.000000
0.947600, 1.000000
0.947800, 1.000000
0.948000, 1.000000
0.948200, 1.000000
0.948400, 1.000000
0.948600, 1.000000
0.948800, 1.000000
0.949000, 1.000000
0.949200, 1.000000
0.949400, 1.000000
0.949600, 1.000000
0.949800, 1.000000
0.950000, 1.000000
0.950200, 1.000000
0.950400, 1.000000
0.950600, 1.000000
0.950800, 1.000000
0.951000, 1.000000
0.951200, 1.000000
0.951400, 1.000000
0.951600, 1.000000
0.951800, 1.000000
0.952000, 1.000000
0.952200, 1.000000
0.952400, 1.000000
0.952600, 1.000000
0.952800, 1.000000
0.953000, 1.000000
0.953200, 1.000000
0.953400, 1.000000
0.953600, 1.000000
0.953800, 1.000000
0.954000, 1.000000
0.954200, 1.000000
0.954400, 1.000000
0.954600, 1.000000
0.954800, 1.000000
0.955000, 1.000000
0.955200, 1.000000
0.955400, 1.000000
0.955600, 1.000000
0.955800, 1.000000
0.956000, 1.000000
0.956200, 1.000000
0.956400, 1.000000
0.956600, 1.000000
0.956800, 1.000000
0.957000, 1.000000
0.957200, 1.000000
0.957400, 1.000000
0.957600, 1.000000
0.957800, 1.000000
0.958000, 1.000000
0.958200, 1.000000
0.958400, 1.000000
0.958600, 1.000000
0.958800, 1.000000
0.959000, 1.000000
0.959200, 1.000000
0.959400, 1.000000
0.959600, 1.000000
0.959800, 1.000000
0.960000, 1.000000
0.960200, 1.000000
0.960400, 1.000000
0.960600, 1.000000
0.960800, 1.000000
0.961000, 1.000000
0.961200, 1.000000
0.961400, 1.000000
0.961600, 1.000000
0.961800, 1.000000
0.962000, 1.000000
0.962200, 1.000000
0.962400, 1.000000
0.962600, 1.000000
0.962800, 1.000000
0.963000, 1.000000
0.963200, 1.000000
0.963400, 1.000000
0.963600, 1.000000
0.963800, 1.000000
0.964000, 1.000000
0.964200, 1.000000
0.964400, 1.000000
0.964600, 1.000000
0.964800, 1.000000
0.965000, 1.000000
0.965200, 1.000000
0.965400, 1.000000
0.965600, 1.000000
0.965800, 1.000000
0.966000, 1.000000
0.966200, 1.000000
0.966400, 1.000000
0.966600, 1.000000
0.966800, 1.000000
0.967000, 1.000000
0.967200, 1.000000
0.967400, 1.000000
0.967600, 1.000000
0.967800, 1.000000
0.968000, 1.000000
0.968200, 1.000000
0.968400, 1.000000
0.968600, 1.000000
0.968800, 1.000000
0.969000, 1.000000
0.969200, 1.000000
0.969400, 1.000000
0.969600, 1.000000
0.969800, 1.000000
0.970000, 1.000000
0.970200, 1.000000
0.970400, 1.000000
0.970600, 1.000000
0.970800, 1.000000
0.971000, 1.000000
0.971200, 1.000000
0.971400, 1.000000
0.971600, 1.000000
0.971800, 1.000000
0.972000, 1.000000
0.972200, 1.000000
0.972400, 1.000000
0.972600, 1.000000
0.972800, 1.000000
0.973000, 1.000000
0.973200, 1.000000
0.973400, 1.000000
0.973600, 1.000000
0.973800, 1.000000
0.974000, 1.000000
0.974200, 1.000000
0.974400, 1.000000
0.974600, 1.000000
0.974800, 1.000000
0.975000, 1.000000
0.975200, 1.000000
0.975400, 1.000000
0.975600, 1.000000
0.975800, 1.000000
0.976000, 1.000000
0.976200, 1.000000
0.976400, 1.000000
0.976600, 1.000000
0.976800, 1.000000
0.977000, 1.000000
0.977200, 1.000000
0.977400, 1.000000
0.977600, 1.000000
0.977800, 1.000000
0.978000, 1.000000
0.978200, 1.000000
0.978400, 1.000000
0.978600, 1.000000
0.978800, 1.000000
0.979000, 1.000000
0.979200, 1.000000
0.979400, 1.000000
0.979600, 1.000000
0.979800, 1.000000
0.980000, 1.000000
0.980200, 1.000000
0.980400, 1.000000
0.980600, 1.000000
0.980800, 1.000000
0.981000, 1.000000
0.981200, 1.000000
0.981400, 1.000000
0.981600, 1.000000
0.981800, 1.000000
0.982000, 1.000000
0.982200, 1.000000
0.982400, 1.000000
0.982600, 1.000000
0.982800, 1.000000
0.983000, 1.000000
0.983200, 1.000000
0.983400, 1.000000
0.983600, 1.000000
0.983800, 1.000000
0.984000, 1.000000
0.984200, 1.000000
0.984400, 1.000000
0.984600, 1.000000
0.984800, 1.000000
0.985000, 1.000000
0.985200, 1.000000
0.985400, 1.000000
0.985600, 1.000000
0.985800, 1.000000
0.986000, 1.000000
0.986200, 1.000000
0.986400, 1.000000
0.986600, 1.000000
0.986800, 1.000000
0.987000, 1.000000
0.987200, 1.000000
0.987400, 1.000000
0.987600, 1.000000
0.987800, 1.000000
0.988000, 1.000000
0.988200, 1.000000
0.988400, 1.000000
0.988600, 1.000000
0.988800, 1.000000
0.989000, 1.000000
0.989200, 1.000000
0.989400, 1.000000
0.989600, 1.000000
0.989800, 1.000000
0.990000, 1.000000
0.990200, 1.000000
0.990400, 1.000000
0.990600, 1.000000
0.990800, 1.000000
0.991000, 1.000000
0.991200, 1.000000
0.991400, 1.000000
0.991600, 1.000000
0.991800, 1.000000
0.992000, 1.000000
0.992200, 1.000000
0.992400, 1.000000
0.992600, 1.000000
0.992800, 1.000000
0.993000, 1.000000
0.993200, 1.000000
0.993400, 1.000000
0.993600, 1.000000
0.993800, 1.000000
0.994000, 1.000000
0.994200, 1.000000
0.994400, 1.000000
0.994600, 1.000000
0.994800, 1.000000
0.995000, 1.000000
0.995200, 1.000000
0.995400, 1.000000
0.995600, 1.000000
0.995800, 1.000000
0.996000, 1.000000
0.996200, 1.000000
0.996400, 1.000000
0.996600, 1.000000
0.996800, 1.000000
0.997000, 1.000000
0.997200, 1.000000
0.997400, 1.000000
0.997600, 1.000000
0.997800, 1.000000
0.998000, 1.000000
0.998200, 1.000000
0.998400, 1.000000
0.998600, 1.000000
0.998800, 1.000000
0.999000, 1.000000
0.999200, 1.000000
0.999400, 1.000000
0.999600, 1.000000
0.999800, 1.000000
1.000000, 1.000000
