0.0304 0.9662254901957248 0.013431372549019644
0.0912 0.012549019607843163 0.003186274509803925
0.152 7.352941176470587E-4 0.002745098039215689
0.2128 2.941176470588235E-4 0.0
0.2736 0.0 0.0
0.3344 4.901960784313725E-5 0.0
0.3952 4.901960784313725E-5 0.0
0.456 0.0 0.0
0.5168 0.0 0.0
0.5776 0.0 0.0
0.6384 0.0 0.0
0.6992 0.0 0.0
0.76 0.0 0.0
0.8208 0.0 0.0
0.8816 0.0 0.0
0.9424 4.901960784313725E-5 0.0
1.0032 4.901960784313725E-5 0.0
1.064 0.0 0.0
1.1248 4.901960784313725E-5 0.0
1.1856 0.0 0.0
1.2464 9.80392156862745E-5 0.0
1.3072 0.0 0.0
1.368 0.0 0.0
1.4288 0.0 0.0
1.4896 0.0 0.0
1.5504 0.0 0.0
1.6112 0.0 0.0
1.672 4.901960784313725E-5 0.0
1.7328 4.901960784313725E-5 0.0
1.7936 0.0 0.0
1.8544 0.0 0.0
1.9152 0.0 0.0
1.976 0.0 0.0
2.0368 0.0 0.0
2.0976 0.0 0.0
2.1584 0.0 0.0
2.2192 4.901960784313725E-5 4.901960784313725E-5
2.28 0.0 0.0
2.3408 0.0 0.0
2.4016 0.0 0.0
2.4624 0.0 0.0
2.5232 0.0 0.0
2.584 0.0 4.901960784313725E-5
2.6448 0.0 0.0
2.7056 0.0 0.0
2.7664 0.0 0.0
2.8272 0.0 0.0
2.888 0.0 4.901960784313725E-5
2.9488 0.0 0.0
3.0096 0.0 0.0
3.0704 0.0 9.80392156862745E-5
3.1312 0.0 0.0
3.192 0.0 0.0
3.2528 0.0 0.0
3.3136 0.0 0.0
3.3744 0.0 0.0
3.4352 0.0 0.0
3.496 0.0 0.0
3.5568 0.0 0.0
3.6176 0.0 0.0
3.6784 0.0 0.0
3.7392 0.0 0.0
3.8 0.0 0.0
3.8608 0.0 0.0
3.9216 0.0 0.0
3.9824 0.0 0.0
4.0432 0.0 0.0
4.104 0.0 0.0
4.1648 0.0 0.0
4.2256 0.0 0.0
4.2864 0.0 0.0
4.3472 4.901960784313725E-5 0.0
