# ROCAUC: 0.33949850000000004
# False Positive Rate True Positive Rate
0.0 0.0
5.0E-5 0.0
5.0E-5 0.01
1.0E-4 0.01
1.0E-4 0.0125
9.5E-4 0.0125
9.5E-4 0.015
0.0011 0.015
0.0011 0.0175
0.0012000000000000001 0.0175
0.0012000000000000001 0.025
0.00125 0.025
0.00125 0.0375
0.0013000000000000002 0.0375
0.0013000000000000002 0.05
0.00135 0.05
0.00135 0.0625
0.0014 0.0625
0.0014 0.11
0.0014500000000000001 0.11
0.0014500000000000001 0.1125
0.0015 0.1125
0.0015 0.115
0.0015500000000000002 0.115
0.0015500000000000002 0.12
0.0016 0.12
0.0016 0.1225
0.00165 0.1225
0.00165 0.1525
0.0017000000000000001 0.1525
0.0017000000000000001 0.155
0.00175 0.155
0.00175 0.1575
0.0018000000000000002 0.1575
0.0018000000000000002 0.185
0.00185 0.185
0.00185 0.1875
0.0019500000000000001 0.1875
0.0019500000000000001 0.1975
0.002 0.1975
0.002 0.2225
0.00205 0.2225
0.00205 0.23
0.0021000000000000003 0.23
0.0021000000000000003 0.255
0.00215 0.255
0.00215 0.265
0.00235 0.265
0.00235 0.2725
0.0024000000000000002 0.2725
0.0024000000000000002 0.275
0.00245 0.275
0.00245 0.2775
0.00255 0.2775
0.00255 0.28
0.0026000000000000003 0.28
0.0026000000000000003 0.28500000000000003
0.0027 0.28500000000000003
0.0027 0.28750000000000003
0.0037500000000000003 0.28750000000000003
0.0037500000000000003 0.2925
0.00385 0.2925
0.00385 0.295
0.0039000000000000003 0.295
0.0039000000000000003 0.2975
0.00395 0.2975
0.00395 0.305
0.004 0.305
0.004 0.3075
0.00405 0.3075
0.00405 0.31
0.00935 0.31
0.00935 0.3125
0.01405 0.3125
0.01405 0.315
0.03875 0.315
0.03875 0.3175
0.055200000000000006 0.3175
0.055200000000000006 0.32
0.84265 0.32
0.84265 0.3225
0.8653500000000001 0.3225
0.8653500000000001 0.36
0.8731500000000001 0.36
0.8731500000000001 0.445
0.8946000000000001 0.445
0.8946000000000001 0.4475
0.993 0.4475
0.993 1.0
1.0 1.0
