0.032 0.9622549019604328 0.013431372549019644
0.096 0.01617647058823537 0.004852941176470586
0.16 8.823529411764703E-4 0.0010784313725490195
0.224 9.80392156862745E-5 0.0
0.28800000000000003 3.4313725490196074E-4 0.0
0.352 1.96078431372549E-4 0.0
0.41600000000000004 0.0 0.0
0.48 0.0 0.0
0.544 0.0 0.0
0.608 0.0 0.0
0.672 0.0 0.0
0.736 0.0 0.0
0.8 0.0 0.0
0.864 0.0 0.0
0.928 4.901960784313725E-5 0.0
0.992 0.0 0.0
1.056 4.901960784313725E-5 0.0
1.12 9.80392156862745E-5 0.0
1.184 0.0 0.0
1.248 0.0 0.0
1.312 4.901960784313725E-5 0.0
1.3760000000000001 0.0 0.0
1.44 0.0 0.0
1.504 0.0 0.0
1.568 0.0 0.0
1.6320000000000001 0.0 0.0
1.696 4.901960784313725E-5 0.0
1.76 0.0 0.0
1.824 0.0 0.0
1.8880000000000001 0.0 0.0
1.952 0.0 0.0
2.016 0.0 0.0
2.08 0.0 0.0
2.144 4.901960784313725E-5 0.0
2.208 0.0 0.0
2.2720000000000002 0.0 0.0
2.336 0.0 0.0
2.4 0.0 4.901960784313725E-5
2.464 0.0 0.0
2.528 0.0 0.0
2.592 4.901960784313725E-5 9.80392156862745E-5
2.656 0.0 0.0
2.72 0.0 4.901960784313725E-5
2.7840000000000003 0.0 0.0
2.848 0.0 0.0
2.912 0.0 0.0
2.976 0.0 0.0
3.04 0.0 0.0
3.104 0.0 0.0
3.168 0.0 0.0
3.232 0.0 0.0
3.2960000000000003 0.0 4.901960784313725E-5
3.36 0.0 0.0
3.424 4.901960784313725E-5 0.0
