# ROCAUC: 0.899811875
# False Positive Rate True Positive Rate
0.0 0.0
5.0E-5 0.0
5.0E-5 0.01
1.0E-4 0.01
1.0E-4 0.0125
0.0014 0.0125
0.0014 0.015
0.0015500000000000002 0.015
0.0015500000000000002 0.0225
0.00165 0.0225
0.00165 0.035
0.0017000000000000001 0.035
0.0017000000000000001 0.0375
0.00175 0.0375
0.00175 0.0425
0.0018000000000000002 0.0425
0.0018000000000000002 0.0525
0.00185 0.0525
0.00185 0.06
0.0019500000000000001 0.06
0.0019500000000000001 0.0675
0.002 0.0675
0.002 0.0725
0.00205 0.0725
0.00205 0.075
0.0021000000000000003 0.075
0.0021000000000000003 0.08
0.00215 0.08
0.00215 0.0825
0.0022 0.0825
0.0022 0.0925
0.0023 0.0925
0.0023 0.095
0.0025 0.095
0.0025 0.0975
0.00265 0.0975
0.00265 0.1
0.0027 0.1
0.0027 0.105
0.0027500000000000003 0.105
0.0027500000000000003 0.115
0.0028 0.115
0.0028 0.12
0.00295 0.12
0.00295 0.1325
0.003 0.1325
0.003 0.135
0.0032500000000000003 0.135
0.0032500000000000003 0.1375
0.00335 0.1375
0.00335 0.14
0.00365 0.14
0.00365 0.14250000000000002
0.0038 0.14250000000000002
0.0038 0.155
0.0039000000000000003 0.155
0.0039000000000000003 0.16
0.00395 0.16
0.00395 0.17500000000000002
0.00405 0.17500000000000002
0.00405 0.1775
0.0041 0.1775
0.0041 0.18
0.00415 0.18
0.00415 0.19
0.00425 0.19
0.00425 0.195
0.0043 0.195
0.0043 0.2
0.004350000000000001 0.2
0.004350000000000001 0.2125
0.0044 0.2125
0.0044 0.225
0.00445 0.225
0.00445 0.23
0.0045000000000000005 0.23
0.0045000000000000005 0.2325
0.00455 0.2325
0.00455 0.2425
0.0046 0.2425
0.0046 0.25
0.0046500000000000005 0.25
0.0046500000000000005 0.2775
0.0047 0.2775
0.0047 0.28250000000000003
0.0049 0.28250000000000003
0.0049 0.28500000000000003
0.005 0.28500000000000003
0.005 0.29
0.00515 0.29
0.00515 0.295
0.005350000000000001 0.295
0.005350000000000001 0.2975
0.0054 0.2975
0.0054 0.3075
0.00545 0.3075
0.00545 0.31
0.0055000000000000005 0.31
0.0055000000000000005 0.3125
0.014100000000000001 0.3125
0.014100000000000001 0.315
0.029400000000000003 0.315
0.029400000000000003 0.3175
0.03435 0.3175
0.03435 0.32
0.11760000000000001 0.32
0.11760000000000001 0.3225
0.1456 0.3225
0.1456 1.0
1.0 1.0
