# ROCAUC: 0.3597265
# False Positive Rate True Positive Rate
0.0 0.0
0.0 0.01
4.0E-4 0.01
4.0E-4 0.015
5.0E-4 0.015
5.0E-4 0.02
0.0024000000000000002 0.02
0.0024000000000000002 0.1
0.0025 0.1
0.0025 0.105
0.0026000000000000003 0.105
0.0026000000000000003 0.115
0.0027 0.115
0.0027 0.125
0.0029000000000000002 0.125
0.0029000000000000002 0.145
0.0031000000000000003 0.145
0.0031000000000000003 0.155
0.0032 0.155
0.0032 0.165
0.0033 0.165
0.0033 0.17
0.0038 0.17
0.0038 0.185
0.004 0.185
0.004 0.2
0.0041 0.2
0.0041 0.22
0.004200000000000001 0.22
0.004200000000000001 0.23500000000000001
0.0047 0.23500000000000001
0.0047 0.24
0.0048000000000000004 0.24
0.0048000000000000004 0.245
0.005 0.245
0.005 0.26
0.0051 0.26
0.0051 0.27
0.0053 0.27
0.0053 0.275
0.0054 0.275
0.0054 0.28
0.0105 0.28
0.0105 0.28500000000000003
0.060500000000000005 0.28500000000000003
0.060500000000000005 0.29
0.4822 0.29
0.4822 0.35000000000000003
0.512 0.35000000000000003
0.512 0.36
0.807 0.36
0.807 0.375
0.8158000000000001 0.375
0.8158000000000001 0.46
0.9695 0.46
0.9695 1.0
1.0 1.0
