PR-AUC score 0.026524
0.000000, 0.027793
0.775000, 0.027793
0.780000, 0.027768
0.780000, 0.027694
0.785000, 0.027626
0.785000, 0.027607
0.785000, 0.027568
0.785000, 0.027486
0.785000, 0.027467
0.785000, 0.027462
0.785000, 0.027357
0.785000, 0.027229
0.785000, 0.027172
0.785000, 0.027153
0.785000, 0.027120
0.785000, 0.027116
0.785000, 0.027050
0.785000, 0.027032
0.785000, 0.027018
0.785000, 0.027008
0.785000, 0.026976
0.785000, 0.026953
0.785000, 0.026948
0.785000, 0.026902
0.785000, 0.026879
0.785000, 0.026865
0.785000, 0.026861
0.785000, 0.026856
0.785000, 0.026851
0.785000, 0.026838
0.785000, 0.026810
0.785000, 0.026783
0.785000, 0.026723
0.785000, 0.026646
0.785000, 0.026633
0.785000, 0.026628
0.785000, 0.026624
0.785000, 0.026615
0.785000, 0.026592
0.785000, 0.026579
0.785000, 0.026574
0.785000, 0.026561
0.785000, 0.026556
0.785000, 0.026511
0.785000, 0.026489
0.785000, 0.026471
0.785000, 0.026458
0.785000, 0.026449
0.790000, 0.026555
0.790000, 0.026528
0.790000, 0.026523
0.790000, 0.026515
0.790000, 0.026506
0.790000, 0.026479
0.790000, 0.026466
0.790000, 0.026430
0.790000, 0.026421
0.790000, 0.026417
0.790000, 0.026413
0.790000, 0.026404
0.790000, 0.026399
0.790000, 0.026373
0.790000, 0.026347
0.790000, 0.026342
0.790000, 0.026333
0.790000, 0.026294
0.790000, 0.026281
0.790000, 0.026255
0.790000, 0.026241
0.790000, 0.026233
0.790000, 0.026228
0.795000, 0.026373
0.795000, 0.026368
0.795000, 0.026346
0.795000, 0.026342
0.795000, 0.026325
0.795000, 0.026311
0.795000, 0.026255
0.795000, 0.026238
0.795000, 0.026233
0.795000, 0.026220
0.795000, 0.026216
0.795000, 0.026207
0.795000, 0.026181
0.795000, 0.026169
0.795000, 0.026164
0.795000, 0.026160
0.795000, 0.026151
0.795000, 0.026147
0.795000, 0.026143
0.795000, 0.026138
0.795000, 0.026130
0.795000, 0.026108
0.795000, 0.026078
0.795000, 0.026061
0.795000, 0.026053
0.795000, 0.026036
0.795000, 0.026031
0.795000, 0.026014
0.795000, 0.026010
0.795000, 0.025997
0.795000, 0.025985
0.795000, 0.025980
0.795000, 0.025976
0.795000, 0.025963
0.795000, 0.025951
0.795000, 0.025942
0.795000, 0.025938
0.795000, 0.025930
0.795000, 0.025921
0.795000, 0.025908
0.795000, 0.025896
0.795000, 0.025892
0.795000, 0.025887
0.795000, 0.025883
0.795000, 0.025879
0.795000, 0.025875
0.795000, 0.025870
0.795000, 0.025854
0.795000, 0.025849
0.795000, 0.025837
0.795000, 0.025824
0.795000, 0.025820
0.795000, 0.025816
0.795000, 0.025807
0.795000, 0.025803
0.795000, 0.025787
0.795000, 0.025778
0.795000, 0.025774
0.795000, 0.025762
0.795000, 0.025757
0.795000, 0.025753
0.795000, 0.025745
0.795000, 0.025741
0.795000, 0.025732
0.795000, 0.025724
0.795000, 0.025720
0.795000, 0.025716
0.795000, 0.025712
0.795000, 0.025707
0.795000, 0.025695
0.795000, 0.025687
0.795000, 0.025682
0.795000, 0.025678
0.795000, 0.025662
0.795000, 0.025658
0.795000, 0.025649
0.795000, 0.025645
0.795000, 0.025637
0.795000, 0.025633
0.795000, 0.025629
0.795000, 0.025624
0.795000, 0.025616
0.795000, 0.025604
0.795000, 0.025600
0.795000, 0.025587
0.795000, 0.025579
0.795000, 0.025575
0.795000, 0.025571
0.795000, 0.025567
0.795000, 0.025559
0.795000, 0.025550
0.795000, 0.025546
0.795000, 0.025542
0.795000, 0.025538
0.795000, 0.025534
0.795000, 0.025530
0.795000, 0.025522
0.795000, 0.025518
0.795000, 0.025513
0.795000, 0.025497
0.795000, 0.025489
0.795000, 0.025485
0.795000, 0.025473
0.795000, 0.025464
0.795000, 0.025440
0.795000, 0.025432
0.795000, 0.025412
0.795000, 0.025403
0.795000, 0.025399
0.795000, 0.025395
0.795000, 0.025391
0.795000, 0.025387
0.800000, 0.025543
0.800000, 0.025539
0.800000, 0.025531
0.800000, 0.025518
0.800000, 0.025514
0.800000, 0.025502
0.800000, 0.025498
0.800000, 0.025494
0.800000, 0.025490
0.800000, 0.025486
0.800000, 0.025482
0.800000, 0.025478
0.800000, 0.025474
0.800000, 0.025470
0.800000, 0.025461
0.800000, 0.025457
0.800000, 0.025453
0.800000, 0.025449
0.800000, 0.025437
0.800000, 0.025433
0.800000, 0.025429
0.800000, 0.025425
0.800000, 0.025413
0.800000, 0.025409
0.800000, 0.025405
0.800000, 0.025393
0.800000, 0.025389
0.800000, 0.025381
0.800000, 0.025377
0.800000, 0.025369
0.800000, 0.025365
0.800000, 0.025361
0.800000, 0.025357
0.800000, 0.025349
0.800000, 0.025345
0.800000, 0.025341
0.800000, 0.025337
0.800000, 0.025332
0.800000, 0.025316
0.800000, 0.025308
0.800000, 0.025304
0.800000, 0.025296
0.800000, 0.025292
0.800000, 0.025288
0.800000, 0.025284
0.800000, 0.025280
0.800000, 0.025276
0.800000, 0.025268
0.800000, 0.025264
0.800000, 0.025253
0.800000, 0.025241
0.800000, 0.025225
0.800000, 0.025221
0.800000, 0.025209
0.800000, 0.025205
0.800000, 0.025201
0.800000, 0.025197
0.800000, 0.025193
0.800000, 0.025185
0.800000, 0.025181
0.800000, 0.025169
0.800000, 0.025165
0.800000, 0.025161
0.805000, 0.025314
0.805000, 0.025310
0.805000, 0.025307
0.805000, 0.025303
0.805000, 0.025299
0.805000, 0.025295
0.805000, 0.025291
0.805000, 0.025287
0.805000, 0.025279
0.805000, 0.025275
0.805000, 0.025271
0.805000, 0.025267
0.805000, 0.025251
0.805000, 0.025247
0.805000, 0.025243
0.805000, 0.025239
0.805000, 0.025231
0.805000, 0.025227
0.805000, 0.025223
0.805000, 0.025215
0.805000, 0.025207
0.805000, 0.025204
0.805000, 0.025200
0.805000, 0.025196
0.805000, 0.025188
0.805000, 0.025184
0.805000, 0.025176
0.810000, 0.025328
0.810000, 0.025320
0.810000, 0.025316
0.810000, 0.025309
0.810000, 0.025305
0.810000, 0.025301
0.810000, 0.025297
0.810000, 0.025289
0.810000, 0.025285
0.810000, 0.025281
0.810000, 0.025277
0.810000, 0.025273
0.810000, 0.025269
0.810000, 0.025265
0.810000, 0.025261
0.810000, 0.025257
0.810000, 0.025253
0.810000, 0.025249
0.810000, 0.025245
0.810000, 0.025242
0.810000, 0.025238
0.810000, 0.025234
0.810000, 0.025226
0.810000, 0.025222
0.810000, 0.025218
0.810000, 0.025214
0.810000, 0.025206
0.810000, 0.025202
0.810000, 0.025198
0.810000, 0.025194
0.810000, 0.025190
0.810000, 0.025187
0.810000, 0.025183
0.810000, 0.025179
0.810000, 0.025175
0.810000, 0.025167
0.810000, 0.025163
0.810000, 0.025159
0.810000, 0.025155
0.810000, 0.025151
0.810000, 0.025147
0.810000, 0.025144
0.810000, 0.025140
0.810000, 0.025136
0.810000, 0.025124
0.810000, 0.025116
0.810000, 0.025112
0.810000, 0.025108
0.810000, 0.025105
0.810000, 0.025101
0.810000, 0.025097
0.810000, 0.025093
0.810000, 0.025089
0.810000, 0.025085
0.810000, 0.025081
0.810000, 0.025077
0.810000, 0.025074
0.810000, 0.025066
0.810000, 0.025062
0.810000, 0.025058
0.810000, 0.025054
0.810000, 0.025050
0.810000, 0.025043
0.810000, 0.025039
0.810000, 0.025035
0.810000, 0.025031
0.810000, 0.025027
0.810000, 0.025023
0.810000, 0.025015
0.810000, 0.025012
0.810000, 0.025008
0.810000, 0.025000
0.810000, 0.024996
0.810000, 0.024992
0.810000, 0.024988
0.810000, 0.024985
0.810000, 0.024981
0.810000, 0.024977
0.810000, 0.024973
0.810000, 0.024969
0.810000, 0.024958
0.810000, 0.024954
0.810000, 0.024950
0.810000, 0.024938
0.810000, 0.024931
0.810000, 0.024927
0.810000, 0.024923
0.810000, 0.024919
0.810000, 0.024915
0.810000, 0.024912
0.810000, 0.024896
0.810000, 0.024892
0.810000, 0.024889
0.810000, 0.024885
0.810000, 0.024881
0.810000, 0.024866
0.810000, 0.024862
0.810000, 0.024858
0.810000, 0.024854
0.810000, 0.024850
0.810000, 0.024847
0.810000, 0.024843
0.810000, 0.024835
0.810000, 0.024831
0.810000, 0.024828
0.810000, 0.024824
0.810000, 0.024820
0.810000, 0.024816
0.810000, 0.024812
0.810000, 0.024805
0.810000, 0.024801
0.810000, 0.024797
0.810000, 0.024793
0.810000, 0.024790
0.810000, 0.024786
0.810000, 0.024782
0.810000, 0.024774
0.810000, 0.024771
0.810000, 0.024759
0.810000, 0.024756
0.810000, 0.024752
0.810000, 0.024748
0.810000, 0.024744
0.810000, 0.024740
0.810000, 0.024737
0.810000, 0.024733
0.810000, 0.024729
0.810000, 0.024722
0.810000, 0.024718
0.810000, 0.024710
0.810000, 0.024699
0.810000, 0.024695
0.810000, 0.024691
0.810000, 0.024688
0.810000, 0.024684
0.810000, 0.024680
0.810000, 0.024676
0.810000, 0.024669
0.810000, 0.024661
0.810000, 0.024658
0.810000, 0.024639
0.810000, 0.024635
0.810000, 0.024631
0.810000, 0.024628
0.810000, 0.024624
0.810000, 0.024620
0.810000, 0.024616
0.810000, 0.024613
0.810000, 0.024605
0.810000, 0.024601
0.810000, 0.024598
0.810000, 0.024594
0.810000, 0.024590
0.810000, 0.024583
0.810000, 0.024579
0.810000, 0.024572
0.810000, 0.024568
0.810000, 0.024564
0.810000, 0.024557
0.810000, 0.024553
0.810000, 0.024549
0.810000, 0.024542
0.810000, 0.024534
0.810000, 0.024531
0.810000, 0.024523
0.810000, 0.024519
0.810000, 0.024516
0.810000, 0.024512
0.810000, 0.024508
0.810000, 0.024505
0.810000, 0.024501
0.810000, 0.024497
0.810000, 0.024493
0.810000, 0.024490
0.810000, 0.024486
0.810000, 0.024482
0.810000, 0.024479
0.810000, 0.024475
0.810000, 0.024471
0.810000, 0.024468
0.810000, 0.024464
0.810000, 0.024460
0.810000, 0.024457
0.810000, 0.024453
0.810000, 0.024449
0.810000, 0.024438
0.810000, 0.024427
0.810000, 0.024423
0.810000, 0.024420
0.810000, 0.024416
0.810000, 0.024412
0.810000, 0.024409
0.810000, 0.024405
0.810000, 0.024401
0.810000, 0.024398
0.810000, 0.024394
0.810000, 0.024387
0.810000, 0.024383
0.810000, 0.024379
0.810000, 0.024376
0.810000, 0.024372
0.810000, 0.024368
0.810000, 0.024365
0.810000, 0.024361
0.810000, 0.024350
0.810000, 0.024346
0.810000, 0.024335
0.810000, 0.024332
0.810000, 0.024328
0.810000, 0.024317
0.810000, 0.024310
0.810000, 0.024306
0.810000, 0.024299
0.810000, 0.024295
0.810000, 0.024291
0.810000, 0.024288
0.810000, 0.024273
0.810000, 0.024270
0.810000, 0.024266
0.810000, 0.024262
0.810000, 0.024259
0.810000, 0.024255
0.810000, 0.024251
0.810000, 0.024248
0.810000, 0.024244
0.810000, 0.024237
0.810000, 0.024233
0.810000, 0.024230
0.810000, 0.024226
0.810000, 0.024222
0.810000, 0.024219
0.810000, 0.024215
0.810000, 0.024212
0.810000, 0.024208
0.810000, 0.024204
0.810000, 0.024197
0.810000, 0.024194
0.810000, 0.024190
0.810000, 0.024175
0.810000, 0.024172
0.810000, 0.024168
0.810000, 0.024165
0.810000, 0.024161
0.810000, 0.024157
0.810000, 0.024150
0.815000, 0.024296
0.815000, 0.024292
0.815000, 0.024288
0.815000, 0.024281
0.815000, 0.024274
0.815000, 0.024270
0.815000, 0.024267
0.815000, 0.024263
0.815000, 0.024260
0.815000, 0.024256
0.815000, 0.024249
0.815000, 0.024245
0.815000, 0.024242
0.815000, 0.024238
0.815000, 0.024234
0.815000, 0.024231
0.815000, 0.024227
0.815000, 0.024224
0.815000, 0.024220
0.815000, 0.024216
0.815000, 0.024213
0.815000, 0.024209
0.815000, 0.024206
0.815000, 0.024202
0.815000, 0.024195
0.815000, 0.024191
0.815000, 0.024188
0.815000, 0.024180
0.815000, 0.024177
0.815000, 0.024173
0.815000, 0.024170
0.815000, 0.024166
0.815000, 0.024162
0.815000, 0.024159
0.815000, 0.024155
0.815000, 0.024148
0.815000, 0.024145
0.815000, 0.024141
0.815000, 0.024137
0.815000, 0.024130
0.815000, 0.024127
0.815000, 0.024123
0.815000, 0.024120
0.815000, 0.024116
0.815000, 0.024112
0.815000, 0.024109
0.815000, 0.024102
0.815000, 0.024098
0.815000, 0.024095
0.815000, 0.024087
0.815000, 0.024084
0.815000, 0.024073
0.815000, 0.024070
0.815000, 0.024066
0.815000, 0.024059
0.815000, 0.024048
0.815000, 0.024045
0.815000, 0.024041
0.815000, 0.024038
0.815000, 0.024034
0.815000, 0.024031
0.815000, 0.024027
0.815000, 0.024024
0.815000, 0.024020
0.815000, 0.024017
0.815000, 0.024009
0.815000, 0.024006
0.815000, 0.024002
0.815000, 0.023999
0.815000, 0.023992
0.815000, 0.023988
0.815000, 0.023981
0.815000, 0.023978
0.815000, 0.023974
0.815000, 0.023967
0.815000, 0.023964
0.815000, 0.023960
0.815000, 0.023956
0.815000, 0.023949
0.815000, 0.023946
0.815000, 0.023942
0.815000, 0.023939
0.815000, 0.023935
0.815000, 0.023928
0.815000, 0.023925
0.815000, 0.023918
0.815000, 0.023914
0.815000, 0.023911
0.815000, 0.023907
0.815000, 0.023900
0.815000, 0.023897
0.815000, 0.023893
0.815000, 0.023890
0.815000, 0.023886
0.815000, 0.023883
0.815000, 0.023879
0.815000, 0.023876
0.815000, 0.023872
0.815000, 0.023858
0.815000, 0.023855
0.815000, 0.023848
0.815000, 0.023844
0.815000, 0.023841
0.815000, 0.023837
0.815000, 0.023834
0.815000, 0.023827
0.815000, 0.023823
0.815000, 0.023813
0.815000, 0.023810
0.815000, 0.023806
0.815000, 0.023803
0.815000, 0.023799
0.815000, 0.023796
0.815000, 0.023792
0.820000, 0.023935
0.820000, 0.023931
0.820000, 0.023928
0.820000, 0.023924
0.820000, 0.023921
0.820000, 0.023917
0.820000, 0.023914
0.820000, 0.023907
0.820000, 0.023903
0.820000, 0.023900
0.820000, 0.023896
0.820000, 0.023889
0.820000, 0.023886
0.820000, 0.023882
0.820000, 0.023875
0.820000, 0.023872
0.820000, 0.023868
0.820000, 0.023865
0.820000, 0.023861
0.820000, 0.023855
0.820000, 0.023851
0.820000, 0.023848
0.820000, 0.023844
0.820000, 0.023841
0.820000, 0.023837
0.820000, 0.023827
0.820000, 0.023823
0.820000, 0.023820
0.820000, 0.023816
0.825000, 0.023958
0.825000, 0.023955
0.825000, 0.023951
0.825000, 0.023948
0.825000, 0.023944
0.825000, 0.023941
0.825000, 0.023937
0.825000, 0.023934
0.825000, 0.023930
0.825000, 0.023927
0.825000, 0.023920
0.825000, 0.023917
0.825000, 0.023910
0.825000, 0.023906
0.825000, 0.023903
0.825000, 0.023899
0.825000, 0.023896
0.825000, 0.023892
0.825000, 0.023889
0.825000, 0.023885
0.825000, 0.023882
0.825000, 0.023878
0.825000, 0.023875
0.825000, 0.023872
0.825000, 0.023868
0.825000, 0.023865
0.825000, 0.023861
0.825000, 0.023858
0.825000, 0.023854
0.825000, 0.023851
0.825000, 0.023847
0.825000, 0.023844
0.825000, 0.023834
0.825000, 0.023830
0.825000, 0.023823
0.825000, 0.023820
0.825000, 0.023816
0.825000, 0.023806
0.825000, 0.023803
0.825000, 0.023799
0.825000, 0.023796
0.825000, 0.023792
0.825000, 0.023785
0.825000, 0.023779
0.825000, 0.023775
0.825000, 0.023772
0.825000, 0.023762
0.825000, 0.023758
0.825000, 0.023755
0.825000, 0.023751
0.825000, 0.023748
0.825000, 0.023744
0.825000, 0.023741
0.825000, 0.023738
0.825000, 0.023734
0.825000, 0.023724
0.825000, 0.023721
0.825000, 0.023717
0.825000, 0.023714
0.825000, 0.023710
0.825000, 0.023707
0.825000, 0.023703
0.825000, 0.023700
0.825000, 0.023697
0.825000, 0.023693
0.825000, 0.023686
0.825000, 0.023683
0.825000, 0.023680
0.825000, 0.023676
0.825000, 0.023673
0.825000, 0.023669
0.825000, 0.023666
0.825000, 0.023659
0.825000, 0.023656
0.825000, 0.023653
0.825000, 0.023649
0.825000, 0.023646
0.825000, 0.023642
0.825000, 0.023636
0.825000, 0.023632
0.825000, 0.023629
0.825000, 0.023625
0.825000, 0.023622
0.825000, 0.023619
0.825000, 0.023615
0.825000, 0.023612
0.825000, 0.023602
0.825000, 0.023598
0.825000, 0.023595
0.825000, 0.023592
0.825000, 0.023588
0.825000, 0.023585
0.825000, 0.023582
0.825000, 0.023578
0.825000, 0.023571
0.825000, 0.023568
0.825000, 0.023565
0.825000, 0.023561
0.825000, 0.023558
0.825000, 0.023555
0.825000, 0.023551
0.825000, 0.023548
0.825000, 0.023545
0.825000, 0.023541
0.825000, 0.023538
0.825000, 0.023534
0.825000, 0.023531
0.825000, 0.023528
0.825000, 0.023524
0.825000, 0.023521
0.825000, 0.023518
0.825000, 0.023514
0.825000, 0.023511
0.825000, 0.023508
0.825000, 0.023504
0.825000, 0.023498
0.825000, 0.023494
0.825000, 0.023491
0.825000, 0.023488
0.825000, 0.023484
0.825000, 0.023481
0.825000, 0.023474
0.825000, 0.023454
0.825000, 0.023447
0.825000, 0.023444
0.825000, 0.023441
0.825000, 0.023438
0.825000, 0.023434
0.825000, 0.023431
0.825000, 0.023428
0.825000, 0.023424
0.825000, 0.023421
0.825000, 0.023418
0.825000, 0.023411
0.825000, 0.023408
0.825000, 0.023404
0.825000, 0.023401
0.825000, 0.023398
0.825000, 0.023394
0.825000, 0.023391
0.825000, 0.023388
0.825000, 0.023384
0.825000, 0.023378
0.825000, 0.023374
0.825000, 0.023371
0.825000, 0.023368
0.825000, 0.023364
0.825000, 0.023358
0.825000, 0.023355
0.825000, 0.023351
0.825000, 0.023348
0.825000, 0.023345
0.825000, 0.023341
0.825000, 0.023338
0.825000, 0.023335
0.825000, 0.023331
0.825000, 0.023328
0.825000, 0.023325
0.825000, 0.023322
0.825000, 0.023318
0.825000, 0.023315
0.825000, 0.023312
0.825000, 0.023308
0.825000, 0.023305
0.825000, 0.023302
0.825000, 0.023299
0.825000, 0.023295
0.825000, 0.023292
0.825000, 0.023289
0.825000, 0.023282
0.825000, 0.023275
0.825000, 0.023272
0.825000, 0.023269
0.825000, 0.023266
0.825000, 0.023262
0.825000, 0.023259
0.825000, 0.023256
0.825000, 0.023253
0.825000, 0.023249
0.825000, 0.023246
0.825000, 0.023239
0.825000, 0.023236
0.825000, 0.023233
0.825000, 0.023230
0.825000, 0.023223
0.825000, 0.023220
0.825000, 0.023217
0.825000, 0.023213
0.825000, 0.023210
0.825000, 0.023207
0.825000, 0.023203
0.825000, 0.023200
0.825000, 0.023197
0.825000, 0.023194
0.825000, 0.023190
0.825000, 0.023187
0.825000, 0.023184
0.825000, 0.023177
0.825000, 0.023174
0.825000, 0.023171
0.825000, 0.023168
0.830000, 0.023305
0.830000, 0.023302
0.830000, 0.023298
0.830000, 0.023295
0.830000, 0.023292
0.830000, 0.023288
0.830000, 0.023285
0.830000, 0.023282
0.830000, 0.023279
0.830000, 0.023275
0.830000, 0.023272
0.830000, 0.023269
0.830000, 0.023266
0.830000, 0.023259
0.830000, 0.023256
0.830000, 0.023253
0.830000, 0.023249
0.830000, 0.023246
0.830000, 0.023243
0.830000, 0.023240
0.830000, 0.023233
0.830000, 0.023230
0.830000, 0.023227
0.830000, 0.023220
0.830000, 0.023217
0.830000, 0.023214
0.830000, 0.023210
0.830000, 0.023207
0.830000, 0.023204
0.830000, 0.023201
0.830000, 0.023197
0.830000, 0.023194
0.830000, 0.023191
0.830000, 0.023188
0.830000, 0.023184
0.830000, 0.023181
0.830000, 0.023178
0.830000, 0.023175
0.830000, 0.023171
0.830000, 0.023168
0.830000, 0.023165
0.830000, 0.023162
0.830000, 0.023158
0.830000, 0.023155
0.830000, 0.023152
0.830000, 0.023149
0.830000, 0.023146
0.830000, 0.023142
0.830000, 0.023139
0.830000, 0.023136
0.830000, 0.023133
0.830000, 0.023129
0.830000, 0.023126
0.830000, 0.023123
0.830000, 0.023120
0.830000, 0.023117
0.830000, 0.023113
0.830000, 0.023110
0.830000, 0.023107
0.830000, 0.023104
0.830000, 0.023100
0.830000, 0.023097
0.830000, 0.023094
0.830000, 0.023091
0.830000, 0.023088
0.830000, 0.023084
0.830000, 0.023081
0.830000, 0.023078
0.830000, 0.023075
0.830000, 0.023072
0.830000, 0.023068
0.830000, 0.023065
0.830000, 0.023062
0.830000, 0.023059
0.830000, 0.023056
0.830000, 0.023049
0.830000, 0.023046
0.830000, 0.023043
0.830000, 0.023040
0.830000, 0.023036
0.830000, 0.023033
0.830000, 0.023030
0.830000, 0.023024
0.830000, 0.023020
0.830000, 0.023017
0.830000, 0.023014
0.830000, 0.023011
0.830000, 0.023008
0.830000, 0.023004
0.830000, 0.023001
0.830000, 0.022995
0.830000, 0.022992
0.830000, 0.022989
0.830000, 0.022985
0.830000, 0.022982
0.830000, 0.022976
0.830000, 0.022973
0.830000, 0.022969
0.830000, 0.022966
0.830000, 0.022963
0.830000, 0.022960
0.830000, 0.022957
0.830000, 0.022950
0.830000, 0.022947
0.830000, 0.022916
0.830000, 0.022912
0.830000, 0.022909
0.830000, 0.022906
0.830000, 0.022903
0.830000, 0.022900
0.830000, 0.022897
0.830000, 0.022890
0.830000, 0.022887
0.830000, 0.022884
0.830000, 0.022881
0.830000, 0.022878
0.830000, 0.022868
0.830000, 0.022865
0.830000, 0.022862
0.830000, 0.022859
0.830000, 0.022856
0.830000, 0.022852
0.830000, 0.022846
0.830000, 0.022843
0.830000, 0.022840
0.830000, 0.022837
0.830000, 0.022834
0.830000, 0.022827
0.830000, 0.022824
0.830000, 0.022821
0.830000, 0.022818
0.830000, 0.022815
0.830000, 0.022808
0.830000, 0.022805
0.830000, 0.022802
0.830000, 0.022799
0.830000, 0.022796
0.830000, 0.022793
0.830000, 0.022790
0.830000, 0.022787
0.830000, 0.022783
0.830000, 0.022780
0.830000, 0.022777
0.830000, 0.022774
0.830000, 0.022771
0.830000, 0.022768
0.830000, 0.022765
0.830000, 0.022762
0.830000, 0.022758
0.830000, 0.022755
0.830000, 0.022752
0.830000, 0.022749
0.830000, 0.022746
0.830000, 0.022743
0.830000, 0.022740
0.830000, 0.022678
0.830000, 0.022674
0.830000, 0.022671
0.830000, 0.022668
0.830000, 0.022665
0.830000, 0.022662
0.830000, 0.022659
0.830000, 0.022656
0.830000, 0.022653
0.830000, 0.022650
0.830000, 0.022647
0.830000, 0.022637
0.830000, 0.022634
0.830000, 0.022631
0.830000, 0.022628
0.830000, 0.022625
0.830000, 0.022622
0.830000, 0.022619
0.830000, 0.022610
0.830000, 0.022607
0.830000, 0.022603
0.830000, 0.022600
0.830000, 0.022594
0.830000, 0.022591
0.830000, 0.022588
0.830000, 0.022585
0.830000, 0.022582
0.830000, 0.022579
0.830000, 0.022576
0.830000, 0.022573
0.830000, 0.022570
0.830000, 0.022567
0.830000, 0.022564
0.830000, 0.022560
0.830000, 0.022557
0.830000, 0.022554
0.830000, 0.022551
0.830000, 0.022548
0.830000, 0.022545
0.830000, 0.022542
0.830000, 0.022539
0.830000, 0.022533
0.830000, 0.022530
0.830000, 0.022527
0.830000, 0.022524
0.830000, 0.022521
0.830000, 0.022518
0.830000, 0.022515
0.830000, 0.022512
0.830000, 0.022508
0.830000, 0.022505
0.830000, 0.022502
0.830000, 0.022499
0.830000, 0.022496
0.830000, 0.022493
0.830000, 0.022490
0.830000, 0.022487
0.830000, 0.022484
0.830000, 0.022481
0.830000, 0.022478
0.830000, 0.022475
0.830000, 0.022469
0.830000, 0.022466
0.830000, 0.022463
0.830000, 0.022460
0.830000, 0.022457
0.830000, 0.022454
0.835000, 0.022586
0.835000, 0.022583
0.835000, 0.022580
0.835000, 0.022577
0.835000, 0.022574
0.835000, 0.022571
0.835000, 0.022568
0.835000, 0.022565
0.835000, 0.022561
0.835000, 0.022558
0.835000, 0.022555
0.835000, 0.022552
0.835000, 0.022546
0.835000, 0.022540
0.835000, 0.022537
0.835000, 0.022534
0.835000, 0.022531
0.835000, 0.022528
0.835000, 0.022525
0.835000, 0.022522
0.835000, 0.022519
0.840000, 0.022651
0.840000, 0.022648
0.840000, 0.022645
0.840000, 0.022642
0.840000, 0.022638
0.840000, 0.022635
0.840000, 0.022632
0.840000, 0.022629
0.840000, 0.022626
0.840000, 0.022623
0.840000, 0.022620
0.840000, 0.022617
0.840000, 0.022614
0.840000, 0.022611
0.840000, 0.022608
0.840000, 0.022605
0.840000, 0.022602
0.840000, 0.022599
0.840000, 0.022596
0.840000, 0.022593
0.840000, 0.022590
0.840000, 0.022587
0.840000, 0.022584
0.840000, 0.022581
0.840000, 0.022578
0.840000, 0.022575
0.840000, 0.022572
0.840000, 0.022569
0.840000, 0.022565
0.840000, 0.022562
0.840000, 0.022559
0.840000, 0.022556
0.840000, 0.022553
0.840000, 0.022550
0.840000, 0.022547
0.840000, 0.022544
0.840000, 0.022541
0.840000, 0.022538
0.840000, 0.022535
0.840000, 0.022532
0.840000, 0.022529
0.840000, 0.022526
0.840000, 0.022523
0.840000, 0.022520
0.845000, 0.022651
0.845000, 0.022648
0.845000, 0.022645
0.845000, 0.022642
0.845000, 0.022636
0.845000, 0.022633
0.845000, 0.022630
0.845000, 0.022627
0.845000, 0.022624
0.845000, 0.022621
0.845000, 0.022618
0.845000, 0.022615
0.845000, 0.022612
0.845000, 0.022609
0.845000, 0.022606
0.845000, 0.022603
0.845000, 0.022600
0.845000, 0.022597
0.845000, 0.022594
0.845000, 0.022591
0.845000, 0.022588
0.845000, 0.022585
0.845000, 0.022582
0.845000, 0.022578
0.845000, 0.022575
0.845000, 0.022572
0.845000, 0.022569
0.845000, 0.022566
0.845000, 0.022563
0.845000, 0.022560
0.845000, 0.022557
0.845000, 0.022554
0.845000, 0.022551
0.845000, 0.022548
0.845000, 0.022545
0.845000, 0.022542
0.845000, 0.022539
0.845000, 0.022536
0.845000, 0.022533
0.845000, 0.022530
0.845000, 0.022527
0.845000, 0.022524
0.845000, 0.022521
0.845000, 0.022518
0.845000, 0.022515
0.845000, 0.022512
0.845000, 0.022506
0.845000, 0.022503
0.845000, 0.022500
0.845000, 0.022497
0.845000, 0.022494
0.845000, 0.022491
0.845000, 0.022488
0.845000, 0.022485
0.845000, 0.022482
0.845000, 0.022479
0.845000, 0.022476
0.845000, 0.022473
0.845000, 0.022470
0.845000, 0.022467
0.845000, 0.022464
0.845000, 0.022461
0.845000, 0.022458
0.845000, 0.022455
0.845000, 0.022453
0.845000, 0.022450
0.845000, 0.022447
0.845000, 0.022444
0.845000, 0.022441
0.845000, 0.022438
0.845000, 0.022435
0.845000, 0.022432
0.845000, 0.022429
0.845000, 0.022426
0.845000, 0.022420
0.845000, 0.022417
0.845000, 0.022414
0.845000, 0.022411
0.845000, 0.022408
0.845000, 0.022405
0.845000, 0.022402
0.845000, 0.022399
0.845000, 0.022396
0.845000, 0.022393
0.845000, 0.022390
0.845000, 0.022387
0.845000, 0.022384
0.845000, 0.022378
0.845000, 0.022375
0.845000, 0.022372
0.845000, 0.022369
0.845000, 0.022366
0.845000, 0.022363
0.845000, 0.022360
0.845000, 0.022357
0.845000, 0.022354
0.845000, 0.022352
0.845000, 0.022349
0.845000, 0.022290
0.845000, 0.022287
0.845000, 0.022281
0.845000, 0.022278
0.845000, 0.022275
0.845000, 0.022272
0.845000, 0.022269
0.845000, 0.022266
0.850000, 0.022395
0.850000, 0.022392
0.850000, 0.022389
0.850000, 0.022386
0.850000, 0.022380
0.850000, 0.022377
0.850000, 0.022374
0.855000, 0.022503
0.855000, 0.022497
0.855000, 0.022494
0.855000, 0.022491
0.855000, 0.022488
0.855000, 0.022485
0.855000, 0.022482
0.860000, 0.022611
0.860000, 0.022608
0.860000, 0.022605
0.860000, 0.022602
0.860000, 0.022599
0.860000, 0.022596
0.860000, 0.022593
0.860000, 0.022590
0.860000, 0.022587
0.860000, 0.022581
0.860000, 0.022575
0.860000, 0.022572
0.860000, 0.022569
0.860000, 0.022566
0.860000, 0.022563
0.860000, 0.022557
0.865000, 0.022686
0.865000, 0.022683
0.865000, 0.022680
0.865000, 0.022677
0.865000, 0.022674
0.865000, 0.022671
0.865000, 0.022668
0.865000, 0.022665
0.865000, 0.022662
0.865000, 0.022659
0.865000, 0.022656
0.865000, 0.022653
0.865000, 0.022650
0.865000, 0.022638
0.865000, 0.022555
0.865000, 0.022552
0.865000, 0.022550
0.865000, 0.022547
0.865000, 0.022544
0.865000, 0.022538
0.865000, 0.022535
0.865000, 0.022532
0.865000, 0.022529
0.865000, 0.022526
0.865000, 0.022517
0.865000, 0.022514
0.865000, 0.022511
0.865000, 0.022508
0.865000, 0.022506
0.865000, 0.022503
0.865000, 0.022500
0.865000, 0.022497
0.865000, 0.022494
0.865000, 0.022491
0.865000, 0.022488
0.865000, 0.022485
0.865000, 0.022482
0.865000, 0.022479
0.865000, 0.022476
0.865000, 0.022473
0.865000, 0.022470
0.865000, 0.022468
0.865000, 0.022465
0.865000, 0.022462
0.865000, 0.022459
0.865000, 0.022453
0.865000, 0.022450
0.865000, 0.022447
0.865000, 0.022444
0.865000, 0.022441
0.865000, 0.022438
0.865000, 0.022435
0.865000, 0.022433
0.865000, 0.022430
0.865000, 0.022427
0.865000, 0.022424
0.865000, 0.022421
0.865000, 0.022418
0.865000, 0.022415
0.865000, 0.022412
0.865000, 0.022409
0.865000, 0.022406
0.865000, 0.022366
0.865000, 0.022363
0.865000, 0.022360
0.865000, 0.022357
0.865000, 0.022354
0.865000, 0.022351
0.865000, 0.022349
0.865000, 0.022346
0.865000, 0.022343
0.865000, 0.022334
0.865000, 0.022331
0.865000, 0.022328
0.865000, 0.022325
0.865000, 0.022323
0.865000, 0.022311
0.865000, 0.022308
0.865000, 0.022305
0.865000, 0.022302
0.865000, 0.022300
0.865000, 0.022297
0.865000, 0.022294
0.865000, 0.022291
0.865000, 0.022288
0.865000, 0.022285
0.865000, 0.022282
0.865000, 0.022279
0.865000, 0.022277
0.865000, 0.022274
0.865000, 0.022271
0.865000, 0.022268
0.865000, 0.022265
0.865000, 0.022262
0.865000, 0.022257
0.865000, 0.022254
0.865000, 0.022251
0.865000, 0.022248
0.865000, 0.022245
0.865000, 0.022242
0.865000, 0.022239
0.865000, 0.022237
0.865000, 0.022234
0.865000, 0.022231
0.865000, 0.022228
0.865000, 0.022225
0.865000, 0.022222
0.865000, 0.022219
0.865000, 0.022217
0.865000, 0.022214
0.865000, 0.022211
0.865000, 0.022208
0.865000, 0.022205
0.865000, 0.022202
0.865000, 0.022199
0.865000, 0.022197
0.865000, 0.022194
0.865000, 0.022191
0.865000, 0.022188
0.865000, 0.022185
0.870000, 0.022311
0.870000, 0.022308
0.870000, 0.022305
0.870000, 0.022302
0.870000, 0.022299
0.870000, 0.022296
0.870000, 0.022293
0.870000, 0.022291
0.870000, 0.022288
0.870000, 0.022282
0.870000, 0.022276
0.870000, 0.022273
0.870000, 0.022271
0.870000, 0.022268
0.870000, 0.022265
0.870000, 0.022262
0.870000, 0.022253
0.870000, 0.022251
0.870000, 0.022248
0.870000, 0.022245
0.870000, 0.022242
0.870000, 0.022239
0.870000, 0.022236
0.870000, 0.022234
0.870000, 0.022231
0.870000, 0.022228
0.870000, 0.022225
0.870000, 0.022222
0.870000, 0.022219
0.870000, 0.022217
0.870000, 0.022214
0.870000, 0.022211
0.870000, 0.022208
0.870000, 0.022205
0.870000, 0.022202
0.870000, 0.022200
0.870000, 0.022197
0.870000, 0.022194
0.870000, 0.022191
0.870000, 0.022188
0.870000, 0.022185
0.870000, 0.022183
0.870000, 0.022180
0.875000, 0.022304
0.875000, 0.022302
0.875000, 0.022299
0.875000, 0.022296
0.875000, 0.022293
0.875000, 0.022290
0.875000, 0.022287
0.875000, 0.022284
0.875000, 0.022282
0.875000, 0.022279
0.875000, 0.022276
0.875000, 0.022273
0.875000, 0.022270
0.875000, 0.022267
0.875000, 0.022259
0.875000, 0.022256
0.875000, 0.022253
0.875000, 0.022250
0.875000, 0.022248
0.875000, 0.022245
0.875000, 0.022242
0.875000, 0.022239
0.875000, 0.022236
0.875000, 0.022234
0.875000, 0.022231
0.875000, 0.022228
0.875000, 0.022225
0.875000, 0.022222
0.875000, 0.022219
0.875000, 0.022217
0.875000, 0.022214
0.875000, 0.022211
0.875000, 0.022208
0.875000, 0.022205
0.875000, 0.022202
0.875000, 0.022200
0.875000, 0.022197
0.875000, 0.022194
0.875000, 0.022191
0.875000, 0.022188
0.875000, 0.022186
0.880000, 0.022310
0.880000, 0.022307
0.880000, 0.022304
0.880000, 0.022301
0.880000, 0.022290
0.880000, 0.022287
0.880000, 0.022284
0.880000, 0.022281
0.880000, 0.022278
0.880000, 0.022276
0.880000, 0.022273
0.880000, 0.022270
0.880000, 0.022267
0.880000, 0.022264
0.880000, 0.022262
0.880000, 0.022259
0.880000, 0.022256
0.880000, 0.022253
0.880000, 0.022250
0.880000, 0.022248
0.880000, 0.022245
0.880000, 0.022242
0.880000, 0.022239
0.880000, 0.022236
0.880000, 0.022233
0.880000, 0.022231
0.880000, 0.022225
0.880000, 0.022222
0.880000, 0.022219
0.880000, 0.022217
0.880000, 0.022214
0.880000, 0.022211
0.880000, 0.022208
0.880000, 0.022205
0.880000, 0.022203
0.885000, 0.022326
0.885000, 0.022323
0.885000, 0.022320
0.885000, 0.022317
0.885000, 0.022315
0.885000, 0.022312
0.885000, 0.022309
0.885000, 0.022306
0.885000, 0.022303
0.885000, 0.022275
0.885000, 0.022273
0.885000, 0.022270
0.885000, 0.022267
0.885000, 0.022264
0.885000, 0.022261
0.885000, 0.022259
0.885000, 0.022253
0.885000, 0.022250
0.885000, 0.022247
0.885000, 0.022245
0.885000, 0.022242
0.885000, 0.022239
0.885000, 0.022236
0.885000, 0.022233
0.885000, 0.022231
0.885000, 0.022228
0.885000, 0.022225
0.885000, 0.022222
0.885000, 0.022219
0.885000, 0.022217
0.885000, 0.022214
0.885000, 0.022211
0.890000, 0.022334
0.890000, 0.022331
0.890000, 0.022328
0.890000, 0.022325
0.890000, 0.022323
0.890000, 0.022320
0.890000, 0.022317
0.890000, 0.022311
0.890000, 0.022309
0.890000, 0.022306
0.890000, 0.022303
0.890000, 0.022300
0.890000, 0.022297
0.890000, 0.022295
0.890000, 0.022292
0.890000, 0.022289
0.890000, 0.022286
0.890000, 0.022283
0.890000, 0.022281
0.890000, 0.022278
0.890000, 0.022275
0.890000, 0.022272
0.890000, 0.022267
0.890000, 0.022264
0.890000, 0.022258
0.890000, 0.022256
0.890000, 0.022253
0.890000, 0.022250
0.890000, 0.022247
0.890000, 0.022244
0.890000, 0.022242
0.890000, 0.022239
0.890000, 0.022236
0.890000, 0.022233
0.890000, 0.022231
0.890000, 0.022228
0.890000, 0.022225
0.890000, 0.022222
0.890000, 0.022219
0.890000, 0.022217
0.890000, 0.022214
0.890000, 0.022208
0.890000, 0.022206
0.890000, 0.022203
0.890000, 0.022200
0.890000, 0.022197
0.890000, 0.022189
0.890000, 0.022186
0.890000, 0.022183
0.890000, 0.022181
0.890000, 0.022178
0.890000, 0.022175
0.890000, 0.022172
0.890000, 0.022170
0.890000, 0.022167
0.890000, 0.022164
0.890000, 0.022159
0.890000, 0.022156
0.890000, 0.022153
0.890000, 0.022150
0.890000, 0.022148
0.890000, 0.022145
0.890000, 0.022142
0.890000, 0.022139
0.890000, 0.022137
0.890000, 0.022134
0.890000, 0.022131
0.890000, 0.022128
0.890000, 0.022126
0.890000, 0.022123
0.890000, 0.022120
0.890000, 0.022117
0.890000, 0.022115
0.890000, 0.022112
0.890000, 0.022109
0.890000, 0.022106
0.890000, 0.022104
0.890000, 0.022101
0.890000, 0.022098
0.890000, 0.022095
0.890000, 0.022093
0.890000, 0.022087
0.890000, 0.022084
0.890000, 0.022082
0.890000, 0.022079
0.890000, 0.022076
0.890000, 0.022073
0.890000, 0.022071
0.890000, 0.022068
0.890000, 0.022065
0.890000, 0.022062
0.890000, 0.022060
0.890000, 0.022057
0.890000, 0.022054
0.890000, 0.022052
0.890000, 0.022049
0.890000, 0.022046
0.890000, 0.022043
0.890000, 0.022041
0.890000, 0.022032
0.890000, 0.022008
0.890000, 0.022005
0.890000, 0.022002
0.890000, 0.022000
0.890000, 0.021997
0.890000, 0.021994
0.890000, 0.021992
0.890000, 0.021989
0.890000, 0.021986
0.890000, 0.021983
0.890000, 0.021981
0.890000, 0.021978
0.890000, 0.021975
0.890000, 0.021973
0.890000, 0.021970
0.890000, 0.021962
0.890000, 0.021959
0.890000, 0.021956
0.890000, 0.021954
0.890000, 0.021951
0.890000, 0.021948
0.890000, 0.021946
0.890000, 0.021943
0.890000, 0.021940
0.890000, 0.021937
0.890000, 0.021935
0.890000, 0.021932
0.890000, 0.021918
0.890000, 0.021867
0.890000, 0.021865
0.890000, 0.021862
0.890000, 0.021859
0.890000, 0.021857
0.890000, 0.021851
0.890000, 0.021849
0.890000, 0.021843
0.890000, 0.021840
0.890000, 0.021838
0.890000, 0.021835
0.890000, 0.021824
0.890000, 0.021819
0.890000, 0.021816
0.890000, 0.021814
0.890000, 0.021811
0.890000, 0.021808
0.890000, 0.021806
0.890000, 0.021798
0.890000, 0.021795
0.890000, 0.021792
0.890000, 0.021790
0.890000, 0.021787
0.890000, 0.021784
0.890000, 0.021782
0.890000, 0.021779
0.890000, 0.021776
0.890000, 0.021774
0.890000, 0.021771
0.890000, 0.021768
0.890000, 0.021766
0.890000, 0.021763
0.890000, 0.021760
0.890000, 0.021758
0.895000, 0.021877
0.895000, 0.021869
0.895000, 0.021821
0.895000, 0.021819
0.895000, 0.021816
0.895000, 0.021813
0.895000, 0.021811
0.895000, 0.021808
0.895000, 0.021805
0.895000, 0.021803
0.895000, 0.021800
0.895000, 0.021797
0.895000, 0.021795
0.895000, 0.021789
0.895000, 0.021787
0.895000, 0.021784
0.895000, 0.021781
0.895000, 0.021776
0.895000, 0.021774
0.895000, 0.021771
0.895000, 0.021768
0.895000, 0.021766
0.895000, 0.021763
0.895000, 0.021760
0.895000, 0.021758
0.895000, 0.021755
0.895000, 0.021752
0.895000, 0.021750
0.895000, 0.021747
0.895000, 0.021744
0.895000, 0.021742
0.895000, 0.021739
0.895000, 0.021736
0.895000, 0.021734
0.895000, 0.021731
0.895000, 0.021729
0.895000, 0.021726
0.895000, 0.021723
0.895000, 0.021721
0.895000, 0.021718
0.895000, 0.021715
0.895000, 0.021710
0.900000, 0.021829
0.900000, 0.021826
0.900000, 0.021823
0.900000, 0.021821
0.900000, 0.021818
0.900000, 0.021816
0.900000, 0.021813
0.900000, 0.021810
0.900000, 0.021808
0.900000, 0.021805
0.900000, 0.021802
0.900000, 0.021800
0.900000, 0.021797
0.900000, 0.021794
0.900000, 0.021792
0.900000, 0.021786
0.900000, 0.021784
0.900000, 0.021781
0.900000, 0.021779
0.900000, 0.021776
0.900000, 0.021773
0.900000, 0.021771
0.900000, 0.021768
0.900000, 0.021765
0.900000, 0.021763
0.900000, 0.021760
0.900000, 0.021758
0.900000, 0.021755
0.900000, 0.021752
0.900000, 0.021750
0.900000, 0.021747
0.900000, 0.021744
0.900000, 0.021742
0.900000, 0.021739
0.900000, 0.021737
0.900000, 0.021731
0.900000, 0.021729
0.900000, 0.021726
0.900000, 0.021723
0.900000, 0.021721
0.900000, 0.021718
0.900000, 0.021716
0.900000, 0.021713
0.900000, 0.021710
0.900000, 0.021708
0.900000, 0.021705
0.900000, 0.021702
0.900000, 0.021700
0.900000, 0.021697
0.900000, 0.021695
0.900000, 0.021692
0.900000, 0.021689
0.900000, 0.021682
0.900000, 0.021679
0.900000, 0.021676
0.900000, 0.021674
0.900000, 0.021671
0.900000, 0.021668
0.900000, 0.021666
0.900000, 0.021663
0.900000, 0.021661
0.900000, 0.021658
0.900000, 0.021655
0.900000, 0.021629
0.900000, 0.021627
0.900000, 0.021624
0.900000, 0.021622
0.900000, 0.021619
0.900000, 0.021616
0.900000, 0.021614
0.900000, 0.021611
0.900000, 0.021609
0.900000, 0.021593
0.900000, 0.021591
0.900000, 0.021585
0.900000, 0.021583
0.900000, 0.021580
0.900000, 0.021578
0.900000, 0.021575
0.900000, 0.021572
0.900000, 0.021570
0.900000, 0.021567
0.900000, 0.021559
0.900000, 0.021557
0.900000, 0.021521
0.900000, 0.021518
0.900000, 0.021516
0.900000, 0.021513
0.900000, 0.021511
0.900000, 0.021508
0.900000, 0.021505
0.900000, 0.021503
0.900000, 0.021500
0.900000, 0.021498
0.900000, 0.021487
0.900000, 0.021477
0.900000, 0.021475
0.900000, 0.021472
0.900000, 0.021469
0.900000, 0.021467
0.900000, 0.021452
0.900000, 0.021449
0.900000, 0.021446
0.900000, 0.021444
0.900000, 0.021441
0.900000, 0.021439
0.900000, 0.021436
0.900000, 0.021434
0.900000, 0.021429
0.900000, 0.021426
0.900000, 0.021423
0.900000, 0.021416
0.900000, 0.021355
0.900000, 0.021352
0.900000, 0.021350
0.900000, 0.021347
0.900000, 0.021345
0.900000, 0.021342
0.900000, 0.021340
0.900000, 0.021337
0.900000, 0.021335
0.900000, 0.021332
0.900000, 0.021330
0.900000, 0.021327
0.900000, 0.021324
0.900000, 0.021314
0.900000, 0.021312
0.900000, 0.021309
0.900000, 0.021307
0.900000, 0.021304
0.900000, 0.021302
0.900000, 0.021299
0.900000, 0.021297
0.900000, 0.021294
0.900000, 0.021289
0.900000, 0.021277
0.900000, 0.021274
0.900000, 0.021272
0.900000, 0.021269
0.900000, 0.021259
0.900000, 0.021256
0.900000, 0.021254
0.900000, 0.021251
0.900000, 0.021249
0.900000, 0.021246
0.900000, 0.021244
0.900000, 0.021241
0.900000, 0.021239
0.900000, 0.021236
0.900000, 0.021234
0.900000, 0.021231
0.900000, 0.021229
0.900000, 0.021226
0.900000, 0.021224
0.900000, 0.021221
0.900000, 0.021219
0.900000, 0.021216
0.900000, 0.021214
0.900000, 0.021209
0.900000, 0.021206
0.900000, 0.021204
0.900000, 0.021201
0.900000, 0.021199
0.900000, 0.021196
0.900000, 0.021194
0.900000, 0.021191
0.900000, 0.021189
0.900000, 0.021186
0.900000, 0.021184
0.900000, 0.021181
0.900000, 0.021179
0.900000, 0.021176
0.900000, 0.021174
0.900000, 0.021171
0.900000, 0.021169
0.900000, 0.021167
0.900000, 0.021164
0.900000, 0.021162
0.900000, 0.021159
0.900000, 0.021157
0.900000, 0.021154
0.900000, 0.021152
0.900000, 0.021149
0.900000, 0.021147
0.900000, 0.021144
0.900000, 0.021142
0.900000, 0.021139
0.900000, 0.021137
0.900000, 0.021134
0.900000, 0.021132
0.900000, 0.021129
0.900000, 0.021127
0.900000, 0.021124
0.900000, 0.021122
0.900000, 0.021119
0.900000, 0.021117
0.900000, 0.021114
0.900000, 0.021112
0.900000, 0.021109
0.900000, 0.021107
0.900000, 0.021104
0.900000, 0.021100
0.900000, 0.021097
0.900000, 0.021095
0.900000, 0.021092
0.900000, 0.021082
0.900000, 0.021033
0.905000, 0.021147
0.905000, 0.021145
0.905000, 0.021135
0.905000, 0.021133
0.905000, 0.021130
0.905000, 0.021128
0.905000, 0.021123
0.905000, 0.021120
0.905000, 0.021115
0.905000, 0.021110
0.905000, 0.021108
0.905000, 0.021093
0.905000, 0.021091
0.905000, 0.021083
0.905000, 0.021034
0.905000, 0.021032
0.905000, 0.021029
0.905000, 0.021027
0.905000, 0.021025
0.905000, 0.021022
0.905000, 0.021015
0.905000, 0.021012
0.905000, 0.021010
0.905000, 0.021007
0.905000, 0.021005
0.905000, 0.021003
0.905000, 0.021000
0.905000, 0.020998
0.905000, 0.020995
0.905000, 0.020993
0.905000, 0.020988
0.905000, 0.020976
0.905000, 0.020973
0.905000, 0.020971
0.905000, 0.020968
0.905000, 0.020961
0.905000, 0.020959
0.905000, 0.020956
0.905000, 0.020954
0.905000, 0.020951
0.905000, 0.020949
0.905000, 0.020947
0.905000, 0.020944
0.905000, 0.020937
0.905000, 0.020935
0.905000, 0.020932
0.905000, 0.020930
0.905000, 0.020927
0.905000, 0.020925
0.905000, 0.020922
0.905000, 0.020920
0.905000, 0.020918
0.905000, 0.020915
0.905000, 0.020913
0.905000, 0.020910
0.910000, 0.021023
0.910000, 0.021021
0.910000, 0.021019
0.910000, 0.021016
0.910000, 0.021014
0.910000, 0.021011
0.910000, 0.021009
0.910000, 0.021006
0.910000, 0.021004
0.910000, 0.021002
0.910000, 0.020997
0.910000, 0.020992
0.910000, 0.020990
0.910000, 0.020987
0.910000, 0.020985
0.910000, 0.020982
0.910000, 0.020980
0.910000, 0.020977
0.910000, 0.020975
0.910000, 0.020973
0.910000, 0.020970
0.910000, 0.020968
0.910000, 0.020965
0.910000, 0.020958
0.910000, 0.020956
0.910000, 0.020939
0.910000, 0.020936
0.910000, 0.020888
0.910000, 0.020886
0.910000, 0.020884
0.910000, 0.020881
0.910000, 0.020876
0.910000, 0.020874
0.910000, 0.020872
0.910000, 0.020867
0.910000, 0.020864
0.910000, 0.020862
0.910000, 0.020860
0.910000, 0.020855
0.910000, 0.020852
0.910000, 0.020848
0.910000, 0.020845
0.910000, 0.020833
0.910000, 0.020795
0.910000, 0.020793
0.910000, 0.020790
0.910000, 0.020786
0.910000, 0.020783
0.910000, 0.020781
0.910000, 0.020779
0.910000, 0.020776
0.910000, 0.020774
0.910000, 0.020772
0.910000, 0.020762
0.910000, 0.020757
0.910000, 0.020755
0.910000, 0.020750
0.910000, 0.020745
0.910000, 0.020738
0.910000, 0.020731
0.910000, 0.020722
0.910000, 0.020719
0.910000, 0.020710
0.910000, 0.020708
0.910000, 0.020705
0.910000, 0.020703
0.910000, 0.020701
0.910000, 0.020698
0.910000, 0.020696
0.910000, 0.020694
0.910000, 0.020691
0.910000, 0.020689
0.910000, 0.020687
0.910000, 0.020684
0.910000, 0.020682
0.915000, 0.020793
0.915000, 0.020791
0.915000, 0.020786
0.915000, 0.020784
0.915000, 0.020781
0.915000, 0.020779
0.915000, 0.020772
0.915000, 0.020769
0.915000, 0.020767
0.915000, 0.020765
0.915000, 0.020760
0.915000, 0.020758
0.915000, 0.020748
0.915000, 0.020746
0.915000, 0.020744
0.915000, 0.020741
0.915000, 0.020739
0.915000, 0.020737
0.915000, 0.020734
0.915000, 0.020732
0.915000, 0.020729
0.915000, 0.020727
0.915000, 0.020725
0.915000, 0.020722
0.915000, 0.020720
0.915000, 0.020718
0.915000, 0.020713
0.915000, 0.020711
0.915000, 0.020708
0.915000, 0.020706
0.915000, 0.020704
0.915000, 0.020701
0.915000, 0.020699
0.915000, 0.020697
0.915000, 0.020694
0.915000, 0.020690
0.915000, 0.020687
0.915000, 0.020685
0.915000, 0.020683
0.915000, 0.020680
0.915000, 0.020678
0.915000, 0.020676
0.915000, 0.020673
0.915000, 0.020671
0.915000, 0.020669
0.915000, 0.020666
0.915000, 0.020664
0.915000, 0.020662
0.915000, 0.020659
0.915000, 0.020657
0.915000, 0.020641
0.915000, 0.020569
0.915000, 0.020566
0.915000, 0.020564
0.915000, 0.020562
0.915000, 0.020559
0.920000, 0.020670
0.920000, 0.020667
0.920000, 0.020663
0.920000, 0.020660
0.920000, 0.020658
0.920000, 0.020656
0.920000, 0.020653
0.920000, 0.020651
0.920000, 0.020646
0.920000, 0.020644
0.920000, 0.020635
0.920000, 0.020619
0.925000, 0.020728
0.930000, 0.020838
0.930000, 0.020836
0.930000, 0.020833
0.930000, 0.020826
0.930000, 0.020824
0.930000, 0.020822
0.930000, 0.020815
0.930000, 0.020812
0.930000, 0.020810
0.930000, 0.020803
0.930000, 0.020801
0.930000, 0.020798
0.930000, 0.020796
0.930000, 0.020794
0.930000, 0.020791
0.930000, 0.020789
0.930000, 0.020787
0.930000, 0.020784
0.930000, 0.020782
0.930000, 0.020775
0.930000, 0.020773
0.930000, 0.020771
0.930000, 0.020768
0.930000, 0.020761
0.930000, 0.020759
0.930000, 0.020757
0.930000, 0.020754
0.930000, 0.020752
0.930000, 0.020750
0.930000, 0.020747
0.930000, 0.020745
0.930000, 0.020743
0.930000, 0.020740
0.930000, 0.020738
0.930000, 0.020736
0.930000, 0.020733
0.930000, 0.020731
0.930000, 0.020729
0.930000, 0.020720
0.930000, 0.020717
0.930000, 0.020715
0.930000, 0.020713
0.930000, 0.020710
0.930000, 0.020708
0.930000, 0.020706
0.930000, 0.020703
0.930000, 0.020701
0.930000, 0.020690
0.930000, 0.020687
0.930000, 0.020685
0.930000, 0.020683
0.930000, 0.020671
0.930000, 0.020664
0.930000, 0.020639
0.930000, 0.020637
0.930000, 0.020635
0.930000, 0.020632
0.930000, 0.020630
0.930000, 0.020628
0.930000, 0.020619
0.930000, 0.020616
0.930000, 0.020614
0.930000, 0.020598
0.930000, 0.020596
0.930000, 0.020568
0.930000, 0.020566
0.930000, 0.020564
0.930000, 0.020562
0.930000, 0.020557
0.930000, 0.020555
0.930000, 0.020552
0.930000, 0.020550
0.930000, 0.020548
0.930000, 0.020546
0.930000, 0.020543
0.930000, 0.020541
0.930000, 0.020539
0.930000, 0.020537
0.930000, 0.020534
0.930000, 0.020521
0.930000, 0.020512
0.930000, 0.020507
0.930000, 0.020505
0.930000, 0.020496
0.930000, 0.020494
0.930000, 0.020491
0.930000, 0.020487
0.930000, 0.020485
0.930000, 0.020482
0.930000, 0.020471
0.930000, 0.020469
0.930000, 0.020460
0.930000, 0.020458
0.930000, 0.020455
0.930000, 0.020453
0.930000, 0.020451
0.930000, 0.020449
0.930000, 0.020446
0.930000, 0.020444
0.930000, 0.020442
0.930000, 0.020440
0.930000, 0.020417
0.930000, 0.020415
0.930000, 0.020413
0.930000, 0.020410
0.930000, 0.020408
0.930000, 0.020406
0.930000, 0.020404
0.930000, 0.020390
0.930000, 0.020386
0.930000, 0.020384
0.930000, 0.020381
0.930000, 0.020379
0.930000, 0.020377
0.930000, 0.020375
0.930000, 0.020372
0.930000, 0.020370
0.930000, 0.020366
0.930000, 0.020363
0.930000, 0.020361
0.930000, 0.020359
0.930000, 0.020355
0.930000, 0.020352
0.930000, 0.020350
0.930000, 0.020348
0.930000, 0.020343
0.930000, 0.020341
0.930000, 0.020317
0.930000, 0.020310
0.930000, 0.020308
0.930000, 0.020297
0.930000, 0.020292
0.935000, 0.020399
0.935000, 0.020397
0.935000, 0.020395
0.935000, 0.020393
0.935000, 0.020386
0.935000, 0.020384
0.935000, 0.020381
0.935000, 0.020377
0.935000, 0.020375
0.935000, 0.020373
0.935000, 0.020370
0.935000, 0.020368
0.935000, 0.020366
1.000000, 0.019610
