ROC-AUC score 0.610756
0.000000, 0.000000
0.542200, 0.775000
0.546200, 0.780000
0.547700, 0.780000
0.552600, 0.785000
0.553000, 0.785000
0.553800, 0.785000
0.555500, 0.785000
0.555900, 0.785000
0.556000, 0.785000
0.558200, 0.785000
0.560900, 0.785000
0.562100, 0.785000
0.562500, 0.785000
0.563200, 0.785000
0.563300, 0.785000
0.564700, 0.785000
0.565100, 0.785000
0.565400, 0.785000
0.565600, 0.785000
0.566300, 0.785000
0.566800, 0.785000
0.566900, 0.785000
0.567900, 0.785000
0.568400, 0.785000
0.568700, 0.785000
0.568800, 0.785000
0.568900, 0.785000
0.569000, 0.785000
0.569300, 0.785000
0.569900, 0.785000
0.570500, 0.785000
0.571800, 0.785000
0.573500, 0.785000
0.573800, 0.785000
0.573900, 0.785000
0.574000, 0.785000
0.574200, 0.785000
0.574700, 0.785000
0.575000, 0.785000
0.575100, 0.785000
0.575400, 0.785000
0.575500, 0.785000
0.576500, 0.785000
0.577000, 0.785000
0.577400, 0.785000
0.577700, 0.785000
0.577900, 0.785000
0.579200, 0.790000
0.579800, 0.790000
0.579900, 0.790000
0.580100, 0.790000
0.580300, 0.790000
0.580900, 0.790000
0.581200, 0.790000
0.582000, 0.790000
0.582200, 0.790000
0.582300, 0.790000
0.582400, 0.790000
0.582600, 0.790000
0.582700, 0.790000
0.583300, 0.790000
0.583900, 0.790000
0.584000, 0.790000
0.584200, 0.790000
0.585100, 0.790000
0.585400, 0.790000
0.586000, 0.790000
0.586300, 0.790000
0.586500, 0.790000
0.586600, 0.790000
0.587000, 0.795000
0.587100, 0.795000
0.587600, 0.795000
0.587700, 0.795000
0.588100, 0.795000
0.588400, 0.795000
0.589700, 0.795000
0.590100, 0.795000
0.590200, 0.795000
0.590500, 0.795000
0.590600, 0.795000
0.590800, 0.795000
0.591400, 0.795000
0.591700, 0.795000
0.591800, 0.795000
0.591900, 0.795000
0.592100, 0.795000
0.592200, 0.795000
0.592300, 0.795000
0.592400, 0.795000
0.592600, 0.795000
0.593100, 0.795000
0.593800, 0.795000
0.594200, 0.795000
0.594400, 0.795000
0.594800, 0.795000
0.594900, 0.795000
0.595300, 0.795000
0.595400, 0.795000
0.595700, 0.795000
0.596000, 0.795000
0.596100, 0.795000
0.596200, 0.795000
0.596500, 0.795000
0.596800, 0.795000
0.597000, 0.795000
0.597100, 0.795000
0.597300, 0.795000
0.597500, 0.795000
0.597800, 0.795000
0.598100, 0.795000
0.598200, 0.795000
0.598300, 0.795000
0.598400, 0.795000
0.598500, 0.795000
0.598600, 0.795000
0.598700, 0.795000
0.599100, 0.795000
0.599200, 0.795000
0.599500, 0.795000
0.599800, 0.795000
0.599900, 0.795000
0.600000, 0.795000
0.600200, 0.795000
0.600300, 0.795000
0.600700, 0.795000
0.600900, 0.795000
0.601000, 0.795000
0.601300, 0.795000
0.601400, 0.795000
0.601500, 0.795000
0.601700, 0.795000
0.601800, 0.795000
0.602000, 0.795000
0.602200, 0.795000
0.602300, 0.795000
0.602400, 0.795000
0.602500, 0.795000
0.602600, 0.795000
0.602900, 0.795000
0.603100, 0.795000
0.603200, 0.795000
0.603300, 0.795000
0.603700, 0.795000
0.603800, 0.795000
0.604000, 0.795000
0.604100, 0.795000
0.604300, 0.795000
0.604400, 0.795000
0.604500, 0.795000
0.604600, 0.795000
0.604800, 0.795000
0.605100, 0.795000
0.605200, 0.795000
0.605500, 0.795000
0.605700, 0.795000
0.605800, 0.795000
0.605900, 0.795000
0.606000, 0.795000
0.606200, 0.795000
0.606400, 0.795000
0.606500, 0.795000
0.606600, 0.795000
0.606700, 0.795000
0.606800, 0.795000
0.606900, 0.795000
0.607100, 0.795000
0.607200, 0.795000
0.607300, 0.795000
0.607700, 0.795000
0.607900, 0.795000
0.608000, 0.795000
0.608300, 0.795000
0.608500, 0.795000
0.609100, 0.795000
0.609300, 0.795000
0.609800, 0.795000
0.610000, 0.795000
0.610100, 0.795000
0.610200, 0.795000
0.610300, 0.795000
0.610400, 0.795000
0.610400, 0.800000
0.610500, 0.800000
0.610700, 0.800000
0.611000, 0.800000
0.611100, 0.800000
0.611400, 0.800000
0.611500, 0.800000
0.611600, 0.800000
0.611700, 0.800000
0.611800, 0.800000
0.611900, 0.800000
0.612000, 0.800000
0.612100, 0.800000
0.612200, 0.800000
0.612400, 0.800000
0.612500, 0.800000
0.612600, 0.800000
0.612700, 0.800000
0.613000, 0.800000
0.613100, 0.800000
0.613200, 0.800000
0.613300, 0.800000
0.613600, 0.800000
0.613700, 0.800000
0.613800, 0.800000
0.614100, 0.800000
0.614200, 0.800000
0.614400, 0.800000
0.614500, 0.800000
0.614700, 0.800000
0.614800, 0.800000
0.614900, 0.800000
0.615000, 0.800000
0.615200, 0.800000
0.615300, 0.800000
0.615400, 0.800000
0.615500, 0.800000
0.615600, 0.800000
0.616000, 0.800000
0.616200, 0.800000
0.616300, 0.800000
0.616500, 0.800000
0.616600, 0.800000
0.616700, 0.800000
0.616800, 0.800000
0.616900, 0.800000
0.617000, 0.800000
0.617200, 0.800000
0.617300, 0.800000
0.617600, 0.800000
0.617900, 0.800000
0.618300, 0.800000
0.618400, 0.800000
0.618700, 0.800000
0.618800, 0.800000
0.618900, 0.800000
0.619000, 0.800000
0.619100, 0.800000
0.619300, 0.800000
0.619400, 0.800000
0.619700, 0.800000
0.619800, 0.800000
0.619900, 0.800000
0.619900, 0.805000
0.620000, 0.805000
0.620100, 0.805000
0.620200, 0.805000
0.620300, 0.805000
0.620400, 0.805000
0.620500, 0.805000
0.620600, 0.805000
0.620800, 0.805000
0.620900, 0.805000
0.621000, 0.805000
0.621100, 0.805000
0.621500, 0.805000
0.621600, 0.805000
0.621700, 0.805000
0.621800, 0.805000
0.622000, 0.805000
0.622100, 0.805000
0.622200, 0.805000
0.622400, 0.805000
0.622600, 0.805000
0.622700, 0.805000
0.622800, 0.805000
0.622900, 0.805000
0.623100, 0.805000
0.623200, 0.805000
0.623400, 0.805000
0.623400, 0.810000
0.623600, 0.810000
0.623700, 0.810000
0.623900, 0.810000
0.624000, 0.810000
0.624100, 0.810000
0.624200, 0.810000
0.624400, 0.810000
0.624500, 0.810000
0.624600, 0.810000
0.624700, 0.810000
0.624800, 0.810000
0.624900, 0.810000
0.625000, 0.810000
0.625100, 0.810000
0.625200, 0.810000
0.625300, 0.810000
0.625400, 0.810000
0.625500, 0.810000
0.625600, 0.810000
0.625700, 0.810000
0.625800, 0.810000
0.626000, 0.810000
0.626100, 0.810000
0.626200, 0.810000
0.626300, 0.810000
0.626500, 0.810000
0.626600, 0.810000
0.626700, 0.810000
0.626800, 0.810000
0.626900, 0.810000
0.627000, 0.810000
0.627100, 0.810000
0.627200, 0.810000
0.627300, 0.810000
0.627500, 0.810000
0.627600, 0.810000
0.627700, 0.810000
0.627800, 0.810000
0.627900, 0.810000
0.628000, 0.810000
0.628100, 0.810000
0.628200, 0.810000
0.628300, 0.810000
0.628600, 0.810000
0.628800, 0.810000
0.628900, 0.810000
0.629000, 0.810000
0.629100, 0.810000
0.629200, 0.810000
0.629300, 0.810000
0.629400, 0.810000
0.629500, 0.810000
0.629600, 0.810000
0.629700, 0.810000
0.629800, 0.810000
0.629900, 0.810000
0.630100, 0.810000
0.630200, 0.810000
0.630300, 0.810000
0.630400, 0.810000
0.630500, 0.810000
0.630700, 0.810000
0.630800, 0.810000
0.630900, 0.810000
0.631000, 0.810000
0.631100, 0.810000
0.631200, 0.810000
0.631400, 0.810000
0.631500, 0.810000
0.631600, 0.810000
0.631800, 0.810000
0.631900, 0.810000
0.632000, 0.810000
0.632100, 0.810000
0.632200, 0.810000
0.632300, 0.810000
0.632400, 0.810000
0.632500, 0.810000
0.632600, 0.810000
0.632900, 0.810000
0.633000, 0.810000
0.633100, 0.810000
0.633400, 0.810000
0.633600, 0.810000
0.633700, 0.810000
0.633800, 0.810000
0.633900, 0.810000
0.634000, 0.810000
0.634100, 0.810000
0.634500, 0.810000
0.634600, 0.810000
0.634700, 0.810000
0.634800, 0.810000
0.634900, 0.810000
0.635300, 0.810000
0.635400, 0.810000
0.635500, 0.810000
0.635600, 0.810000
0.635700, 0.810000
0.635800, 0.810000
0.635900, 0.810000
0.636100, 0.810000
0.636200, 0.810000
0.636300, 0.810000
0.636400, 0.810000
0.636500, 0.810000
0.636600, 0.810000
0.636700, 0.810000
0.636900, 0.810000
0.637000, 0.810000
0.637100, 0.810000
0.637200, 0.810000
0.637300, 0.810000
0.637400, 0.810000
0.637500, 0.810000
0.637700, 0.810000
0.637800, 0.810000
0.638100, 0.810000
0.638200, 0.810000
0.638300, 0.810000
0.638400, 0.810000
0.638500, 0.810000
0.638600, 0.810000
0.638700, 0.810000
0.638800, 0.810000
0.638900, 0.810000
0.639100, 0.810000
0.639200, 0.810000
0.639400, 0.810000
0.639700, 0.810000
0.639800, 0.810000
0.639900, 0.810000
0.640000, 0.810000
0.640100, 0.810000
0.640200, 0.810000
0.640300, 0.810000
0.640500, 0.810000
0.640700, 0.810000
0.640800, 0.810000
0.641300, 0.810000
0.641400, 0.810000
0.641500, 0.810000
0.641600, 0.810000
0.641700, 0.810000
0.641800, 0.810000
0.641900, 0.810000
0.642000, 0.810000
0.642200, 0.810000
0.642300, 0.810000
0.642400, 0.810000
0.642500, 0.810000
0.642600, 0.810000
0.642800, 0.810000
0.642900, 0.810000
0.643100, 0.810000
0.643200, 0.810000
0.643300, 0.810000
0.643500, 0.810000
0.643600, 0.810000
0.643700, 0.810000
0.643900, 0.810000
0.644100, 0.810000
0.644200, 0.810000
0.644400, 0.810000
0.644500, 0.810000
0.644600, 0.810000
0.644700, 0.810000
0.644800, 0.810000
0.644900, 0.810000
0.645000, 0.810000
0.645100, 0.810000
0.645200, 0.810000
0.645300, 0.810000
0.645400, 0.810000
0.645500, 0.810000
0.645600, 0.810000
0.645700, 0.810000
0.645800, 0.810000
0.645900, 0.810000
0.646000, 0.810000
0.646100, 0.810000
0.646200, 0.810000
0.646300, 0.810000
0.646400, 0.810000
0.646700, 0.810000
0.647000, 0.810000
0.647100, 0.810000
0.647200, 0.810000
0.647300, 0.810000
0.647400, 0.810000
0.647500, 0.810000
0.647600, 0.810000
0.647700, 0.810000
0.647800, 0.810000
0.647900, 0.810000
0.648100, 0.810000
0.648200, 0.810000
0.648300, 0.810000
0.648400, 0.810000
0.648500, 0.810000
0.648600, 0.810000
0.648700, 0.810000
0.648800, 0.810000
0.649100, 0.810000
0.649200, 0.810000
0.649500, 0.810000
0.649600, 0.810000
0.649700, 0.810000
0.650000, 0.810000
0.650200, 0.810000
0.650300, 0.810000
0.650500, 0.810000
0.650600, 0.810000
0.650700, 0.810000
0.650800, 0.810000
0.651200, 0.810000
0.651300, 0.810000
0.651400, 0.810000
0.651500, 0.810000
0.651600, 0.810000
0.651700, 0.810000
0.651800, 0.810000
0.651900, 0.810000
0.652000, 0.810000
0.652200, 0.810000
0.652300, 0.810000
0.652400, 0.810000
0.652500, 0.810000
0.652600, 0.810000
0.652700, 0.810000
0.652800, 0.810000
0.652900, 0.810000
0.653000, 0.810000
0.653100, 0.810000
0.653300, 0.810000
0.653400, 0.810000
0.653500, 0.810000
0.653900, 0.810000
0.654000, 0.810000
0.654100, 0.810000
0.654200, 0.810000
0.654300, 0.810000
0.654400, 0.810000
0.654600, 0.810000
0.654600, 0.815000
0.654700, 0.815000
0.654800, 0.815000
0.655000, 0.815000
0.655200, 0.815000
0.655300, 0.815000
0.655400, 0.815000
0.655500, 0.815000
0.655600, 0.815000
0.655700, 0.815000
0.655900, 0.815000
0.656000, 0.815000
0.656100, 0.815000
0.656200, 0.815000
0.656300, 0.815000
0.656400, 0.815000
0.656500, 0.815000
0.656600, 0.815000
0.656700, 0.815000
0.656800, 0.815000
0.656900, 0.815000
0.657000, 0.815000
0.657100, 0.815000
0.657200, 0.815000
0.657400, 0.815000
0.657500, 0.815000
0.657600, 0.815000
0.657800, 0.815000
0.657900, 0.815000
0.658000, 0.815000
0.658100, 0.815000
0.658200, 0.815000
0.658300, 0.815000
0.658400, 0.815000
0.658500, 0.815000
0.658700, 0.815000
0.658800, 0.815000
0.658900, 0.815000
0.659000, 0.815000
0.659200, 0.815000
0.659300, 0.815000
0.659400, 0.815000
0.659500, 0.815000
0.659600, 0.815000
0.659700, 0.815000
0.659800, 0.815000
0.660000, 0.815000
0.660100, 0.815000
0.660200, 0.815000
0.660400, 0.815000
0.660500, 0.815000
0.660800, 0.815000
0.660900, 0.815000
0.661000, 0.815000
0.661200, 0.815000
0.661500, 0.815000
0.661600, 0.815000
0.661700, 0.815000
0.661800, 0.815000
0.661900, 0.815000
0.662000, 0.815000
0.662100, 0.815000
0.662200, 0.815000
0.662300, 0.815000
0.662400, 0.815000
0.662600, 0.815000
0.662700, 0.815000
0.662800, 0.815000
0.662900, 0.815000
0.663100, 0.815000
0.663200, 0.815000
0.663400, 0.815000
0.663500, 0.815000
0.663600, 0.815000
0.663800, 0.815000
0.663900, 0.815000
0.664000, 0.815000
0.664100, 0.815000
0.664300, 0.815000
0.664400, 0.815000
0.664500, 0.815000
0.664600, 0.815000
0.664700, 0.815000
0.664900, 0.815000
0.665000, 0.815000
0.665200, 0.815000
0.665300, 0.815000
0.665400, 0.815000
0.665500, 0.815000
0.665700, 0.815000
0.665800, 0.815000
0.665900, 0.815000
0.666000, 0.815000
0.666100, 0.815000
0.666200, 0.815000
0.666300, 0.815000
0.666400, 0.815000
0.666500, 0.815000
0.666900, 0.815000
0.667000, 0.815000
0.667200, 0.815000
0.667300, 0.815000
0.667400, 0.815000
0.667500, 0.815000
0.667600, 0.815000
0.667800, 0.815000
0.667900, 0.815000
0.668200, 0.815000
0.668300, 0.815000
0.668400, 0.815000
0.668500, 0.815000
0.668600, 0.815000
0.668700, 0.815000
0.668800, 0.815000
0.668800, 0.820000
0.668900, 0.820000
0.669000, 0.820000
0.669100, 0.820000
0.669200, 0.820000
0.669300, 0.820000
0.669400, 0.820000
0.669600, 0.820000
0.669700, 0.820000
0.669800, 0.820000
0.669900, 0.820000
0.670100, 0.820000
0.670200, 0.820000
0.670300, 0.820000
0.670500, 0.820000
0.670600, 0.820000
0.670700, 0.820000
0.670800, 0.820000
0.670900, 0.820000
0.671100, 0.820000
0.671200, 0.820000
0.671300, 0.820000
0.671400, 0.820000
0.671500, 0.820000
0.671600, 0.820000
0.671900, 0.820000
0.672000, 0.820000
0.672100, 0.820000
0.672200, 0.820000
0.672200, 0.825000
0.672300, 0.825000
0.672400, 0.825000
0.672500, 0.825000
0.672600, 0.825000
0.672700, 0.825000
0.672800, 0.825000
0.672900, 0.825000
0.673000, 0.825000
0.673100, 0.825000
0.673300, 0.825000
0.673400, 0.825000
0.673600, 0.825000
0.673700, 0.825000
0.673800, 0.825000
0.673900, 0.825000
0.674000, 0.825000
0.674100, 0.825000
0.674200, 0.825000
0.674300, 0.825000
0.674400, 0.825000
0.674500, 0.825000
0.674600, 0.825000
0.674700, 0.825000
0.674800, 0.825000
0.674900, 0.825000
0.675000, 0.825000
0.675100, 0.825000
0.675200, 0.825000
0.675300, 0.825000
0.675400, 0.825000
0.675500, 0.825000
0.675800, 0.825000
0.675900, 0.825000
0.676100, 0.825000
0.676200, 0.825000
0.676300, 0.825000
0.676600, 0.825000
0.676700, 0.825000
0.676800, 0.825000
0.676900, 0.825000
0.677000, 0.825000
0.677200, 0.825000
0.677400, 0.825000
0.677500, 0.825000
0.677600, 0.825000
0.677900, 0.825000
0.678000, 0.825000
0.678100, 0.825000
0.678200, 0.825000
0.678300, 0.825000
0.678400, 0.825000
0.678500, 0.825000
0.678600, 0.825000
0.678700, 0.825000
0.679000, 0.825000
0.679100, 0.825000
0.679200, 0.825000
0.679300, 0.825000
0.679400, 0.825000
0.679500, 0.825000
0.679600, 0.825000
0.679700, 0.825000
0.679800, 0.825000
0.679900, 0.825000
0.680100, 0.825000
0.680200, 0.825000
0.680300, 0.825000
0.680400, 0.825000
0.680500, 0.825000
0.680600, 0.825000
0.680700, 0.825000
0.680900, 0.825000
0.681000, 0.825000
0.681100, 0.825000
0.681200, 0.825000
0.681300, 0.825000
0.681400, 0.825000
0.681600, 0.825000
0.681700, 0.825000
0.681800, 0.825000
0.681900, 0.825000
0.682000, 0.825000
0.682100, 0.825000
0.682200, 0.825000
0.682300, 0.825000
0.682600, 0.825000
0.682700, 0.825000
0.682800, 0.825000
0.682900, 0.825000
0.683000, 0.825000
0.683100, 0.825000
0.683200, 0.825000
0.683300, 0.825000
0.683500, 0.825000
0.683600, 0.825000
0.683700, 0.825000
0.683800, 0.825000
0.683900, 0.825000
0.684000, 0.825000
0.684100, 0.825000
0.684200, 0.825000
0.684300, 0.825000
0.684400, 0.825000
0.684500, 0.825000
0.684600, 0.825000
0.684700, 0.825000
0.684800, 0.825000
0.684900, 0.825000
0.685000, 0.825000
0.685100, 0.825000
0.685200, 0.825000
0.685300, 0.825000
0.685400, 0.825000
0.685500, 0.825000
0.685700, 0.825000
0.685800, 0.825000
0.685900, 0.825000
0.686000, 0.825000
0.686100, 0.825000
0.686200, 0.825000
0.686400, 0.825000
0.687000, 0.825000
0.687200, 0.825000
0.687300, 0.825000
0.687400, 0.825000
0.687500, 0.825000
0.687600, 0.825000
0.687700, 0.825000
0.687800, 0.825000
0.687900, 0.825000
0.688000, 0.825000
0.688100, 0.825000
0.688300, 0.825000
0.688400, 0.825000
0.688500, 0.825000
0.688600, 0.825000
0.688700, 0.825000
0.688800, 0.825000
0.688900, 0.825000
0.689000, 0.825000
0.689100, 0.825000
0.689300, 0.825000
0.689400, 0.825000
0.689500, 0.825000
0.689600, 0.825000
0.689700, 0.825000
0.689900, 0.825000
0.690000, 0.825000
0.690100, 0.825000
0.690200, 0.825000
0.690300, 0.825000
0.690400, 0.825000
0.690500, 0.825000
0.690600, 0.825000
0.690700, 0.825000
0.690800, 0.825000
0.690900, 0.825000
0.691000, 0.825000
0.691100, 0.825000
0.691200, 0.825000
0.691300, 0.825000
0.691400, 0.825000
0.691500, 0.825000
0.691600, 0.825000
0.691700, 0.825000
0.691800, 0.825000
0.691900, 0.825000
0.692000, 0.825000
0.692200, 0.825000
0.692400, 0.825000
0.692500, 0.825000
0.692600, 0.825000
0.692700, 0.825000
0.692800, 0.825000
0.692900, 0.825000
0.693000, 0.825000
0.693100, 0.825000
0.693200, 0.825000
0.693300, 0.825000
0.693500, 0.825000
0.693600, 0.825000
0.693700, 0.825000
0.693800, 0.825000
0.694000, 0.825000
0.694100, 0.825000
0.694200, 0.825000
0.694300, 0.825000
0.694400, 0.825000
0.694500, 0.825000
0.694600, 0.825000
0.694700, 0.825000
0.694800, 0.825000
0.694900, 0.825000
0.695000, 0.825000
0.695100, 0.825000
0.695200, 0.825000
0.695400, 0.825000
0.695500, 0.825000
0.695600, 0.825000
0.695700, 0.825000
0.695700, 0.830000
0.695800, 0.830000
0.695900, 0.830000
0.696000, 0.830000
0.696100, 0.830000
0.696200, 0.830000
0.696300, 0.830000
0.696400, 0.830000
0.696500, 0.830000
0.696600, 0.830000
0.696700, 0.830000
0.696800, 0.830000
0.696900, 0.830000
0.697100, 0.830000
0.697200, 0.830000
0.697300, 0.830000
0.697400, 0.830000
0.697500, 0.830000
0.697600, 0.830000
0.697700, 0.830000
0.697900, 0.830000
0.698000, 0.830000
0.698100, 0.830000
0.698300, 0.830000
0.698400, 0.830000
0.698500, 0.830000
0.698600, 0.830000
0.698700, 0.830000
0.698800, 0.830000
0.698900, 0.830000
0.699000, 0.830000
0.699100, 0.830000
0.699200, 0.830000
0.699300, 0.830000
0.699400, 0.830000
0.699500, 0.830000
0.699600, 0.830000
0.699700, 0.830000
0.699800, 0.830000
0.699900, 0.830000
0.700000, 0.830000
0.700100, 0.830000
0.700200, 0.830000
0.700300, 0.830000
0.700400, 0.830000
0.700500, 0.830000
0.700600, 0.830000
0.700700, 0.830000
0.700800, 0.830000
0.700900, 0.830000
0.701000, 0.830000
0.701100, 0.830000
0.701200, 0.830000
0.701300, 0.830000
0.701400, 0.830000
0.701500, 0.830000
0.701600, 0.830000
0.701700, 0.830000
0.701800, 0.830000
0.701900, 0.830000
0.702000, 0.830000
0.702100, 0.830000
0.702200, 0.830000
0.702300, 0.830000
0.702400, 0.830000
0.702500, 0.830000
0.702600, 0.830000
0.702700, 0.830000
0.702800, 0.830000
0.702900, 0.830000
0.703000, 0.830000
0.703100, 0.830000
0.703200, 0.830000
0.703300, 0.830000
0.703400, 0.830000
0.703600, 0.830000
0.703700, 0.830000
0.703800, 0.830000
0.703900, 0.830000
0.704000, 0.830000
0.704100, 0.830000
0.704200, 0.830000
0.704400, 0.830000
0.704500, 0.830000
0.704600, 0.830000
0.704700, 0.830000
0.704800, 0.830000
0.704900, 0.830000
0.705000, 0.830000
0.705100, 0.830000
0.705300, 0.830000
0.705400, 0.830000
0.705500, 0.830000
0.705600, 0.830000
0.705700, 0.830000
0.705900, 0.830000
0.706000, 0.830000
0.706100, 0.830000
0.706200, 0.830000
0.706300, 0.830000
0.706400, 0.830000
0.706500, 0.830000
0.706700, 0.830000
0.706800, 0.830000
0.707800, 0.830000
0.707900, 0.830000
0.708000, 0.830000
0.708100, 0.830000
0.708200, 0.830000
0.708300, 0.830000
0.708400, 0.830000
0.708600, 0.830000
0.708700, 0.830000
0.708800, 0.830000
0.708900, 0.830000
0.709000, 0.830000
0.709300, 0.830000
0.709400, 0.830000
0.709500, 0.830000
0.709600, 0.830000
0.709700, 0.830000
0.709800, 0.830000
0.710000, 0.830000
0.710100, 0.830000
0.710200, 0.830000
0.710300, 0.830000
0.710400, 0.830000
0.710600, 0.830000
0.710700, 0.830000
0.710800, 0.830000
0.710900, 0.830000
0.711000, 0.830000
0.711200, 0.830000
0.711300, 0.830000
0.711400, 0.830000
0.711500, 0.830000
0.711600, 0.830000
0.711700, 0.830000
0.711800, 0.830000
0.711900, 0.830000
0.712000, 0.830000
0.712100, 0.830000
0.712200, 0.830000
0.712300, 0.830000
0.712400, 0.830000
0.712500, 0.830000
0.712600, 0.830000
0.712700, 0.830000
0.712800, 0.830000
0.712900, 0.830000
0.713000, 0.830000
0.713100, 0.830000
0.713200, 0.830000
0.713300, 0.830000
0.713400, 0.830000
0.715400, 0.830000
0.715500, 0.830000
0.715600, 0.830000
0.715700, 0.830000
0.715800, 0.830000
0.715900, 0.830000
0.716000, 0.830000
0.716100, 0.830000
0.716200, 0.830000
0.716300, 0.830000
0.716400, 0.830000
0.716700, 0.830000
0.716800, 0.830000
0.716900, 0.830000
0.717000, 0.830000
0.717100, 0.830000
0.717200, 0.830000
0.717300, 0.830000
0.717600, 0.830000
0.717700, 0.830000
0.717800, 0.830000
0.717900, 0.830000
0.718100, 0.830000
0.718200, 0.830000
0.718300, 0.830000
0.718400, 0.830000
0.718500, 0.830000
0.718600, 0.830000
0.718700, 0.830000
0.718800, 0.830000
0.718900, 0.830000
0.719000, 0.830000
0.719100, 0.830000
0.719200, 0.830000
0.719300, 0.830000
0.719400, 0.830000
0.719500, 0.830000
0.719600, 0.830000
0.719700, 0.830000
0.719800, 0.830000
0.719900, 0.830000
0.720100, 0.830000
0.720200, 0.830000
0.720300, 0.830000
0.720400, 0.830000
0.720500, 0.830000
0.720600, 0.830000
0.720700, 0.830000
0.720800, 0.830000
0.720900, 0.830000
0.721000, 0.830000
0.721100, 0.830000
0.721200, 0.830000
0.721300, 0.830000
0.721400, 0.830000
0.721500, 0.830000
0.721600, 0.830000
0.721700, 0.830000
0.721800, 0.830000
0.721900, 0.830000
0.722000, 0.830000
0.722200, 0.830000
0.722300, 0.830000
0.722400, 0.830000
0.722500, 0.830000
0.722600, 0.830000
0.722700, 0.830000
0.722700, 0.835000
0.722800, 0.835000
0.722900, 0.835000
0.723000, 0.835000
0.723100, 0.835000
0.723200, 0.835000
0.723300, 0.835000
0.723400, 0.835000
0.723500, 0.835000
0.723600, 0.835000
0.723700, 0.835000
0.723800, 0.835000
0.724000, 0.835000
0.724200, 0.835000
0.724300, 0.835000
0.724400, 0.835000
0.724500, 0.835000
0.724600, 0.835000
0.724700, 0.835000
0.724800, 0.835000
0.724900, 0.835000
0.724900, 0.840000
0.725000, 0.840000
0.725100, 0.840000
0.725200, 0.840000
0.725300, 0.840000
0.725400, 0.840000
0.725500, 0.840000
0.725600, 0.840000
0.725700, 0.840000
0.725800, 0.840000
0.725900, 0.840000
0.726000, 0.840000
0.726100, 0.840000
0.726200, 0.840000
0.726300, 0.840000
0.726400, 0.840000
0.726500, 0.840000
0.726600, 0.840000
0.726700, 0.840000
0.726800, 0.840000
0.726900, 0.840000
0.727000, 0.840000
0.727100, 0.840000
0.727200, 0.840000
0.727300, 0.840000
0.727400, 0.840000
0.727500, 0.840000
0.727600, 0.840000
0.727700, 0.840000
0.727800, 0.840000
0.727900, 0.840000
0.728000, 0.840000
0.728100, 0.840000
0.728200, 0.840000
0.728300, 0.840000
0.728400, 0.840000
0.728500, 0.840000
0.728600, 0.840000
0.728700, 0.840000
0.728800, 0.840000
0.728900, 0.840000
0.729000, 0.840000
0.729100, 0.840000
0.729200, 0.840000
0.729200, 0.845000
0.729300, 0.845000
0.729400, 0.845000
0.729500, 0.845000
0.729700, 0.845000
0.729800, 0.845000
0.729900, 0.845000
0.730000, 0.845000
0.730100, 0.845000
0.730200, 0.845000
0.730300, 0.845000
0.730400, 0.845000
0.730500, 0.845000
0.730600, 0.845000
0.730700, 0.845000
0.730800, 0.845000
0.730900, 0.845000
0.731000, 0.845000
0.731100, 0.845000
0.731200, 0.845000
0.731300, 0.845000
0.731400, 0.845000
0.731500, 0.845000
0.731600, 0.845000
0.731700, 0.845000
0.731800, 0.845000
0.731900, 0.845000
0.732000, 0.845000
0.732100, 0.845000
0.732200, 0.845000
0.732300, 0.845000
0.732400, 0.845000
0.732500, 0.845000
0.732600, 0.845000
0.732700, 0.845000
0.732800, 0.845000
0.732900, 0.845000
0.733000, 0.845000
0.733100, 0.845000
0.733200, 0.845000
0.733300, 0.845000
0.733400, 0.845000
0.733500, 0.845000
0.733600, 0.845000
0.733700, 0.845000
0.733800, 0.845000
0.734000, 0.845000
0.734100, 0.845000
0.734200, 0.845000
0.734300, 0.845000
0.734400, 0.845000
0.734500, 0.845000
0.734600, 0.845000
0.734700, 0.845000
0.734800, 0.845000
0.734900, 0.845000
0.735000, 0.845000
0.735100, 0.845000
0.735200, 0.845000
0.735300, 0.845000
0.735400, 0.845000
0.735500, 0.845000
0.735600, 0.845000
0.735700, 0.845000
0.735800, 0.845000
0.735900, 0.845000
0.736000, 0.845000
0.736100, 0.845000
0.736200, 0.845000
0.736300, 0.845000
0.736400, 0.845000
0.736500, 0.845000
0.736600, 0.845000
0.736700, 0.845000
0.736900, 0.845000
0.737000, 0.845000
0.737100, 0.845000
0.737200, 0.845000
0.737300, 0.845000
0.737400, 0.845000
0.737500, 0.845000
0.737600, 0.845000
0.737700, 0.845000
0.737800, 0.845000
0.737900, 0.845000
0.738000, 0.845000
0.738100, 0.845000
0.738300, 0.845000
0.738400, 0.845000
0.738500, 0.845000
0.738600, 0.845000
0.738700, 0.845000
0.738800, 0.845000
0.738900, 0.845000
0.739000, 0.845000
0.739100, 0.845000
0.739200, 0.845000
0.739300, 0.845000
0.741300, 0.845000
0.741400, 0.845000
0.741600, 0.845000
0.741700, 0.845000
0.741800, 0.845000
0.741900, 0.845000
0.742000, 0.845000
0.742100, 0.845000
0.742100, 0.850000
0.742200, 0.850000
0.742300, 0.850000
0.742400, 0.850000
0.742600, 0.850000
0.742700, 0.850000
0.742800, 0.850000
0.742800, 0.855000
0.743000, 0.855000
0.743100, 0.855000
0.743200, 0.855000
0.743300, 0.855000
0.743400, 0.855000
0.743500, 0.855000
0.743500, 0.860000
0.743600, 0.860000
0.743700, 0.860000
0.743800, 0.860000
0.743900, 0.860000
0.744000, 0.860000
0.744100, 0.860000
0.744200, 0.860000
0.744300, 0.860000
0.744500, 0.860000
0.744700, 0.860000
0.744800, 0.860000
0.744900, 0.860000
0.745000, 0.860000
0.745100, 0.860000
0.745300, 0.860000
0.745300, 0.865000
0.745400, 0.865000
0.745500, 0.865000
0.745600, 0.865000
0.745700, 0.865000
0.745800, 0.865000
0.745900, 0.865000
0.746000, 0.865000
0.746100, 0.865000
0.746200, 0.865000
0.746300, 0.865000
0.746400, 0.865000
0.746500, 0.865000
0.746900, 0.865000
0.749700, 0.865000
0.749800, 0.865000
0.749900, 0.865000
0.750000, 0.865000
0.750100, 0.865000
0.750300, 0.865000
0.750400, 0.865000
0.750500, 0.865000
0.750600, 0.865000
0.750700, 0.865000
0.751000, 0.865000
0.751100, 0.865000
0.751200, 0.865000
0.751300, 0.865000
0.751400, 0.865000
0.751500, 0.865000
0.751600, 0.865000
0.751700, 0.865000
0.751800, 0.865000
0.751900, 0.865000
0.752000, 0.865000
0.752100, 0.865000
0.752200, 0.865000
0.752300, 0.865000
0.752400, 0.865000
0.752500, 0.865000
0.752600, 0.865000
0.752700, 0.865000
0.752800, 0.865000
0.752900, 0.865000
0.753000, 0.865000
0.753200, 0.865000
0.753300, 0.865000
0.753400, 0.865000
0.753500, 0.865000
0.753600, 0.865000
0.753700, 0.865000
0.753800, 0.865000
0.753900, 0.865000
0.754000, 0.865000
0.754100, 0.865000
0.754200, 0.865000
0.754300, 0.865000
0.754400, 0.865000
0.754500, 0.865000
0.754600, 0.865000
0.754700, 0.865000
0.754800, 0.865000
0.756200, 0.865000
0.756300, 0.865000
0.756400, 0.865000
0.756500, 0.865000
0.756600, 0.865000
0.756700, 0.865000
0.756800, 0.865000
0.756900, 0.865000
0.757000, 0.865000
0.757300, 0.865000
0.757400, 0.865000
0.757500, 0.865000
0.757600, 0.865000
0.757700, 0.865000
0.758100, 0.865000
0.758200, 0.865000
0.758300, 0.865000
0.758400, 0.865000
0.758500, 0.865000
0.758600, 0.865000
0.758700, 0.865000
0.758800, 0.865000
0.758900, 0.865000
0.759000, 0.865000
0.759100, 0.865000
0.759200, 0.865000
0.759300, 0.865000
0.759400, 0.865000
0.759500, 0.865000
0.759600, 0.865000
0.759700, 0.865000
0.759800, 0.865000
0.760000, 0.865000
0.760100, 0.865000
0.760200, 0.865000
0.760300, 0.865000
0.760400, 0.865000
0.760500, 0.865000
0.760600, 0.865000
0.760700, 0.865000
0.760800, 0.865000
0.760900, 0.865000
0.761000, 0.865000
0.761100, 0.865000
0.761200, 0.865000
0.761300, 0.865000
0.761400, 0.865000
0.761500, 0.865000
0.761600, 0.865000
0.761700, 0.865000
0.761800, 0.865000
0.761900, 0.865000
0.762000, 0.865000
0.762100, 0.865000
0.762200, 0.865000
0.762300, 0.865000
0.762400, 0.865000
0.762500, 0.865000
0.762500, 0.870000
0.762600, 0.870000
0.762700, 0.870000
0.762800, 0.870000
0.762900, 0.870000
0.763000, 0.870000
0.763100, 0.870000
0.763200, 0.870000
0.763300, 0.870000
0.763500, 0.870000
0.763700, 0.870000
0.763800, 0.870000
0.763900, 0.870000
0.764000, 0.870000
0.764100, 0.870000
0.764200, 0.870000
0.764500, 0.870000
0.764600, 0.870000
0.764700, 0.870000
0.764800, 0.870000
0.764900, 0.870000
0.765000, 0.870000
0.765100, 0.870000
0.765200, 0.870000
0.765300, 0.870000
0.765400, 0.870000
0.765500, 0.870000
0.765600, 0.870000
0.765700, 0.870000
0.765800, 0.870000
0.765900, 0.870000
0.766000, 0.870000
0.766100, 0.870000
0.766200, 0.870000
0.766300, 0.870000
0.766400, 0.870000
0.766500, 0.870000
0.766600, 0.870000
0.766700, 0.870000
0.766800, 0.870000
0.766900, 0.870000
0.767000, 0.870000
0.767100, 0.870000
0.767100, 0.875000
0.767200, 0.875000
0.767300, 0.875000
0.767400, 0.875000
0.767500, 0.875000
0.767600, 0.875000
0.767700, 0.875000
0.767800, 0.875000
0.767900, 0.875000
0.768000, 0.875000
0.768100, 0.875000
0.768200, 0.875000
0.768300, 0.875000
0.768400, 0.875000
0.768700, 0.875000
0.768800, 0.875000
0.768900, 0.875000
0.769000, 0.875000
0.769100, 0.875000
0.769200, 0.875000
0.769300, 0.875000
0.769400, 0.875000
0.769500, 0.875000
0.769600, 0.875000
0.769700, 0.875000
0.769800, 0.875000
0.769900, 0.875000
0.770000, 0.875000
0.770100, 0.875000
0.770200, 0.875000
0.770300, 0.875000
0.770400, 0.875000
0.770500, 0.875000
0.770600, 0.875000
0.770700, 0.875000
0.770800, 0.875000
0.770900, 0.875000
0.771000, 0.875000
0.771100, 0.875000
0.771200, 0.875000
0.771300, 0.875000
0.771300, 0.880000
0.771400, 0.880000
0.771500, 0.880000
0.771600, 0.880000
0.772000, 0.880000
0.772100, 0.880000
0.772200, 0.880000
0.772300, 0.880000
0.772400, 0.880000
0.772500, 0.880000
0.772600, 0.880000
0.772700, 0.880000
0.772800, 0.880000
0.772900, 0.880000
0.773000, 0.880000
0.773100, 0.880000
0.773200, 0.880000
0.773300, 0.880000
0.773400, 0.880000
0.773500, 0.880000
0.773600, 0.880000
0.773700, 0.880000
0.773800, 0.880000
0.773900, 0.880000
0.774000, 0.880000
0.774100, 0.880000
0.774300, 0.880000
0.774400, 0.880000
0.774500, 0.880000
0.774600, 0.880000
0.774700, 0.880000
0.774800, 0.880000
0.774900, 0.880000
0.775000, 0.880000
0.775100, 0.880000
0.775100, 0.885000
0.775200, 0.885000
0.775300, 0.885000
0.775400, 0.885000
0.775500, 0.885000
0.775600, 0.885000
0.775700, 0.885000
0.775800, 0.885000
0.775900, 0.885000
0.776900, 0.885000
0.777000, 0.885000
0.777100, 0.885000
0.777200, 0.885000
0.777300, 0.885000
0.777400, 0.885000
0.777500, 0.885000
0.777700, 0.885000
0.777800, 0.885000
0.777900, 0.885000
0.778000, 0.885000
0.778100, 0.885000
0.778200, 0.885000
0.778300, 0.885000
0.778400, 0.885000
0.778500, 0.885000
0.778600, 0.885000
0.778700, 0.885000
0.778800, 0.885000
0.778900, 0.885000
0.779000, 0.885000
0.779100, 0.885000
0.779200, 0.885000
0.779200, 0.890000
0.779300, 0.890000
0.779400, 0.890000
0.779500, 0.890000
0.779600, 0.890000
0.779700, 0.890000
0.779800, 0.890000
0.780000, 0.890000
0.780100, 0.890000
0.780200, 0.890000
0.780300, 0.890000
0.780400, 0.890000
0.780500, 0.890000
0.780600, 0.890000
0.780700, 0.890000
0.780800, 0.890000
0.780900, 0.890000
0.781000, 0.890000
0.781100, 0.890000
0.781200, 0.890000
0.781300, 0.890000
0.781400, 0.890000
0.781600, 0.890000
0.781700, 0.890000
0.781900, 0.890000
0.782000, 0.890000
0.782100, 0.890000
0.782200, 0.890000
0.782300, 0.890000
0.782400, 0.890000
0.782500, 0.890000
0.782600, 0.890000
0.782700, 0.890000
0.782800, 0.890000
0.782900, 0.890000
0.783000, 0.890000
0.783100, 0.890000
0.783200, 0.890000
0.783300, 0.890000
0.783400, 0.890000
0.783500, 0.890000
0.783700, 0.890000
0.783800, 0.890000
0.783900, 0.890000
0.784000, 0.890000
0.784100, 0.890000
0.784400, 0.890000
0.784500, 0.890000
0.784600, 0.890000
0.784700, 0.890000
0.784800, 0.890000
0.784900, 0.890000
0.785000, 0.890000
0.785100, 0.890000
0.785200, 0.890000
0.785300, 0.890000
0.785500, 0.890000
0.785600, 0.890000
0.785700, 0.890000
0.785800, 0.890000
0.785900, 0.890000
0.786000, 0.890000
0.786100, 0.890000
0.786200, 0.890000
0.786300, 0.890000
0.786400, 0.890000
0.786500, 0.890000
0.786600, 0.890000
0.786700, 0.890000
0.786800, 0.890000
0.786900, 0.890000
0.787000, 0.890000
0.787100, 0.890000
0.787200, 0.890000
0.787300, 0.890000
0.787400, 0.890000
0.787500, 0.890000
0.787600, 0.890000
0.787700, 0.890000
0.787800, 0.890000
0.787900, 0.890000
0.788100, 0.890000
0.788200, 0.890000
0.788300, 0.890000
0.788400, 0.890000
0.788500, 0.890000
0.788600, 0.890000
0.788700, 0.890000
0.788800, 0.890000
0.788900, 0.890000
0.789000, 0.890000
0.789100, 0.890000
0.789200, 0.890000
0.789300, 0.890000
0.789400, 0.890000
0.789500, 0.890000
0.789600, 0.890000
0.789700, 0.890000
0.789800, 0.890000
0.790100, 0.890000
0.791000, 0.890000
0.791100, 0.890000
0.791200, 0.890000
0.791300, 0.890000
0.791400, 0.890000
0.791500, 0.890000
0.791600, 0.890000
0.791700, 0.890000
0.791800, 0.890000
0.791900, 0.890000
0.792000, 0.890000
0.792100, 0.890000
0.792200, 0.890000
0.792300, 0.890000
0.792400, 0.890000
0.792700, 0.890000
0.792800, 0.890000
0.792900, 0.890000
0.793000, 0.890000
0.793100, 0.890000
0.793200, 0.890000
0.793300, 0.890000
0.793400, 0.890000
0.793500, 0.890000
0.793600, 0.890000
0.793700, 0.890000
0.793800, 0.890000
0.794300, 0.890000
0.796200, 0.890000
0.796300, 0.890000
0.796400, 0.890000
0.796500, 0.890000
0.796600, 0.890000
0.796800, 0.890000
0.796900, 0.890000
0.797100, 0.890000
0.797200, 0.890000
0.797300, 0.890000
0.797400, 0.890000
0.797800, 0.890000
0.798000, 0.890000
0.798100, 0.890000
0.798200, 0.890000
0.798300, 0.890000
0.798400, 0.890000
0.798500, 0.890000
0.798800, 0.890000
0.798900, 0.890000
0.799000, 0.890000
0.799100, 0.890000
0.799200, 0.890000
0.799300, 0.890000
0.799400, 0.890000
0.799500, 0.890000
0.799600, 0.890000
0.799700, 0.890000
0.799800, 0.890000
0.799900, 0.890000
0.800000, 0.890000
0.800100, 0.890000
0.800200, 0.890000
0.800300, 0.890000
0.800300, 0.895000
0.800600, 0.895000
0.802400, 0.895000
0.802500, 0.895000
0.802600, 0.895000
0.802700, 0.895000
0.802800, 0.895000
0.802900, 0.895000
0.803000, 0.895000
0.803100, 0.895000
0.803200, 0.895000
0.803300, 0.895000
0.803400, 0.895000
0.803600, 0.895000
0.803700, 0.895000
0.803800, 0.895000
0.803900, 0.895000
0.804100, 0.895000
0.804200, 0.895000
0.804300, 0.895000
0.804400, 0.895000
0.804500, 0.895000
0.804600, 0.895000
0.804700, 0.895000
0.804800, 0.895000
0.804900, 0.895000
0.805000, 0.895000
0.805100, 0.895000
0.805200, 0.895000
0.805300, 0.895000
0.805400, 0.895000
0.805500, 0.895000
0.805600, 0.895000
0.805700, 0.895000
0.805800, 0.895000
0.805900, 0.895000
0.806000, 0.895000
0.806100, 0.895000
0.806200, 0.895000
0.806300, 0.895000
0.806400, 0.895000
0.806600, 0.895000
0.806600, 0.900000
0.806700, 0.900000
0.806800, 0.900000
0.806900, 0.900000
0.807000, 0.900000
0.807100, 0.900000
0.807200, 0.900000
0.807300, 0.900000
0.807400, 0.900000
0.807500, 0.900000
0.807600, 0.900000
0.807700, 0.900000
0.807800, 0.900000
0.807900, 0.900000
0.808000, 0.900000
0.808200, 0.900000
0.808300, 0.900000
0.808400, 0.900000
0.808500, 0.900000
0.808600, 0.900000
0.808700, 0.900000
0.808800, 0.900000
0.808900, 0.900000
0.809000, 0.900000
0.809100, 0.900000
0.809200, 0.900000
0.809300, 0.900000
0.809400, 0.900000
0.809500, 0.900000
0.809600, 0.900000
0.809700, 0.900000
0.809800, 0.900000
0.809900, 0.900000
0.810000, 0.900000
0.810100, 0.900000
0.810300, 0.900000
0.810400, 0.900000
0.810500, 0.900000
0.810600, 0.900000
0.810700, 0.900000
0.810800, 0.900000
0.810900, 0.900000
0.811000, 0.900000
0.811100, 0.900000
0.811200, 0.900000
0.811300, 0.900000
0.811400, 0.900000
0.811500, 0.900000
0.811600, 0.900000
0.811700, 0.900000
0.811800, 0.900000
0.811900, 0.900000
0.812200, 0.900000
0.812300, 0.900000
0.812400, 0.900000
0.812500, 0.900000
0.812600, 0.900000
0.812700, 0.900000
0.812800, 0.900000
0.812900, 0.900000
0.813000, 0.900000
0.813100, 0.900000
0.813200, 0.900000
0.814200, 0.900000
0.814300, 0.900000
0.814400, 0.900000
0.814500, 0.900000
0.814600, 0.900000
0.814700, 0.900000
0.814800, 0.900000
0.814900, 0.900000
0.815000, 0.900000
0.815600, 0.900000
0.815700, 0.900000
0.815900, 0.900000
0.816000, 0.900000
0.816100, 0.900000
0.816200, 0.900000
0.816300, 0.900000
0.816400, 0.900000
0.816500, 0.900000
0.816600, 0.900000
0.816900, 0.900000
0.817000, 0.900000
0.818400, 0.900000
0.818500, 0.900000
0.818600, 0.900000
0.818700, 0.900000
0.818800, 0.900000
0.818900, 0.900000
0.819000, 0.900000
0.819100, 0.900000
0.819200, 0.900000
0.819300, 0.900000
0.819700, 0.900000
0.820100, 0.900000
0.820200, 0.900000
0.820300, 0.900000
0.820400, 0.900000
0.820500, 0.900000
0.821100, 0.900000
0.821200, 0.900000
0.821300, 0.900000
0.821400, 0.900000
0.821500, 0.900000
0.821600, 0.900000
0.821700, 0.900000
0.821800, 0.900000
0.822000, 0.900000
0.822100, 0.900000
0.822200, 0.900000
0.822500, 0.900000
0.824900, 0.900000
0.825000, 0.900000
0.825100, 0.900000
0.825200, 0.900000
0.825300, 0.900000
0.825400, 0.900000
0.825500, 0.900000
0.825600, 0.900000
0.825700, 0.900000
0.825800, 0.900000
0.825900, 0.900000
0.826000, 0.900000
0.826100, 0.900000
0.826500, 0.900000
0.826600, 0.900000
0.826700, 0.900000
0.826800, 0.900000
0.826900, 0.900000
0.827000, 0.900000
0.827100, 0.900000
0.827200, 0.900000
0.827300, 0.900000
0.827500, 0.900000
0.828000, 0.900000
0.828100, 0.900000
0.828200, 0.900000
0.828300, 0.900000
0.828700, 0.900000
0.828800, 0.900000
0.828900, 0.900000
0.829000, 0.900000
0.829100, 0.900000
0.829200, 0.900000
0.829300, 0.900000
0.829400, 0.900000
0.829500, 0.900000
0.829600, 0.900000
0.829700, 0.900000
0.829800, 0.900000
0.829900, 0.900000
0.830000, 0.900000
0.830100, 0.900000
0.830200, 0.900000
0.830300, 0.900000
0.830400, 0.900000
0.830500, 0.900000
0.830700, 0.900000
0.830800, 0.900000
0.830900, 0.900000
0.831000, 0.900000
0.831100, 0.900000
0.831200, 0.900000
0.831300, 0.900000
0.831400, 0.900000
0.831500, 0.900000
0.831600, 0.900000
0.831700, 0.900000
0.831800, 0.900000
0.831900, 0.900000
0.832000, 0.900000
0.832100, 0.900000
0.832200, 0.900000
0.832300, 0.900000
0.832400, 0.900000
0.832500, 0.900000
0.832600, 0.900000
0.832700, 0.900000
0.832800, 0.900000
0.832900, 0.900000
0.833000, 0.900000
0.833100, 0.900000
0.833200, 0.900000
0.833300, 0.900000
0.833400, 0.900000
0.833500, 0.900000
0.833600, 0.900000
0.833700, 0.900000
0.833800, 0.900000
0.833900, 0.900000
0.834000, 0.900000
0.834100, 0.900000
0.834200, 0.900000
0.834300, 0.900000
0.834400, 0.900000
0.834500, 0.900000
0.834600, 0.900000
0.834700, 0.900000
0.834800, 0.900000
0.834900, 0.900000
0.835100, 0.900000
0.835200, 0.900000
0.835300, 0.900000
0.835400, 0.900000
0.835800, 0.900000
0.837800, 0.900000
0.837800, 0.905000
0.837900, 0.905000
0.838300, 0.905000
0.838400, 0.905000
0.838500, 0.905000
0.838600, 0.905000
0.838800, 0.905000
0.838900, 0.905000
0.839100, 0.905000
0.839300, 0.905000
0.839400, 0.905000
0.840000, 0.905000
0.840100, 0.905000
0.840400, 0.905000
0.842400, 0.905000
0.842500, 0.905000
0.842600, 0.905000
0.842700, 0.905000
0.842800, 0.905000
0.842900, 0.905000
0.843200, 0.905000
0.843300, 0.905000
0.843400, 0.905000
0.843500, 0.905000
0.843600, 0.905000
0.843700, 0.905000
0.843800, 0.905000
0.843900, 0.905000
0.844000, 0.905000
0.844100, 0.905000
0.844300, 0.905000
0.844800, 0.905000
0.844900, 0.905000
0.845000, 0.905000
0.845100, 0.905000
0.845400, 0.905000
0.845500, 0.905000
0.845600, 0.905000
0.845700, 0.905000
0.845800, 0.905000
0.845900, 0.905000
0.846000, 0.905000
0.846100, 0.905000
0.846400, 0.905000
0.846500, 0.905000
0.846600, 0.905000
0.846700, 0.905000
0.846800, 0.905000
0.846900, 0.905000
0.847000, 0.905000
0.847100, 0.905000
0.847200, 0.905000
0.847300, 0.905000
0.847400, 0.905000
0.847500, 0.905000
0.847500, 0.910000
0.847600, 0.910000
0.847700, 0.910000
0.847800, 0.910000
0.847900, 0.910000
0.848000, 0.910000
0.848100, 0.910000
0.848200, 0.910000
0.848300, 0.910000
0.848400, 0.910000
0.848600, 0.910000
0.848800, 0.910000
0.848900, 0.910000
0.849000, 0.910000
0.849100, 0.910000
0.849200, 0.910000
0.849300, 0.910000
0.849400, 0.910000
0.849500, 0.910000
0.849600, 0.910000
0.849700, 0.910000
0.849800, 0.910000
0.849900, 0.910000
0.850200, 0.910000
0.850300, 0.910000
0.851000, 0.910000
0.851100, 0.910000
0.853100, 0.910000
0.853200, 0.910000
0.853300, 0.910000
0.853400, 0.910000
0.853600, 0.910000
0.853700, 0.910000
0.853800, 0.910000
0.854000, 0.910000
0.854100, 0.910000
0.854200, 0.910000
0.854300, 0.910000
0.854500, 0.910000
0.854600, 0.910000
0.854800, 0.910000
0.854900, 0.910000
0.855400, 0.910000
0.857000, 0.910000
0.857100, 0.910000
0.857200, 0.910000
0.857400, 0.910000
0.857500, 0.910000
0.857600, 0.910000
0.857700, 0.910000
0.857800, 0.910000
0.857900, 0.910000
0.858000, 0.910000
0.858400, 0.910000
0.858600, 0.910000
0.858700, 0.910000
0.858900, 0.910000
0.859100, 0.910000
0.859400, 0.910000
0.859700, 0.910000
0.860100, 0.910000
0.860200, 0.910000
0.860600, 0.910000
0.860700, 0.910000
0.860800, 0.910000
0.860900, 0.910000
0.861000, 0.910000
0.861100, 0.910000
0.861200, 0.910000
0.861300, 0.910000
0.861400, 0.910000
0.861500, 0.910000
0.861600, 0.910000
0.861700, 0.910000
0.861800, 0.910000
0.861800, 0.915000
0.861900, 0.915000
0.862100, 0.915000
0.862200, 0.915000
0.862300, 0.915000
0.862400, 0.915000
0.862700, 0.915000
0.862800, 0.915000
0.862900, 0.915000
0.863000, 0.915000
0.863200, 0.915000
0.863300, 0.915000
0.863700, 0.915000
0.863800, 0.915000
0.863900, 0.915000
0.864000, 0.915000
0.864100, 0.915000
0.864200, 0.915000
0.864300, 0.915000
0.864400, 0.915000
0.864500, 0.915000
0.864600, 0.915000
0.864700, 0.915000
0.864800, 0.915000
0.864900, 0.915000
0.865000, 0.915000
0.865200, 0.915000
0.865300, 0.915000
0.865400, 0.915000
0.865500, 0.915000
0.865600, 0.915000
0.865700, 0.915000
0.865800, 0.915000
0.865900, 0.915000
0.866000, 0.915000
0.866200, 0.915000
0.866300, 0.915000
0.866400, 0.915000
0.866500, 0.915000
0.866600, 0.915000
0.866700, 0.915000
0.866800, 0.915000
0.866900, 0.915000
0.867000, 0.915000
0.867100, 0.915000
0.867200, 0.915000
0.867300, 0.915000
0.867400, 0.915000
0.867500, 0.915000
0.867600, 0.915000
0.868300, 0.915000
0.871400, 0.915000
0.871500, 0.915000
0.871600, 0.915000
0.871700, 0.915000
0.871800, 0.915000
0.871800, 0.920000
0.871900, 0.920000
0.872100, 0.920000
0.872200, 0.920000
0.872300, 0.920000
0.872400, 0.920000
0.872500, 0.920000
0.872600, 0.920000
0.872800, 0.920000
0.872900, 0.920000
0.873300, 0.920000
0.874000, 0.920000
0.874000, 0.925000
0.874000, 0.930000
0.874100, 0.930000
0.874200, 0.930000
0.874500, 0.930000
0.874600, 0.930000
0.874700, 0.930000
0.875000, 0.930000
0.875100, 0.930000
0.875200, 0.930000
0.875500, 0.930000
0.875600, 0.930000
0.875700, 0.930000
0.875800, 0.930000
0.875900, 0.930000
0.876000, 0.930000
0.876100, 0.930000
0.876200, 0.930000
0.876300, 0.930000
0.876400, 0.930000
0.876700, 0.930000
0.876800, 0.930000
0.876900, 0.930000
0.877000, 0.930000
0.877300, 0.930000
0.877400, 0.930000
0.877500, 0.930000
0.877600, 0.930000
0.877700, 0.930000
0.877800, 0.930000
0.877900, 0.930000
0.878000, 0.930000
0.878100, 0.930000
0.878200, 0.930000
0.878300, 0.930000
0.878400, 0.930000
0.878500, 0.930000
0.878600, 0.930000
0.878700, 0.930000
0.879100, 0.930000
0.879200, 0.930000
0.879300, 0.930000
0.879400, 0.930000
0.879500, 0.930000
0.879600, 0.930000
0.879700, 0.930000
0.879800, 0.930000
0.879900, 0.930000
0.880400, 0.930000
0.880500, 0.930000
0.880600, 0.930000
0.880700, 0.930000
0.881200, 0.930000
0.881500, 0.930000
0.882600, 0.930000
0.882700, 0.930000
0.882800, 0.930000
0.882900, 0.930000
0.883000, 0.930000
0.883100, 0.930000
0.883500, 0.930000
0.883600, 0.930000
0.883700, 0.930000
0.884400, 0.930000
0.884500, 0.930000
0.885700, 0.930000
0.885800, 0.930000
0.885900, 0.930000
0.886000, 0.930000
0.886200, 0.930000
0.886300, 0.930000
0.886400, 0.930000
0.886500, 0.930000
0.886600, 0.930000
0.886700, 0.930000
0.886800, 0.930000
0.886900, 0.930000
0.887000, 0.930000
0.887100, 0.930000
0.887200, 0.930000
0.887800, 0.930000
0.888200, 0.930000
0.888400, 0.930000
0.888500, 0.930000
0.888900, 0.930000
0.889000, 0.930000
0.889100, 0.930000
0.889300, 0.930000
0.889400, 0.930000
0.889500, 0.930000
0.890000, 0.930000
0.890100, 0.930000
0.890500, 0.930000
0.890600, 0.930000
0.890700, 0.930000
0.890800, 0.930000
0.890900, 0.930000
0.891000, 0.930000
0.891100, 0.930000
0.891200, 0.930000
0.891300, 0.930000
0.891400, 0.930000
0.892400, 0.930000
0.892500, 0.930000
0.892600, 0.930000
0.892700, 0.930000
0.892800, 0.930000
0.892900, 0.930000
0.893000, 0.930000
0.893600, 0.930000
0.893800, 0.930000
0.893900, 0.930000
0.894000, 0.930000
0.894100, 0.930000
0.894200, 0.930000
0.894300, 0.930000
0.894400, 0.930000
0.894500, 0.930000
0.894700, 0.930000
0.894800, 0.930000
0.894900, 0.930000
0.895000, 0.930000
0.895200, 0.930000
0.895300, 0.930000
0.895400, 0.930000
0.895500, 0.930000
0.895700, 0.930000
0.895800, 0.930000
0.896900, 0.930000
0.897200, 0.930000
0.897300, 0.930000
0.897800, 0.930000
0.898000, 0.930000
0.898000, 0.935000
0.898100, 0.935000
0.898200, 0.935000
0.898300, 0.935000
0.898600, 0.935000
0.898700, 0.935000
0.898800, 0.935000
0.899000, 0.935000
0.899100, 0.935000
0.899200, 0.935000
0.899300, 0.935000
0.899400, 0.935000
0.899500, 0.935000
0.999900, 1.000000
1.000000, 1.000000
