ROC-AUC score 0.969966
0.000000, 0.000000
0.002801, 0.111111
0.005602, 0.111111
0.005602, 0.222222
0.008403, 0.222222
0.008403, 0.333333
0.008403, 0.444444
0.011204, 0.444444
0.011204, 0.555556
0.014006, 0.555556
0.016807, 0.555556
0.019608, 0.555556
0.022409, 0.555556
0.022409, 0.666667
0.025210, 0.666667
0.028011, 0.666667
0.030812, 0.666667
0.033613, 0.666667
0.036415, 0.666667
0.039216, 0.666667
0.042017, 0.666667
0.044818, 0.666667
0.044818, 0.777778
0.047619, 0.777778
0.050420, 0.777778
0.053221, 0.777778
0.056022, 0.777778
0.058824, 0.777778
0.061625, 0.777778
0.064426, 0.777778
0.067227, 0.777778
0.070028, 0.777778
0.072829, 0.777778
0.075630, 0.777778
0.075630, 0.888889
0.078431, 0.888889
0.081232, 0.888889
0.084034, 0.888889
0.086835, 0.888889
0.089636, 0.888889
0.092437, 0.888889
0.092437, 1.000000
0.095238, 1.000000
0.098039, 1.000000
0.100840, 1.000000
0.103641, 1.000000
0.106443, 1.000000
0.109244, 1.000000
0.112045, 1.000000
0.114846, 1.000000
0.117647, 1.000000
0.120448, 1.000000
0.123249, 1.000000
0.126050, 1.000000
0.128852, 1.000000
0.131653, 1.000000
0.134454, 1.000000
0.137255, 1.000000
0.140056, 1.000000
0.142857, 1.000000
0.145658, 1.000000
0.148459, 1.000000
0.151261, 1.000000
0.154062, 1.000000
0.156863, 1.000000
0.159664, 1.000000
0.162465, 1.000000
0.165266, 1.000000
0.168067, 1.000000
0.170868, 1.000000
0.173669, 1.000000
0.176471, 1.000000
0.179272, 1.000000
0.182073, 1.000000
0.184874, 1.000000
0.187675, 1.000000
0.190476, 1.000000
0.193277, 1.000000
0.196078, 1.000000
0.198880, 1.000000
0.201681, 1.000000
0.204482, 1.000000
0.207283, 1.000000
0.210084, 1.000000
0.212885, 1.000000
0.215686, 1.000000
0.218487, 1.000000
0.221289, 1.000000
0.224090, 1.000000
0.226891, 1.000000
0.229692, 1.000000
0.232493, 1.000000
0.235294, 1.000000
0.238095, 1.000000
0.240896, 1.000000
0.243697, 1.000000
0.246499, 1.000000
0.249300, 1.000000
0.252101, 1.000000
0.254902, 1.000000
0.257703, 1.000000
0.260504, 1.000000
0.263305, 1.000000
0.266106, 1.000000
0.268908, 1.000000
0.271709, 1.000000
0.274510, 1.000000
0.277311, 1.000000
0.280112, 1.000000
0.282913, 1.000000
0.285714, 1.000000
0.288515, 1.000000
0.291317, 1.000000
0.294118, 1.000000
0.296919, 1.000000
0.299720, 1.000000
0.302521, 1.000000
0.305322, 1.000000
0.308123, 1.000000
0.310924, 1.000000
0.313725, 1.000000
0.316527, 1.000000
0.319328, 1.000000
0.322129, 1.000000
0.324930, 1.000000
0.327731, 1.000000
0.330532, 1.000000
0.333333, 1.000000
0.336134, 1.000000
0.338936, 1.000000
0.341737, 1.000000
0.344538, 1.000000
0.347339, 1.000000
0.350140, 1.000000
0.352941, 1.000000
0.355742, 1.000000
0.358543, 1.000000
0.361345, 1.000000
0.364146, 1.000000
0.366947, 1.000000
0.369748, 1.000000
0.372549, 1.000000
0.375350, 1.000000
0.378151, 1.000000
0.380952, 1.000000
0.383754, 1.000000
0.386555, 1.000000
0.389356, 1.000000
0.392157, 1.000000
0.394958, 1.000000
0.397759, 1.000000
0.400560, 1.000000
0.403361, 1.000000
0.406162, 1.000000
0.408964, 1.000000
0.411765, 1.000000
0.414566, 1.000000
0.417367, 1.000000
0.420168, 1.000000
0.422969, 1.000000
0.425770, 1.000000
0.428571, 1.000000
0.431373, 1.000000
0.434174, 1.000000
0.436975, 1.000000
0.439776, 1.000000
0.442577, 1.000000
0.445378, 1.000000
0.448179, 1.000000
0.450980, 1.000000
0.453782, 1.000000
0.456583, 1.000000
0.459384, 1.000000
0.462185, 1.000000
0.464986, 1.000000
0.467787, 1.000000
0.470588, 1.000000
0.473389, 1.000000
0.476190, 1.000000
0.478992, 1.000000
0.481793, 1.000000
0.484594, 1.000000
0.487395, 1.000000
0.490196, 1.000000
0.492997, 1.000000
0.495798, 1.000000
0.498599, 1.000000
0.501401, 1.000000
0.504202, 1.000000
0.507003, 1.000000
0.509804, 1.000000
0.512605, 1.000000
0.515406, 1.000000
0.518207, 1.000000
0.521008, 1.000000
0.523810, 1.000000
0.526611, 1.000000
0.529412, 1.000000
0.532213, 1.000000
0.535014, 1.000000
0.537815, 1.000000
0.540616, 1.000000
0.543417, 1.000000
0.546218, 1.000000
0.549020, 1.000000
0.551821, 1.000000
0.554622, 1.000000
0.557423, 1.000000
0.560224, 1.000000
0.563025, 1.000000
0.565826, 1.000000
0.568627, 1.000000
0.571429, 1.000000
0.574230, 1.000000
0.577031, 1.000000
0.579832, 1.000000
0.582633, 1.000000
0.585434, 1.000000
0.588235, 1.000000
0.591036, 1.000000
0.593838, 1.000000
0.596639, 1.000000
0.599440, 1.000000
0.602241, 1.000000
0.605042, 1.000000
0.607843, 1.000000
0.610644, 1.000000
0.613445, 1.000000
0.616246, 1.000000
0.619048, 1.000000
0.621849, 1.000000
0.624650, 1.000000
0.627451, 1.000000
0.630252, 1.000000
0.633053, 1.000000
0.635854, 1.000000
0.638655, 1.000000
0.641457, 1.000000
0.644258, 1.000000
0.647059, 1.000000
0.649860, 1.000000
0.652661, 1.000000
0.655462, 1.000000
0.658263, 1.000000
0.661064, 1.000000
0.663866, 1.000000
0.666667, 1.000000
0.669468, 1.000000
0.672269, 1.000000
0.675070, 1.000000
0.677871, 1.000000
0.680672, 1.000000
0.683473, 1.000000
0.686275, 1.000000
0.689076, 1.000000
0.691877, 1.000000
0.694678, 1.000000
0.697479, 1.000000
0.700280, 1.000000
0.703081, 1.000000
0.705882, 1.000000
0.708683, 1.000000
0.711485, 1.000000
0.714286, 1.000000
0.717087, 1.000000
0.719888, 1.000000
0.722689, 1.000000
0.725490, 1.000000
0.728291, 1.000000
0.731092, 1.000000
0.733894, 1.000000
0.736695, 1.000000
0.739496, 1.000000
0.742297, 1.000000
0.745098, 1.000000
0.747899, 1.000000
0.750700, 1.000000
0.753501, 1.000000
0.756303, 1.000000
0.759104, 1.000000
0.761905, 1.000000
0.764706, 1.000000
0.767507, 1.000000
0.770308, 1.000000
0.773109, 1.000000
0.775910, 1.000000
0.778711, 1.000000
0.781513, 1.000000
0.784314, 1.000000
0.787115, 1.000000
0.789916, 1.000000
0.792717, 1.000000
0.795518, 1.000000
0.798319, 1.000000
0.801120, 1.000000
0.803922, 1.000000
0.806723, 1.000000
0.809524, 1.000000
0.812325, 1.000000
0.815126, 1.000000
0.817927, 1.000000
0.820728, 1.000000
0.823529, 1.000000
0.826331, 1.000000
0.829132, 1.000000
0.831933, 1.000000
0.834734, 1.000000
0.837535, 1.000000
0.840336, 1.000000
0.843137, 1.000000
0.845938, 1.000000
0.848739, 1.000000
0.851541, 1.000000
0.854342, 1.000000
0.857143, 1.000000
0.859944, 1.000000
0.862745, 1.000000
0.865546, 1.000000
0.868347, 1.000000
0.871148, 1.000000
0.873950, 1.000000
0.876751, 1.000000
0.879552, 1.000000
0.882353, 1.000000
0.885154, 1.000000
0.887955, 1.000000
0.890756, 1.000000
0.893557, 1.000000
0.896359, 1.000000
0.899160, 1.000000
0.901961, 1.000000
0.904762, 1.000000
0.907563, 1.000000
0.910364, 1.000000
0.913165, 1.000000
0.915966, 1.000000
0.918768, 1.000000
0.921569, 1.000000
0.924370, 1.000000
0.927171, 1.000000
0.929972, 1.000000
0.932773, 1.000000
0.935574, 1.000000
0.938375, 1.000000
0.941176, 1.000000
0.943978, 1.000000
0.946779, 1.000000
0.949580, 1.000000
0.952381, 1.000000
0.955182, 1.000000
0.957983, 1.000000
0.960784, 1.000000
0.963585, 1.000000
0.966387, 1.000000
0.969188, 1.000000
0.971989, 1.000000
0.974790, 1.000000
0.977591, 1.000000
0.980392, 1.000000
0.983193, 1.000000
0.985994, 1.000000
0.988796, 1.000000
0.991597, 1.000000
0.994398, 1.000000
0.997199, 1.000000
1.000000, 1.000000
