0.012000000000000002 0.9386274509805348 0.013921568627450946
0.036000000000000004 0.027647058823529493 0.0019607843137254897
0.06000000000000001 0.008823529411764707 0.0023529411764705885
0.08400000000000002 0.0023529411764705885 5.88235294117647E-4
0.10800000000000001 9.803921568627449E-4 3.92156862745098E-4
0.13200000000000003 9.80392156862745E-5 0.0
0.15600000000000003 4.901960784313725E-4 0.0
0.18000000000000002 9.80392156862745E-5 0.0
0.20400000000000004 0.0 0.0
0.22800000000000004 0.0 0.0
0.25200000000000006 0.0 0.0
0.276 9.80392156862745E-5 0.0
0.30000000000000004 0.0 0.0
0.32400000000000007 9.80392156862745E-5 0.0
0.34800000000000003 0.0 0.0
0.37200000000000005 0.0 0.0
0.3960000000000001 0.0 0.0
0.4200000000000001 0.0 0.0
0.44400000000000006 0.0 0.0
0.4680000000000001 0.0 0.0
0.4920000000000001 0.0 0.0
0.5160000000000001 0.0 0.0
0.54 0.0 0.0
0.5640000000000001 0.0 0.0
0.5880000000000001 0.0 0.0
0.6120000000000001 0.0 0.0
0.6360000000000001 0.0 0.0
0.6600000000000001 0.0 0.0
0.6840000000000002 0.0 0.0
0.7080000000000001 0.0 0.0
0.7320000000000001 0.0 0.0
0.7560000000000001 0.0 0.0
0.7800000000000001 0.0 0.0
0.8040000000000002 9.80392156862745E-5 0.0
0.8280000000000002 0.0 0.0
0.8520000000000001 0.0 0.0
0.8760000000000001 0.0 0.0
0.9000000000000001 0.0 0.0
0.9240000000000002 0.0 0.0
0.9480000000000002 9.80392156862745E-5 0.0
0.9720000000000002 0.0 0.0
0.9960000000000002 0.0 0.0
1.0200000000000002 0.0 0.0
1.0440000000000003 0.0 0.0
1.0680000000000003 0.0 0.0
1.092 0.0 0.0
1.116 0.0 0.0
1.1400000000000001 0.0 0.0
1.1640000000000001 0.0 0.0
1.1880000000000002 9.80392156862745E-5 0.0
1.2120000000000002 9.80392156862745E-5 0.0
1.2360000000000002 9.80392156862745E-5 0.0
1.2600000000000002 9.80392156862745E-5 0.0
1.2840000000000003 0.0 0.0
1.3080000000000003 0.0 0.0
1.3320000000000003 0.0 0.0
1.3560000000000003 0.0 0.0
1.3800000000000003 0.0 0.0
1.4040000000000001 0.0 0.0
1.4280000000000002 0.0 0.0
1.4520000000000002 0.0 0.0
1.4760000000000002 0.0 0.0
1.5000000000000002 0.0 0.0
1.5240000000000002 0.0 9.80392156862745E-5
1.5480000000000003 0.0 0.0
1.5720000000000003 0.0 9.80392156862745E-5
1.5960000000000003 9.80392156862745E-5 0.0
1.6200000000000003 0.0 0.0
1.6440000000000003 9.80392156862745E-5 0.0
1.6680000000000004 0.0 0.0
1.6920000000000002 1.96078431372549E-4 0.0
1.7160000000000002 0.0 0.0
1.7400000000000002 9.80392156862745E-5 1.96078431372549E-4
