# ROCAUC: 0.31173399999999996
# False Positive Rate True Positive Rate
0.0 0.0
1.0E-4 0.0
1.0E-4 0.01
5.0E-4 0.01
5.0E-4 0.02
0.0021000000000000003 0.02
0.0021000000000000003 0.035
0.0025 0.035
0.0025 0.04
0.0032 0.04
0.0032 0.045
0.0034000000000000002 0.045
0.0034000000000000002 0.06
0.0035 0.06
0.0035 0.07
0.0067 0.07
0.0067 0.08
0.006900000000000001 0.08
0.006900000000000001 0.085
0.0071 0.085
0.0071 0.095
0.0078000000000000005 0.095
0.0078000000000000005 0.1
0.0082 0.1
0.0082 0.105
0.0083 0.105
0.0083 0.11
0.0088 0.11
0.0088 0.115
0.009000000000000001 0.115
0.009000000000000001 0.135
0.0095 0.135
0.0095 0.14
0.009600000000000001 0.14
0.009600000000000001 0.145
0.010100000000000001 0.145
0.010100000000000001 0.155
0.0102 0.155
0.0102 0.16
0.0106 0.16
0.0106 0.165
0.0115 0.165
0.0115 0.17
0.0118 0.17
0.0118 0.17500000000000002
0.0119 0.17500000000000002
0.0119 0.18
0.012100000000000001 0.18
0.012100000000000001 0.185
0.0129 0.185
0.0129 0.19
0.0161 0.19
0.0161 0.195
0.016800000000000002 0.195
0.016800000000000002 0.2
0.016900000000000002 0.2
0.016900000000000002 0.21
0.0171 0.21
0.0171 0.215
0.0173 0.215
0.0173 0.22
0.018000000000000002 0.22
0.018000000000000002 0.225
0.0181 0.225
0.0181 0.255
0.0188 0.255
0.0188 0.26
0.0189 0.26
0.0189 0.265
0.019 0.265
0.019 0.27
0.0227 0.27
0.0227 0.275
0.025 0.275
0.025 0.28
0.025900000000000003 0.28
0.025900000000000003 0.28500000000000003
0.032100000000000004 0.28500000000000003
0.032100000000000004 0.29
0.6219 0.29
0.6219 0.3
0.6728000000000001 0.3
0.6728000000000001 0.325
0.7401 0.325
0.7401 0.375
1.0 0.375
1.0 1.0
