0.02 0.0041533546325878586 0.0
0.024800000000000003 0.034185303514376986 0.0
0.0296 0.11086261980830639 0.0
0.0344 0.13546325878594206 3.194888178913738E-4
0.0392 0.12140575079872168 0.0012779552715654952
0.044000000000000004 0.11054313099041502 9.584664536741214E-4
0.0488 0.09297124600638954 9.584664536741214E-4
0.05360000000000001 0.07156549520766758 0.0
0.05840000000000001 0.05239616613418523 3.194888178913738E-4
0.0632 0.05591054313099033 3.194888178913738E-4
0.068 0.03897763578274759 3.194888178913738E-4
0.0728 0.023322683706070303 3.194888178913738E-4
0.0776 0.025878594249201296 6.389776357827476E-4
0.08240000000000001 0.019169329073482438 0.0
0.08720000000000001 0.015654952076677324 9.584664536741214E-4
0.09200000000000001 0.01309904153354633 6.389776357827476E-4
0.09680000000000001 0.008945686900958465 3.194888178913738E-4
0.10160000000000001 0.009265175718849841 3.194888178913738E-4
0.10640000000000001 0.006389776357827475 6.389776357827476E-4
0.11120000000000001 0.006389776357827475 3.194888178913738E-4
0.11600000000000002 0.003194888178913738 6.389776357827476E-4
0.12080000000000002 0.0038338658146964853 6.389776357827476E-4
0.12560000000000002 0.005431309904153353 3.194888178913738E-4
0.13040000000000002 0.003194888178913738 0.0012779552715654952
0.13520000000000001 0.0028753993610223638 6.389776357827476E-4
0.14 0.001597444089456869 0.0
0.1448 6.389776357827476E-4 0.0
0.1496 3.194888178913738E-4 3.194888178913738E-4
0.1544 3.194888178913738E-4 6.389776357827476E-4
0.1592 0.0 0.0
0.164 6.389776357827476E-4 0.0
0.1688 9.584664536741214E-4 3.194888178913738E-4
0.17360000000000003 3.194888178913738E-4 0.0
0.17840000000000003 0.0 0.0
0.18320000000000003 0.0 0.0
0.18800000000000003 9.584664536741214E-4 0.0
0.19280000000000003 3.194888178913738E-4 0.0
0.19760000000000003 0.0 0.0
0.20240000000000002 0.0 0.0
0.20720000000000002 0.0 3.194888178913738E-4
0.21200000000000002 0.0 0.0
0.21680000000000002 0.0 3.194888178913738E-4
0.22160000000000002 0.0 0.0
0.22640000000000002 0.0 0.0
0.23120000000000002 0.0 3.194888178913738E-4
0.23600000000000002 0.0 0.0
0.24080000000000001 0.0 3.194888178913738E-4
0.2456 0.0 3.194888178913738E-4
0.2504 0.0 3.194888178913738E-4
0.25520000000000004 0.0 3.194888178913738E-4
0.26 0.0 3.194888178913738E-4
0.26480000000000004 0.0 6.389776357827476E-4
0.2696 0.0 6.389776357827476E-4
0.27440000000000003 0.0 0.0
0.2792 0.0 0.0
0.28400000000000003 0.0 0.0
0.28880000000000006 0.0 3.194888178913738E-4
0.2936 0.0 0.0
0.29840000000000005 0.0 3.194888178913738E-4
0.3032 0.0 3.194888178913738E-4
0.30800000000000005 0.0 0.0
0.3128 0.0 0.0
0.31760000000000005 0.0 0.0
0.3224 0.0 0.0
0.32720000000000005 0.0 0.0
0.332 0.0 0.0
0.33680000000000004 0.0 3.194888178913738E-4
0.3416 0.0 0.0
0.34640000000000004 0.0 0.0
0.3512 0.0 0.0
0.35600000000000004 0.0 3.194888178913738E-4
