# ROCAUC: 0.862684820822456
# False Positive Rate True Positive Rate
0.0 0.0
0.0 0.288135593220339
0.0016281341582546403 0.288135593220339
0.0016281341582546403 0.3050847457627119
0.003581895148160209 0.3050847457627119
0.003581895148160209 0.3389830508474576
0.0039075219798111365 0.3389830508474576
0.0039075219798111365 0.3559322033898305
0.007163790296320418 0.3559322033898305
0.007163790296320418 0.3728813559322034
0.007815043959622273 0.3728813559322034
0.007815043959622273 0.3898305084745763
0.009117551286225985 0.3898305084745763
0.009117551286225985 0.4067796610169492
0.010420058612829698 0.4067796610169492
0.010420058612829698 0.423728813559322
0.010745685444480626 0.423728813559322
0.010745685444480626 0.4576271186440678
0.01693259524584826 0.4576271186440678
0.01693259524584826 0.4745762711864407
0.017909475740801043 0.4745762711864407
0.017909475740801043 0.4915254237288136
0.019537609899055685 0.4915254237288136
0.019537609899055685 0.5084745762711864
0.02181699772061218 0.5084745762711864
0.02181699772061218 0.5254237288135594
0.023119505047215893 0.5254237288135594
0.023119505047215893 0.5423728813559322
0.027678280690328884 0.5423728813559322
0.027678280690328884 0.559322033898305
0.03614457831325302 0.559322033898305
0.03614457831325302 0.576271186440678
0.03777271247150765 0.576271186440678
0.03777271247150765 0.5932203389830508
0.03874959296646044 0.5932203389830508
0.03874959296646044 0.6101694915254238
0.056333441875610554 0.6101694915254238
0.056333441875610554 0.6271186440677966
0.05991533702377076 0.6271186440677966
0.05991533702377076 0.6440677966101694
0.06284597850862912 0.6440677966101694
0.06284597850862912 0.6610169491525424
0.07066102246825139 0.6610169491525424
0.07066102246825139 0.6779661016949152
0.07717355910126995 0.6779661016949152
0.07717355910126995 0.6949152542372882
0.07977857375447737 0.6949152542372882
0.07977857375447737 0.711864406779661
0.1113643764246174 0.711864406779661
0.1113643764246174 0.7288135593220338
0.12732009117551288 0.7288135593220338
0.12732009117551288 0.7457627118644068
0.1556496255291436 0.7457627118644068
0.1556496255291436 0.7627118644067796
0.18951481602084014 0.7627118644067796
0.18951481602084014 0.7796610169491526
0.20449365027678282 0.7796610169491526
0.20449365027678282 0.7966101694915254
0.30185607294041034 0.7966101694915254
0.30185607294041034 0.8135593220338984
0.38228590035818955 0.8135593220338984
0.38228590035818955 0.8305084745762712
0.4539238033213937 0.8305084745762712
0.4539238033213937 0.864406779661017
0.4920221426245523 0.864406779661017
0.4920221426245523 0.8813559322033898
0.5366330185607294 0.8813559322033898
0.5366330185607294 0.8983050847457628
0.5770107456854445 0.8983050847457628
0.5770107456854445 0.9152542372881356
0.5942689677629437 0.9152542372881356
0.5942689677629437 0.9322033898305084
0.6574405731032238 0.9322033898305084
0.6574405731032238 0.9491525423728814
0.665255617062846 0.9491525423728814
0.665255617062846 0.9661016949152542
0.7085639856724194 0.9661016949152542
0.7085639856724194 0.9830508474576272
0.7749918593292088 0.9830508474576272
0.7749918593292088 1.0
1.0 1.0
