0.024799999999999996 0.00255591054313099 0.0
0.03 0.0146964856230032 0.0
0.035199999999999995 0.03833865814696485 9.584664536741214E-4
0.0404 0.04792332268370602 0.0
0.045599999999999995 0.05463258785942484 6.389776357827476E-4
0.0508 0.05175718849840249 3.194888178913738E-4
0.055999999999999994 0.07635782747603817 6.389776357827476E-4
0.0612 0.06869009584664523 6.389776357827476E-4
0.06639999999999999 0.06421725239616602 3.194888178913738E-4
0.0716 0.06709265175718837 3.194888178913738E-4
0.0768 0.05559105431309896 3.194888178913738E-4
0.08199999999999999 0.051118210862619744 6.389776357827476E-4
0.0872 0.04920127795527151 0.0
0.0924 0.04952076677316288 3.194888178913738E-4
0.09759999999999999 0.04824281150159739 3.194888178913738E-4
0.10279999999999999 0.0319488817891374 0.0
0.108 0.03610223642172524 3.194888178913738E-4
0.1132 0.027156549520766786 6.389776357827476E-4
0.11839999999999999 0.027156549520766793 0.0
0.12359999999999999 0.022044728434504807 0.0
0.1288 0.02076677316293931 0.0
0.134 0.014057507987220452 3.194888178913738E-4
0.1392 0.013738019169329077 3.194888178913738E-4
0.14439999999999997 0.01086261980830671 0.0
0.14959999999999998 0.00926517571884984 6.389776357827476E-4
0.1548 0.006070287539936102 3.194888178913738E-4
0.16 0.0038338658146964853 3.194888178913738E-4
0.16519999999999999 0.0028753993610223638 3.194888178913738E-4
0.1704 0.002875399361022364 3.194888178913738E-4
0.17559999999999998 0.001597444089456869 6.389776357827476E-4
0.1808 0.0022364217252396168 3.194888178913738E-4
0.186 0.002875399361022364 0.0
0.19119999999999998 9.584664536741214E-4 3.194888178913738E-4
0.1964 0.003194888178913738 0.0
0.2016 3.194888178913738E-4 3.194888178913738E-4
0.20679999999999998 0.0012779552715654952 9.584664536741214E-4
0.212 0.0 3.194888178913738E-4
0.21719999999999998 0.0 0.0
0.2224 0.0 3.194888178913738E-4
0.2276 0.0 6.389776357827476E-4
0.23279999999999998 0.0 0.0
0.238 0.0 6.389776357827476E-4
0.2432 0.0 0.0
0.24839999999999998 0.0 0.0
0.2536 0.0 3.194888178913738E-4
0.2588 0.0 3.194888178913738E-4
0.264 0.0 0.0
0.2692 0.0 0.0
0.2744 0.0 0.0
0.27959999999999996 0.0 0.0
0.2848 0.0 3.194888178913738E-4
0.29 0.0 0.0
0.29519999999999996 0.0 0.0
0.3004 0.0 0.0
0.3056 0.0 0.0
0.31079999999999997 0.0 0.0
0.316 0.0 0.0
0.3212 0.0 0.0
0.32639999999999997 0.0 9.584664536741214E-4
0.3316 0.0 0.0
0.3368 0.0 0.0
0.34199999999999997 0.0 0.0
0.3472 0.0 3.194888178913738E-4
0.3524 0.0 3.194888178913738E-4
0.3576 0.0 3.194888178913738E-4
0.36279999999999996 0.0 0.0
0.368 0.0 0.0
0.3732 0.0 0.0
0.37839999999999996 0.0 6.389776357827476E-4
0.3836 0.0 3.194888178913738E-4
0.3888 0.0 0.0
0.39399999999999996 0.0 3.194888178913738E-4
0.3992 0.0 0.0
0.4044 0.0 0.0
0.40959999999999996 0.0 0.0
0.4148 0.0 6.389776357827476E-4
0.42 0.0 0.0
0.42519999999999997 0.0 0.0
0.4304 0.0 0.0
0.4356 0.0 3.194888178913738E-4
0.44079999999999997 0.0 0.0
0.44599999999999995 0.0 0.0
0.4512 0.0 0.0
0.4564 0.0 0.0
0.46159999999999995 0.0 3.194888178913738E-4
