# ROCAUC: 0.7916926524237123
# False Positive Rate True Positive Rate
0.0 0.0
0.0 0.3898305084745763
3.2562683165092806E-4 0.3898305084745763
3.2562683165092806E-4 0.4067796610169492
6.512536633018561E-4 0.4067796610169492
6.512536633018561E-4 0.4406779661016949
0.0013025073266037122 0.4406779661016949
0.0013025073266037122 0.4576271186440678
0.005861282969716705 0.4576271186440678
0.005861282969716705 0.4745762711864407
0.01009443178117877 0.4745762711864407
0.01009443178117877 0.4915254237288136
0.011396939107782483 0.4915254237288136
0.011396939107782483 0.5084745762711864
0.012699446434386195 0.5084745762711864
0.012699446434386195 0.5254237288135594
0.014001953760989906 0.5254237288135594
0.014001953760989906 0.5423728813559322
0.015955714750895474 0.5423728813559322
0.015955714750895474 0.559322033898305
0.0185607294041029 0.559322033898305
0.0185607294041029 0.576271186440678
0.027352653858677956 0.576271186440678
0.027352653858677956 0.5932203389830508
0.0325626831650928 0.5932203389830508
0.0325626831650928 0.6101694915254238
0.032888309996743734 0.6101694915254238
0.032888309996743734 0.6271186440677966
0.05926408336046891 0.6271186440677966
0.05926408336046891 0.6440677966101694
0.07587105177466624 0.6440677966101694
0.07587105177466624 0.6610169491525424
0.15858026701400196 0.6610169491525424
0.15858026701400196 0.6779661016949152
0.17127971344838816 0.6779661016949152
0.17127971344838816 0.6949152542372882
0.19798111364376425 0.6949152542372882
0.19798111364376425 0.711864406779661
0.29045913383262784 0.711864406779661
0.29045913383262784 0.7288135593220338
0.2950179094757408 0.7288135593220338
0.2950179094757408 0.7457627118644068
0.4190817323347444 0.7457627118644068
0.4190817323347444 0.7627118644067796
0.43373493975903615 0.7627118644067796
0.43373493975903615 0.7796610169491526
0.4496906545099317 0.7796610169491526
0.4496906545099317 0.7966101694915254
0.565613806577662 0.7966101694915254
0.565613806577662 0.8135593220338984
0.6313904265711495 0.8135593220338984
0.6313904265711495 0.8305084745762712
0.6838163464669489 0.8305084745762712
0.6838163464669489 0.847457627118644
0.6870726147834582 0.847457627118644
0.6870726147834582 0.864406779661017
0.755779876261804 0.864406779661017
0.755779876261804 0.8813559322033898
0.7828069032888311 0.8813559322033898
0.7828069032888311 0.8983050847457628
0.814718332790622 0.8983050847457628
0.814718332790622 0.9152542372881356
0.8814718332790622 0.9152542372881356
0.8814718332790622 0.9322033898305084
0.8850537284272224 0.9322033898305084
0.8850537284272224 0.9491525423728814
0.950179094757408 0.9491525423728814
0.950179094757408 0.9661016949152542
0.9544122435688701 0.9661016949152542
0.9544122435688701 0.9830508474576272
0.9625529143601433 0.9830508474576272
0.9625529143601433 1.0
1.0 1.0
