0.004 0.0 0.0
0.012 0.004310344827586207 0.0
0.02 0.030172413793103453 0.0
0.028 0.03448275862068966 0.0
0.036000000000000004 0.09482758620689653 0.0
0.044 0.07758620689655173 0.0
0.052000000000000005 0.09051724137931033 0.0
0.06 0.06034482758620691 0.0
0.068 0.06034482758620691 0.0
0.076 0.025862068965517244 0.0
0.084 0.03879310344827587 0.0
0.092 0.01293103448275862 0.0
0.1 0.030172413793103453 0.0
0.108 0.03448275862068966 0.0
0.116 0.01293103448275862 0.004310344827586207
0.124 0.017241379310344827 0.0
0.132 0.017241379310344827 0.0
0.14 0.021551724137931036 0.0
0.148 0.030172413793103453 0.0
0.156 0.021551724137931036 0.0
0.164 0.017241379310344827 0.008620689655172414
0.17200000000000001 0.03879310344827587 0.0
0.18 0.008620689655172414 0.0
0.188 0.004310344827586207 0.0
0.196 0.021551724137931036 0.0
0.20400000000000001 0.021551724137931036 0.0
0.212 0.0 0.0
0.22 0.021551724137931036 0.0
0.228 0.017241379310344827 0.0
0.23600000000000002 0.030172413793103453 0.004310344827586207
0.244 0.030172413793103453 0.0
0.252 0.008620689655172414 0.0
0.26 0.004310344827586207 0.0
0.268 0.008620689655172414 0.0
0.276 0.0 0.0
0.28400000000000003 0.0 0.0
0.292 0.0 0.0
0.3 0.004310344827586207 0.004310344827586207
0.308 0.004310344827586207 0.0
0.316 0.004310344827586207 0.0
0.324 0.0 0.0
0.332 0.0 0.0
0.34 0.008620689655172414 0.0
0.34800000000000003 0.0 0.0
0.356 0.0 0.0
0.364 0.0 0.0
0.372 0.0 0.0
0.38 0.0 0.0
0.388 0.0 0.0
0.396 0.0 0.0
0.404 0.0 0.0
0.41200000000000003 0.0 0.0
0.42 0.0 0.0
0.428 0.0 0.0
0.436 0.0 0.0
0.444 0.0 0.0
0.452 0.0 0.0
0.46 0.0 0.0
0.468 0.0 0.0
0.47600000000000003 0.0 0.004310344827586207
0.484 0.0 0.0
0.492 0.0 0.004310344827586207
