0.0131 0.0 0.0
0.019299999999999998 0.00273224043715847 0.0
0.025500000000000002 0.00273224043715847 0.0
0.0317 0.03278688524590164 0.0
0.037899999999999996 0.0273224043715847 0.0
0.0441 0.0273224043715847 0.0
0.0503 0.10382513661202193 0.0
0.0565 0.0765027322404372 0.0
0.06269999999999999 0.10928961748633888 0.0
0.0689 0.08469945355191262 0.0
0.07509999999999999 0.08469945355191262 0.0
0.0813 0.06557377049180331 0.00273224043715847
0.0875 0.06830601092896178 0.0
0.09369999999999999 0.04098360655737706 0.0
0.09989999999999999 0.04371584699453553 0.0
0.10609999999999999 0.035519125683060114 0.0
0.1123 0.030054644808743168 0.0
0.1185 0.02459016393442623 0.0
0.12469999999999999 0.01092896174863388 0.00273224043715847
0.1309 0.01092896174863388 0.0
0.1371 0.00819672131147541 0.00273224043715847
0.1433 0.00819672131147541 0.0
0.1495 0.00546448087431694 0.0
0.1557 0.00546448087431694 0.0
0.16190000000000002 0.00546448087431694 0.0
0.1681 0.00819672131147541 0.0
0.1743 0.00273224043715847 0.0
0.1805 0.00273224043715847 0.0
0.1867 0.00546448087431694 0.00273224043715847
0.19290000000000002 0.00546448087431694 0.00273224043715847
0.1991 0.00819672131147541 0.0
0.2053 0.00273224043715847 0.0
0.2115 0.00273224043715847 0.0
0.2177 0.0 0.0
0.2239 0.0 0.00273224043715847
0.2301 0.00273224043715847 0.0
0.2363 0.00273224043715847 0.0
0.2425 0.0 0.0
0.2487 0.0 0.0
0.25489999999999996 0.00273224043715847 0.0
0.2611 0.0 0.0
0.2673 0.00546448087431694 0.0
0.2735 0.0 0.0
0.2797 0.0 0.0
0.2859 0.0 0.0
0.2921 0.00273224043715847 0.0
0.2983 0.0 0.0
0.3045 0.0 0.0
0.3107 0.00273224043715847 0.0
0.3169 0.0 0.0
0.3231 0.0 0.0
0.3293 0.0 0.0
0.3355 0.0 0.0
0.3417 0.0 0.0
0.3479 0.0 0.0
0.35409999999999997 0.0 0.0
0.3603 0.0 0.00273224043715847
0.3665 0.0 0.0
0.3727 0.00273224043715847 0.0
0.3789 0.0 0.0
0.3851 0.0 0.0
0.3913 0.0 0.0
0.3975 0.0 0.0
0.4037 0.0 0.0
0.4099 0.0 0.0
0.41609999999999997 0.0 0.0
0.4223 0.0 0.0
0.4285 0.0 0.0
0.4347 0.0 0.0
0.4409 0.0 0.0
0.4471 0.0 0.00273224043715847
0.4533 0.0 0.0
0.4595 0.0 0.0
0.4657 0.0 0.0
0.4719 0.0 0.0
0.47809999999999997 0.0 0.0
0.4843 0.0 0.0
0.4905 0.0 0.00273224043715847
