# ROCAUC: 0.9246809835045129
# False Positive Rate True Positive Rate
0.0 0.0
0.0 0.2222222222222222
0.0028011204481792717 0.2222222222222222
0.0028011204481792717 0.3333333333333333
0.022408963585434174 0.3333333333333333
0.022408963585434174 0.4444444444444444
0.04201680672268908 0.4444444444444444
0.04201680672268908 0.6666666666666666
0.0896358543417367 0.6666666666666666
0.0896358543417367 0.7777777777777777
0.11204481792717087 0.7777777777777777
0.11204481792717087 0.8888888888888888
0.3669467787114846 0.8888888888888888
0.3669467787114846 1.0
1.0 1.0
