0.0144 0.7331372549019903 0.013333333333333348
0.0432 0.1682352941176454 0.0
0.072 0.052549019607843264 0.0
0.1008 0.00980392156862746 5.88235294117647E-4
0.1296 0.001176470588235294 0.0027450980392156855
0.15839999999999999 7.84313725490196E-4 0.0021568627450980387
0.1872 0.0066666666666666706 0.0
0.216 0.001372549019607843 0.0
0.2448 0.0033333333333333322 1.96078431372549E-4
0.2736 1.96078431372549E-4 0.0
0.3024 1.96078431372549E-4 0.0
0.3312 0.0 0.0
0.36 0.0 0.0
0.3888 1.96078431372549E-4 0.0
0.41759999999999997 1.96078431372549E-4 0.0
0.44639999999999996 1.96078431372549E-4 0.0
0.4752 0.0 0.0
0.504 7.84313725490196E-4 0.0
0.5327999999999999 0.0 0.0
0.5616 1.96078431372549E-4 0.0
0.5904 0.0 0.0
0.6192 0.0 0.0
0.648 1.96078431372549E-4 0.0
0.6768 0.0 0.0
0.7056 0.0 0.0
0.7343999999999999 0.0 0.0
0.7632 0.0 0.0
0.7919999999999999 0.0 0.0
0.8208 0.0 0.0
0.8496 0.0 0.0
0.8784 0.0 0.0
0.9072 0.0 0.0
0.9359999999999999 0.0 0.0
0.9648 0.0 0.0
0.9935999999999999 1.96078431372549E-4 0.0
1.0224 1.96078431372549E-4 0.0
1.0512 0.0 0.0
1.08 0.0 0.0
1.1088 0.0 0.0
1.1376 1.96078431372549E-4 0.0
1.1663999999999999 0.0 0.0
1.1952 0.0 0.0
1.224 0.0 0.0
1.2528 0.0 0.0
1.2816 0.0 0.0
1.3104 0.0 0.0
1.3392 0.0 0.0
1.3679999999999999 0.0 0.0
1.3968 0.0 0.0
1.4256 0.0 0.0
1.4544 0.0 0.0
1.4831999999999999 0.0 0.0
1.512 1.96078431372549E-4 0.0
1.5408 0.0 0.0
1.5695999999999999 0.0 0.0
1.5984 0.0 0.0
1.6272 0.0 0.0
1.656 0.0 0.0
1.6847999999999999 0.0 0.0
1.7136 0.0 0.0
1.7424 1.96078431372549E-4 0.0
1.7711999999999999 0.0 0.0
1.8 0.0 0.0
1.8288 1.96078431372549E-4 0.0
1.8576 0.0 0.0
1.8863999999999999 0.0 0.0
1.9152 0.0 0.0
1.944 0.0 1.96078431372549E-4
1.9727999999999999 0.0 0.0
2.0016 0.0 1.96078431372549E-4
2.0303999999999998 0.0 0.0
2.0592 0.0 0.0
2.088 0.0 0.0
2.1168 0.0 0.0
2.1456 0.0 0.0
2.1744 0.0 1.96078431372549E-4
