0.1024 0.9809073224616252 0.018156055620932556
0.30720000000000003 1.9212757270827826E-4 2.401594658853478E-4
0.512 1.440956795312087E-4 9.606378635413914E-5
0.7168 4.803189317706957E-5 0.0
0.9216000000000001 0.0 0.0
1.1264 0.0 0.0
1.3312000000000002 2.4015946588534786E-5 0.0
1.536 7.204783976560435E-5 2.4015946588534786E-5
1.7408000000000001 0.0 0.0
1.9456 0.0 0.0
2.1504000000000003 0.0 0.0
2.3552 0.0 0.0
2.56 0.0 0.0
2.7648 0.0 0.0
2.9696000000000002 0.0 0.0
3.1744000000000003 2.4015946588534786E-5 0.0
3.3792 0.0 0.0
3.584 0.0 0.0
3.7888 0.0 0.0
3.9936000000000003 0.0 0.0
4.1984 0.0 2.4015946588534786E-5
4.4032 0.0 0.0
4.6080000000000005 0.0 0.0
4.8128 0.0 0.0
5.0176 0.0 0.0
5.2224 0.0 0.0
5.4272 0.0 0.0
5.632000000000001 0.0 0.0
5.8368 0.0 0.0
6.0416 0.0 0.0
6.2464 0.0 0.0
6.4512 0.0 0.0
6.656000000000001 0.0 0.0
6.8608 0.0 0.0
7.065600000000001 0.0 0.0
7.2704 0.0 0.0
7.4752 0.0 0.0
7.680000000000001 0.0 0.0
7.8848 0.0 0.0
8.0896 0.0 0.0
8.2944 0.0 0.0
8.4992 0.0 0.0
8.704 0.0 0.0
8.908800000000001 0.0 0.0
9.1136 0.0 0.0
9.3184 0.0 0.0
9.523200000000001 0.0 0.0
9.728 0.0 0.0
9.9328 0.0 0.0
10.1376 0.0 0.0
10.342400000000001 0.0 0.0
10.5472 0.0 0.0
10.752 0.0 0.0
10.956800000000001 0.0 0.0
11.1616 0.0 0.0
11.3664 0.0 0.0
11.571200000000001 0.0 0.0
11.776 0.0 0.0
11.9808 0.0 0.0
12.1856 2.4015946588534786E-5 0.0
