# Precision @ 1544: 0.22279792746113988
###############################################################
# k Precision
1 0.0
2 0.5
3 0.3333333333333333
4 0.25
5 0.4
6 0.3333333333333333
7 0.2857142857142857
8 0.25
9 0.2222222222222222
10 0.2
11 0.18181818181818182
12 0.25
13 0.3076923076923077
14 0.2857142857142857
15 0.26666666666666666
16 0.25
17 0.23529411764705882
18 0.2222222222222222
19 0.21052631578947367
20 0.25
21 0.2857142857142857
22 0.3181818181818182
23 0.30434782608695654
24 0.3333333333333333
25 0.36
26 0.34615384615384615
27 0.3333333333333333
28 0.35714285714285715
29 0.3793103448275862
30 0.36666666666666664
31 0.3870967741935484
32 0.375
33 0.36363636363636365
34 0.38235294117647056
35 0.37142857142857144
36 0.3888888888888889
37 0.40540540540540543
38 0.42105263157894735
39 0.41025641025641024
40 0.4
41 0.3902439024390244
42 0.40476190476190477
43 0.4186046511627907
44 0.4090909090909091
45 0.4222222222222222
46 0.41304347826086957
47 0.40425531914893614
48 0.3958333333333333
49 0.40816326530612246
50 0.42
51 0.4117647058823529
52 0.4230769230769231
53 0.4339622641509434
54 0.4444444444444444
55 0.43636363636363634
56 0.44642857142857145
57 0.43859649122807015
58 0.4482758620689655
59 0.4576271186440678
60 0.45
61 0.45901639344262296
62 0.46774193548387094
63 0.47619047619047616
64 0.484375
65 0.49230769230769234
66 0.5
67 0.5074626865671642
68 0.5147058823529411
69 0.5217391304347826
70 0.5142857142857142
71 0.5211267605633803
72 0.5277777777777778
73 0.5342465753424658
74 0.5405405405405406
75 0.5466666666666666
76 0.5526315789473685
77 0.5584415584415584
78 0.5641025641025641
79 0.569620253164557
80 0.5625
81 0.5555555555555556
82 0.5487804878048781
83 0.5542168674698795
84 0.5476190476190477
85 0.5529411764705883
86 0.5581395348837209
87 0.5632183908045977
88 0.5568181818181818
89 0.5617977528089888
90 0.5555555555555556
91 0.5494505494505495
92 0.5434782608695652
93 0.5376344086021505
94 0.5319148936170213
95 0.5263157894736842
96 0.5208333333333334
97 0.5154639175257731
98 0.5102040816326531
99 0.5050505050505051
100 0.51
101 0.5148514851485149
102 0.5196078431372549
103 0.5242718446601942
104 0.5288461538461539
105 0.5238095238095238
106 0.5283018867924528
107 0.5327102803738317
108 0.5370370370370371
109 0.5321100917431193
110 0.5363636363636364
111 0.5405405405405406
112 0.5357142857142857
113 0.5309734513274337
114 0.5350877192982456
115 0.5304347826086957
116 0.5258620689655172
117 0.5299145299145299
118 0.5338983050847458
119 0.5378151260504201
120 0.5333333333333333
121 0.5289256198347108
122 0.5327868852459017
123 0.5365853658536586
124 0.5403225806451613
125 0.544
126 0.5476190476190477
127 0.5511811023622047
128 0.5546875
129 0.5581395348837209
130 0.5615384615384615
131 0.5572519083969466
132 0.553030303030303
133 0.5488721804511278
134 0.5447761194029851
135 0.5407407407407407
136 0.5367647058823529
137 0.5328467153284672
138 0.5289855072463768
139 0.5323741007194245
140 0.5285714285714286
141 0.5319148936170213
142 0.528169014084507
143 0.5314685314685315
144 0.5347222222222222
145 0.5310344827586206
146 0.5342465753424658
147 0.5374149659863946
148 0.5405405405405406
149 0.5369127516778524
150 0.5333333333333333
151 0.5298013245033113
152 0.5328947368421053
153 0.5294117647058824
154 0.525974025974026
155 0.5225806451612903
156 0.5192307692307693
157 0.5222929936305732
158 0.5189873417721519
159 0.5220125786163522
160 0.525
161 0.5217391304347826
162 0.5246913580246914
163 0.5276073619631901
164 0.5304878048780488
165 0.5272727272727272
166 0.5301204819277109
167 0.5329341317365269
168 0.5297619047619048
169 0.5325443786982249
170 0.5294117647058824
171 0.5263157894736842
172 0.5290697674418605
173 0.5317919075144508
174 0.5344827586206896
175 0.5314285714285715
176 0.5284090909090909
177 0.5310734463276836
178 0.5337078651685393
179 0.5363128491620112
180 0.5388888888888889
181 0.5414364640883977
182 0.5439560439560439
183 0.546448087431694
184 0.5434782608695652
185 0.5459459459459459
186 0.543010752688172
187 0.5454545454545454
188 0.5425531914893617
189 0.544973544973545
190 0.5473684210526316
191 0.5497382198952879
192 0.5520833333333334
193 0.5544041450777202
194 0.5567010309278351
195 0.558974358974359
196 0.5561224489795918
197 0.5532994923857868
198 0.5505050505050505
199 0.5477386934673367
200 0.55
201 0.5472636815920398
202 0.5445544554455446
203 0.541871921182266
204 0.5392156862745098
205 0.5365853658536586
206 0.5339805825242718
207 0.5314009661835749
208 0.5288461538461539
209 0.5263157894736842
210 0.5238095238095238
211 0.5213270142180095
212 0.5188679245283019
213 0.5164319248826291
214 0.514018691588785
215 0.5116279069767442
216 0.5092592592592593
217 0.5069124423963134
218 0.5091743119266054
219 0.5114155251141552
220 0.509090909090909
221 0.5067873303167421
222 0.5045045045045045
223 0.5067264573991032
224 0.5089285714285714
225 0.5111111111111111
226 0.5132743362831859
227 0.5154185022026432
228 0.5175438596491229
229 0.5152838427947598
230 0.5130434782608696
231 0.5108225108225108
232 0.5086206896551724
233 0.5064377682403434
234 0.5042735042735043
235 0.5063829787234042
236 0.5042372881355932
237 0.5021097046413502
238 0.5042016806722689
239 0.5062761506276151
240 0.5041666666666667
241 0.5020746887966805
242 0.5041322314049587
243 0.5061728395061729
244 0.5040983606557377
245 0.5020408163265306
246 0.5
247 0.4979757085020243
248 0.5
249 0.4979919678714859
250 0.496
251 0.4940239043824701
252 0.49206349206349204
253 0.4901185770750988
254 0.4921259842519685
255 0.49019607843137253
256 0.48828125
257 0.48638132295719844
258 0.4844961240310077
259 0.4826254826254826
260 0.4807692307692308
261 0.4789272030651341
262 0.48091603053435117
263 0.4790874524714829
264 0.4772727272727273
265 0.47924528301886793
266 0.48120300751879697
267 0.48314606741573035
268 0.48134328358208955
269 0.4795539033457249
270 0.4777777777777778
271 0.47601476014760147
272 0.4742647058823529
273 0.4725274725274725
274 0.4708029197080292
275 0.4690909090909091
276 0.4673913043478261
277 0.4657039711191336
278 0.46402877697841727
279 0.46236559139784944
280 0.4642857142857143
281 0.46619217081850534
282 0.46808510638297873
283 0.46996466431095407
284 0.47183098591549294
285 0.47368421052631576
286 0.4755244755244755
287 0.47735191637630664
288 0.4791666666666667
289 0.4809688581314879
290 0.4827586206896552
291 0.48109965635738833
292 0.4794520547945205
293 0.4812286689419795
294 0.48299319727891155
295 0.48135593220338985
296 0.4831081081081081
297 0.48484848484848486
298 0.48322147651006714
299 0.4816053511705686
300 0.48333333333333334
301 0.48172757475083056
302 0.48013245033112584
303 0.48184818481848185
304 0.48026315789473684
305 0.4786885245901639
306 0.4803921568627451
307 0.4788273615635179
308 0.4805194805194805
309 0.48220064724919093
310 0.4838709677419355
311 0.4855305466237942
312 0.48717948717948717
313 0.48562300319488816
314 0.4872611464968153
315 0.4857142857142857
316 0.4873417721518987
317 0.48580441640378547
318 0.48742138364779874
319 0.48589341692789967
320 0.484375
321 0.48598130841121495
322 0.484472049689441
323 0.48297213622291024
324 0.48148148148148145
325 0.48307692307692307
326 0.4815950920245399
327 0.4831804281345566
328 0.4817073170731707
329 0.48328267477203646
330 0.48484848484848486
331 0.486404833836858
332 0.48493975903614456
333 0.4864864864864865
334 0.4880239520958084
335 0.48955223880597015
336 0.4880952380952381
337 0.486646884272997
338 0.4881656804733728
339 0.4896755162241888
340 0.49117647058823527
341 0.49266862170087977
342 0.49415204678362573
343 0.49271137026239065
344 0.49127906976744184
345 0.4927536231884058
346 0.49421965317919075
347 0.4956772334293948
348 0.4942528735632184
349 0.49570200573065903
350 0.49714285714285716
351 0.49572649572649574
352 0.4971590909090909
353 0.4985835694050991
354 0.5
355 0.5014084507042254
356 0.5
357 0.5014005602240896
358 0.5027932960893855
359 0.5041782729805014
360 0.5055555555555555
361 0.5069252077562327
362 0.505524861878453
363 0.5041322314049587
364 0.5027472527472527
365 0.5013698630136987
366 0.5027322404371585
367 0.5040871934604905
368 0.5054347826086957
369 0.5067750677506775
370 0.5054054054054054
371 0.5040431266846361
372 0.5026881720430108
373 0.5013404825737265
374 0.5
375 0.5013333333333333
376 0.5026595744680851
377 0.5039787798408488
378 0.5026455026455027
379 0.503957783641161
380 0.5052631578947369
381 0.5065616797900262
382 0.5078534031413613
383 0.5065274151436031
384 0.5078125
385 0.509090909090909
386 0.5077720207253886
387 0.5064599483204134
388 0.5051546391752577
389 0.5038560411311054
390 0.5025641025641026
391 0.5012787723785166
392 0.5025510204081632
393 0.5012722646310432
394 0.5
395 0.49873417721518987
396 0.49747474747474746
397 0.4987405541561713
398 0.49748743718592964
399 0.49624060150375937
400 0.495
401 0.4937655860349127
402 0.4925373134328358
403 0.4913151364764268
404 0.4900990099009901
405 0.4888888888888889
406 0.4876847290640394
407 0.4864864864864865
408 0.4877450980392157
409 0.48655256723716384
410 0.4853658536585366
411 0.48418491484184917
412 0.4830097087378641
413 0.48184019370460046
414 0.4806763285024155
415 0.4795180722891566
416 0.47836538461538464
417 0.47721822541966424
418 0.47607655502392343
419 0.47494033412887826
420 0.4738095238095238
421 0.47268408551068886
422 0.471563981042654
423 0.47044917257683216
424 0.4693396226415094
425 0.4682352941176471
426 0.4671361502347418
427 0.46604215456674475
428 0.4649532710280374
429 0.4662004662004662
430 0.46744186046511627
431 0.46867749419953597
432 0.4699074074074074
433 0.46882217090069284
434 0.46774193548387094
435 0.4666666666666667
436 0.46559633027522934
437 0.4668192219679634
438 0.4680365296803653
439 0.46697038724373574
440 0.4659090909090909
441 0.4671201814058957
442 0.4660633484162896
443 0.4650112866817156
444 0.46621621621621623
445 0.4651685393258427
446 0.4663677130044843
447 0.46756152125279643
448 0.46875
449 0.46770601336302897
450 0.4666666666666667
451 0.4678492239467849
452 0.4690265486725664
453 0.46799116997792495
454 0.4669603524229075
455 0.46813186813186813
456 0.4692982456140351
457 0.47045951859956237
458 0.46943231441048033
459 0.47058823529411764
460 0.46956521739130436
461 0.4685466377440347
462 0.4696969696969697
463 0.4708423326133909
464 0.4698275862068966
465 0.47096774193548385
466 0.4699570815450644
467 0.4689507494646681
468 0.46794871794871795
469 0.4669509594882729
470 0.46595744680851064
471 0.46496815286624205
472 0.4639830508474576
473 0.4630021141649049
474 0.4620253164556962
475 0.4631578947368421
476 0.4642857142857143
477 0.46540880503144655
478 0.4665271966527197
479 0.46555323590814196
480 0.46458333333333335
481 0.46361746361746364
482 0.46265560165975106
483 0.4616977225672878
484 0.4607438016528926
485 0.45979381443298967
486 0.4588477366255144
487 0.45790554414784396
488 0.4569672131147541
489 0.4560327198364008
490 0.45510204081632655
491 0.45621181262729127
492 0.45528455284552843
493 0.4543610547667343
494 0.4534412955465587
495 0.45252525252525255
496 0.45161290322580644
497 0.4507042253521127
498 0.45180722891566266
499 0.45090180360721444
500 0.45
501 0.4491017964071856
502 0.448207171314741
503 0.44731610337972166
504 0.44642857142857145
505 0.44554455445544555
506 0.44466403162055335
507 0.4437869822485207
508 0.44291338582677164
509 0.444007858546169
510 0.44509803921568625
511 0.44422700587084146
512 0.443359375
513 0.442495126705653
514 0.44357976653696496
515 0.44271844660194176
516 0.4418604651162791
517 0.4410058027079304
518 0.44015444015444016
519 0.4393063583815029
520 0.43846153846153846
521 0.43953934740882916
522 0.4386973180076628
523 0.4378585086042065
524 0.4389312977099237
525 0.4380952380952381
526 0.4372623574144487
527 0.43833017077798864
528 0.4375
529 0.43667296786389415
530 0.4358490566037736
531 0.4350282485875706
532 0.4342105263157895
533 0.4333958724202627
534 0.43258426966292135
535 0.43177570093457945
536 0.43097014925373134
537 0.43202979515828677
538 0.4312267657992565
539 0.43042671614100186
540 0.42962962962962964
541 0.43068391866913125
542 0.4317343173431734
543 0.430939226519337
544 0.43014705882352944
545 0.42935779816513764
546 0.42857142857142855
547 0.42778793418647165
548 0.42883211678832117
549 0.42805100182149364
550 0.42727272727272725
551 0.426497277676951
552 0.4257246376811594
553 0.42495479204339964
554 0.42418772563176893
555 0.42342342342342343
556 0.4226618705035971
557 0.42190305206463197
558 0.4211469534050179
559 0.4203935599284436
560 0.41964285714285715
561 0.41889483065953653
562 0.4181494661921708
563 0.41740674955595025
564 0.4166666666666667
565 0.415929203539823
566 0.41519434628975266
567 0.4144620811287478
568 0.4137323943661972
569 0.4130052724077329
570 0.41228070175438597
571 0.4115586690017513
572 0.41083916083916083
573 0.41012216404886565
574 0.4094076655052265
575 0.41043478260869565
576 0.4097222222222222
577 0.4090121317157712
578 0.4083044982698962
579 0.4075993091537133
580 0.4068965517241379
581 0.4079173838209983
582 0.40893470790378006
583 0.40823327615780447
584 0.4092465753424658
585 0.41025641025641024
586 0.40955631399317405
587 0.4088586030664395
588 0.40816326530612246
589 0.4074702886247878
590 0.40847457627118644
591 0.40947546531302875
592 0.40878378378378377
593 0.40978077571669475
594 0.4107744107744108
595 0.41008403361344536
596 0.40939597315436244
597 0.40871021775544386
598 0.4080267558528428
599 0.4073455759599332
600 0.4066666666666667
601 0.4059900166389351
602 0.4053156146179402
603 0.4046434494195688
604 0.4056291390728477
605 0.4049586776859504
606 0.4042904290429043
607 0.40362438220757824
608 0.4029605263157895
609 0.40229885057471265
610 0.4016393442622951
611 0.40098199672667756
612 0.4019607843137255
613 0.401305057096248
614 0.4006514657980456
615 0.4
616 0.39935064935064934
617 0.40032414910858993
618 0.39967637540453077
619 0.3990306946688207
620 0.39838709677419354
621 0.3977455716586151
622 0.3971061093247588
623 0.39646869983948635
624 0.3958333333333333
625 0.3952
626 0.39456869009584666
627 0.3939393939393939
628 0.39331210191082805
629 0.39268680445151033
630 0.39206349206349206
631 0.39144215530903326
632 0.39082278481012656
633 0.3902053712480253
634 0.38958990536277605
635 0.3889763779527559
636 0.38836477987421386
637 0.3877551020408163
638 0.3871473354231975
639 0.3865414710485133
640 0.3859375
641 0.38533541341653665
642 0.3847352024922118
643 0.38413685847589424
644 0.38354037267080743
645 0.3829457364341085
646 0.38390092879256965
647 0.38330757341576505
648 0.38271604938271603
649 0.38212634822804314
650 0.38153846153846155
651 0.38095238095238093
652 0.3803680981595092
653 0.37978560490045943
654 0.37920489296636084
655 0.3786259541984733
656 0.3780487804878049
657 0.3774733637747336
658 0.3768996960486322
659 0.37632776934749623
660 0.37575757575757573
661 0.3767019667170953
662 0.3776435045317221
663 0.3770739064856712
664 0.37801204819277107
665 0.3774436090225564
666 0.3768768768768769
667 0.37631184407796103
668 0.37574850299401197
669 0.375186846038864
670 0.3746268656716418
671 0.3740685543964232
672 0.37351190476190477
673 0.37444279346210996
674 0.37388724035608306
675 0.37333333333333335
676 0.3727810650887574
677 0.3722304283604136
678 0.37168141592920356
679 0.3711340206185567
680 0.3720588235294118
681 0.37298091042584436
682 0.37390029325513197
683 0.3733528550512445
684 0.37280701754385964
685 0.3722627737226277
686 0.3717201166180758
687 0.37117903930131
688 0.3706395348837209
689 0.37010159651669083
690 0.3695652173913043
691 0.36903039073806077
692 0.3684971098265896
693 0.36796536796536794
694 0.36743515850144093
695 0.3669064748201439
696 0.36637931034482757
697 0.36585365853658536
698 0.3653295128939828
699 0.3648068669527897
700 0.36428571428571427
701 0.3637660485021398
702 0.36324786324786323
703 0.3627311522048364
704 0.3622159090909091
705 0.3617021276595745
706 0.3611898016997167
707 0.3606789250353607
708 0.3601694915254237
709 0.35966149506346967
710 0.3591549295774648
711 0.35864978902953587
712 0.35814606741573035
713 0.3590462833099579
714 0.3599439775910364
715 0.3594405594405594
716 0.35893854748603354
717 0.3598326359832636
718 0.3607242339832869
719 0.36022253129346316
720 0.3597222222222222
721 0.3592233009708738
722 0.3587257617728532
723 0.3582295988934993
724 0.35911602209944754
725 0.3586206896551724
726 0.3581267217630854
727 0.3576341127922971
728 0.35714285714285715
729 0.35665294924554186
730 0.35753424657534244
731 0.35704514363885087
732 0.35655737704918034
733 0.35607094133697137
734 0.3555858310626703
735 0.3551020408163265
736 0.3546195652173913
737 0.3541383989145183
738 0.35365853658536583
739 0.35453315290933696
740 0.35405405405405405
741 0.3535762483130904
742 0.353099730458221
743 0.35262449528936746
744 0.3521505376344086
745 0.3530201342281879
746 0.35254691689008044
747 0.3534136546184739
748 0.35294117647058826
749 0.35246995994659547
750 0.352
751 0.35153129161118507
752 0.3523936170212766
753 0.35325365205843295
754 0.35278514588859416
755 0.352317880794702
756 0.3531746031746032
757 0.3527080581241744
758 0.35224274406332456
759 0.35177865612648224
760 0.3513157894736842
761 0.3508541392904074
762 0.35039370078740156
763 0.35124508519003933
764 0.3507853403141361
765 0.3503267973856209
766 0.34986945169712796
767 0.3494132985658409
768 0.3489583333333333
769 0.34850455136540964
770 0.34805194805194806
771 0.3476005188067445
772 0.3471502590673575
773 0.34670116429495473
774 0.3462532299741602
775 0.34580645161290324
776 0.34536082474226804
777 0.34491634491634493
778 0.3444730077120823
779 0.34403080872913994
780 0.3435897435897436
781 0.34314980793854033
782 0.34271099744245526
783 0.34227330779054915
784 0.34183673469387754
785 0.3414012738853503
786 0.3422391857506361
787 0.34307496823379924
788 0.3426395939086294
789 0.34220532319391633
790 0.34177215189873417
791 0.3413400758533502
792 0.3409090909090909
793 0.34047919293820933
794 0.34005037783375314
795 0.34088050314465407
796 0.34045226130653267
797 0.34002509410288584
798 0.3408521303258145
799 0.3404255319148936
800 0.34
801 0.3408239700374532
802 0.3403990024937656
803 0.33997509339975096
804 0.33955223880597013
805 0.3391304347826087
806 0.3387096774193548
807 0.3382899628252788
808 0.3378712871287129
809 0.3374536464771323
810 0.337037037037037
811 0.3366214549938348
812 0.33620689655172414
813 0.33579335793357934
814 0.3353808353808354
815 0.33496932515337424
816 0.33455882352941174
817 0.33414932680538556
818 0.33496332518337407
819 0.33455433455433453
820 0.33414634146341465
821 0.3337393422655298
822 0.3333333333333333
823 0.33292831105710813
824 0.3325242718446602
825 0.3321212121212121
826 0.33171912832929784
827 0.3313180169286578
828 0.3309178743961353
829 0.330518697225573
830 0.3301204819277108
831 0.3297232250300842
832 0.3293269230769231
833 0.3289315726290516
834 0.328537170263789
835 0.3281437125748503
836 0.3277511961722488
837 0.32735961768219835
838 0.3269689737470167
839 0.3265792610250298
840 0.3261904761904762
841 0.3258026159334126
842 0.3254156769596199
843 0.3250296559905101
844 0.3246445497630332
845 0.3242603550295858
846 0.32505910165484636
847 0.3246753246753247
848 0.3242924528301887
849 0.3250883392226148
850 0.3247058823529412
851 0.32432432432432434
852 0.323943661971831
853 0.3235638921453693
854 0.3231850117096019
855 0.32280701754385965
856 0.32242990654205606
857 0.3220536756126021
858 0.32167832167832167
859 0.3213038416763679
860 0.32209302325581396
861 0.32171893147502906
862 0.3213457076566125
863 0.320973348783314
864 0.32175925925925924
865 0.3213872832369942
866 0.3210161662817552
867 0.3206459054209919
868 0.32027649769585254
869 0.31990794016110474
870 0.3195402298850575
871 0.31917336394948337
872 0.31880733944954126
873 0.31844215349369986
874 0.3180778032036613
875 0.3177142857142857
876 0.317351598173516
877 0.3169897377423033
878 0.31776765375854216
879 0.3174061433447099
880 0.3170454545454545
881 0.3166855845629966
882 0.3163265306122449
883 0.3171007927519819
884 0.3167420814479638
885 0.3163841807909605
886 0.3160270880361174
887 0.3156708004509583
888 0.3153153153153153
889 0.31496062992125984
890 0.3146067415730337
891 0.31425364758698093
892 0.31390134529147984
893 0.3135498320268757
894 0.3131991051454139
895 0.3128491620111732
896 0.3125
897 0.31215161649944256
898 0.311804008908686
899 0.3114571746384872
900 0.3111111111111111
901 0.31076581576026635
902 0.31042128603104213
903 0.31007751937984496
904 0.30973451327433627
905 0.30939226519337015
906 0.3090507726269316
907 0.308710033076075
908 0.30837004405286345
909 0.30803080308030806
910 0.3076923076923077
911 0.30735455543358947
912 0.30701754385964913
913 0.3066812705366922
914 0.3063457330415755
915 0.30601092896174864
916 0.3056768558951965
917 0.3053435114503817
918 0.30501089324618735
919 0.30467899891186073
920 0.30434782608695654
921 0.30401737242128124
922 0.3036876355748373
923 0.30335861321776814
924 0.30303030303030304
925 0.3027027027027027
926 0.3023758099352052
927 0.30204962243797195
928 0.3017241379310345
929 0.3013993541442411
930 0.3010752688172043
931 0.3007518796992481
932 0.30042918454935624
933 0.30010718113612006
934 0.29978586723768735
935 0.2994652406417112
936 0.29914529914529914
937 0.29882604055496265
938 0.2995735607675906
939 0.2992545260915868
940 0.298936170212766
941 0.29861849096705634
942 0.29830148619957536
943 0.2979851537645811
944 0.2976694915254237
945 0.29735449735449737
946 0.29704016913319237
947 0.2967265047518479
948 0.29641350210970463
949 0.29610115911485774
950 0.2968421052631579
951 0.29652996845425866
952 0.296218487394958
953 0.29590766002098634
954 0.2966457023060797
955 0.2963350785340314
956 0.29602510460251047
957 0.29571577847439917
958 0.2954070981210856
959 0.29509906152241916
960 0.2947916666666667
961 0.29448491155046824
962 0.29417879417879417
963 0.29387331256490135
964 0.29356846473029047
965 0.29430051813471503
966 0.2939958592132505
967 0.2936918304033092
968 0.29338842975206614
969 0.29411764705882354
970 0.29381443298969073
971 0.29351184346035014
972 0.2932098765432099
973 0.29290853031860226
974 0.2926078028747433
975 0.2923076923076923
976 0.29200819672131145
977 0.2917093142272262
978 0.29141104294478526
979 0.29111338100102147
980 0.29183673469387755
981 0.291539245667686
982 0.29124236252545826
983 0.29094608341810785
984 0.29065040650406504
985 0.29035532994923857
986 0.29006085192697767
987 0.28976697061803447
988 0.2894736842105263
989 0.2891809908998989
990 0.2898989898989899
991 0.289606458123108
992 0.28931451612903225
993 0.29003021148036257
994 0.289738430583501
995 0.2894472361809045
996 0.2891566265060241
997 0.2888665997993982
998 0.2895791583166333
999 0.28928928928928926
1000 0.289
1001 0.2897102897102897
1002 0.2894211576846307
1003 0.28913260219341974
1004 0.2898406374501992
1005 0.28955223880597014
1006 0.28926441351888665
1007 0.2899702085402185
1008 0.2896825396825397
1009 0.2893954410307235
1010 0.2891089108910891
1011 0.2888229475766568
1012 0.2885375494071146
1013 0.2882527147087858
1014 0.28895463510848124
1015 0.28866995073891627
1016 0.28937007874015747
1017 0.2890855457227139
1018 0.2888015717092338
1019 0.2885181550539745
1020 0.28823529411764703
1021 0.28795298726738494
1022 0.2876712328767123
1023 0.2873900293255132
1024 0.2880859375
1025 0.28780487804878047
1026 0.2875243664717349
1027 0.2872444011684518
1028 0.28793774319066145
1029 0.28765792031098153
1030 0.287378640776699
1031 0.2880698351115422
1032 0.2877906976744186
1033 0.28751210067763794
1034 0.2872340425531915
1035 0.28695652173913044
1036 0.28667953667953666
1037 0.28640308582449375
1038 0.2861271676300578
1039 0.2858517805582291
1040 0.28557692307692306
1041 0.28530259365994237
1042 0.28502879078694815
1043 0.28475551294343243
1044 0.28448275862068967
1045 0.28421052631578947
1046 0.28393881453154873
1047 0.2836676217765043
1048 0.2833969465648855
1049 0.2831267874165872
1050 0.28285714285714286
1051 0.28353948620361563
1052 0.2832699619771863
1053 0.28300094966761635
1054 0.2827324478178368
1055 0.2824644549763033
1056 0.2821969696969697
1057 0.282876064333018
1058 0.2826086956521739
1059 0.28234183191690276
1060 0.2820754716981132
1061 0.28180961357210177
1062 0.2815442561205273
1063 0.28222013170272814
1064 0.2819548872180451
1065 0.28262910798122065
1066 0.28236397748592873
1067 0.28209934395501407
1068 0.2818352059925094
1069 0.2815715622076707
1070 0.28130841121495326
1071 0.28104575163398693
1072 0.28078358208955223
1073 0.2805219012115564
1074 0.2802607076350093
1075 0.28
1076 0.28066914498141265
1077 0.28040854224698236
1078 0.28014842300556586
1079 0.2798887859128823
1080 0.2796296296296296
1081 0.2793709528214616
1082 0.27911275415896486
1083 0.2788550323176362
1084 0.2785977859778598
1085 0.27926267281105993
1086 0.27900552486187846
1087 0.27874885004599814
1088 0.27849264705882354
1089 0.27915518824609736
1090 0.2798165137614679
1091 0.2804766269477543
1092 0.2802197802197802
1093 0.2799634034766697
1094 0.2797074954296161
1095 0.27945205479452057
1096 0.2791970802919708
1097 0.27894257064721967
1098 0.2786885245901639
1099 0.278434940855323
1100 0.2781818181818182
1101 0.2779291553133515
1102 0.2776769509981851
1103 0.2774252039891206
1104 0.27717391304347827
1105 0.27782805429864255
1106 0.27757685352622063
1107 0.27732610659439927
1108 0.2779783393501805
1109 0.27862939585211904
1110 0.27837837837837837
1111 0.2781278127812781
1112 0.2787769784172662
1113 0.27942497753818507
1114 0.2791741472172352
1115 0.27982062780269057
1116 0.27956989247311825
1117 0.279319606087735
1118 0.27906976744186046
1119 0.2797140303842717
1120 0.2794642857142857
1121 0.2792149866190901
1122 0.2789661319073084
1123 0.27871772039180764
1124 0.27846975088967973
1125 0.2791111111111111
1126 0.2797513321492007
1127 0.2795031055900621
1128 0.27925531914893614
1129 0.27900797165633306
1130 0.27876106194690264
1131 0.27851458885941643
1132 0.2782685512367491
1133 0.2780229479258605
1134 0.2786596119929453
1135 0.27841409691629954
1136 0.2790492957746479
1137 0.27880386983289357
1138 0.27855887521968364
1139 0.2783143107989464
1140 0.27807017543859647
1141 0.2778264680105171
1142 0.2775831873905429
1143 0.2773403324584427
1144 0.27797202797202797
1145 0.2777292576419214
1146 0.2774869109947644
1147 0.2772449869224063
1148 0.2770034843205575
1149 0.27763272410791995
1150 0.2773913043478261
1151 0.27715030408340574
1152 0.2769097222222222
1153 0.2766695576756288
1154 0.27642980935875217
1155 0.2761904761904762
1156 0.2759515570934256
1157 0.2757130509939499
1158 0.2754749568221071
1159 0.27523727351164795
1160 0.275
1161 0.2747631352282515
1162 0.27452667814113596
1163 0.27429062768701634
1164 0.27405498281786944
1165 0.2738197424892704
1166 0.27358490566037735
1167 0.27335047129391604
1168 0.2731164383561644
1169 0.2728828058169376
1170 0.2726495726495726
1171 0.27241673783091375
1172 0.27303754266211605
1173 0.2728047740835465
1174 0.272572402044293
1175 0.2731914893617021
1176 0.2729591836734694
1177 0.2727272727272727
1178 0.27249575551782684
1179 0.272264631043257
1180 0.27203389830508473
1181 0.2718035563082134
1182 0.2715736040609137
1183 0.2713440405748098
1184 0.27111486486486486
1185 0.2708860759493671
1186 0.2706576728499157
1187 0.2704296545914069
1188 0.2702020202020202
1189 0.2708158116063919
1190 0.27058823529411763
1191 0.2703610411418976
1192 0.2701342281879195
1193 0.269907795473596
1194 0.2705192629815745
1195 0.2702928870292887
1196 0.270066889632107
1197 0.2698412698412698
1198 0.2696160267111853
1199 0.2702251876563803
1200 0.27
1201 0.2697751873438801
1202 0.26955074875207985
1203 0.26932668329177056
1204 0.2691029900332226
1205 0.2688796680497925
1206 0.26865671641791045
1207 0.26843413421706713
1208 0.2682119205298013
1209 0.2679900744416873
1210 0.26776859504132233
1211 0.2675474814203138
1212 0.26732673267326734
1213 0.2671063478977741
1214 0.26688632619439867
1215 0.26666666666666666
1216 0.26644736842105265
1217 0.26622843056696793
1218 0.2660098522167488
1219 0.26579163248564397
1220 0.26557377049180325
1221 0.26535626535626533
1222 0.265139116202946
1223 0.2649223221586263
1224 0.2647058823529412
1225 0.26448979591836735
1226 0.2642740619902121
1227 0.26405867970660146
1228 0.26384364820846906
1229 0.2636289666395443
1230 0.2634146341463415
1231 0.26320064987814784
1232 0.262987012987013
1233 0.26277372262773724
1234 0.2625607779578606
1235 0.2623481781376518
1236 0.2621359223300971
1237 0.26192400970088925
1238 0.2617124394184168
1239 0.26150121065375304
1240 0.26129032258064516
1241 0.2610797743755036
1242 0.2608695652173913
1243 0.2606596942880129
1244 0.2604501607717042
1245 0.26024096385542167
1246 0.26003210272873195
1247 0.2598235765838011
1248 0.25961538461538464
1249 0.2594075260208166
1250 0.2592
1251 0.2597921662669864
1252 0.2595846645367412
1253 0.2593774940143655
1254 0.259170653907496
1255 0.2589641434262948
1256 0.2587579617834395
1257 0.25855210819411295
1258 0.25834658187599363
1259 0.2581413820492454
1260 0.25793650793650796
1261 0.25773195876288657
1262 0.25752773375594296
1263 0.2573238321456849
1264 0.25712025316455694
1265 0.25691699604743085
1266 0.2575039494470774
1267 0.2573007103393844
1268 0.25709779179810727
1269 0.2568951930654058
1270 0.2566929133858268
1271 0.25649095200629424
1272 0.2562893081761006
1273 0.25608798114689707
1274 0.25588697017268447
1275 0.2556862745098039
1276 0.2554858934169279
1277 0.2552858261550509
1278 0.25508607198748046
1279 0.254886630179828
1280 0.2546875
1281 0.2544886807181889
1282 0.2542901716068643
1283 0.2540919719407638
1284 0.2538940809968847
1285 0.2536964980544747
1286 0.2534992223950233
1287 0.2533022533022533
1288 0.2531055900621118
1289 0.2529092319627618
1290 0.2527131782945736
1291 0.2525174283501162
1292 0.25232198142414863
1293 0.25212683681361175
1294 0.25193199381761977
1295 0.2517374517374517
1296 0.2515432098765432
1297 0.25134926754047804
1298 0.25115562403698
1299 0.2517321016166282
1300 0.25153846153846154
1301 0.2513451191391238
1302 0.2511520737327189
1303 0.2509593246354566
1304 0.25076687116564417
1305 0.25057471264367814
1306 0.2503828483920367
1307 0.2501912777352716
1308 0.25
1309 0.24980901451489687
1310 0.24961832061068703
1311 0.2494279176201373
1312 0.24923780487804878
1313 0.24904798172124903
1314 0.24885844748858446
1315 0.24866920152091254
1316 0.24848024316109424
1317 0.24829157175398633
1318 0.248103186646434
1319 0.24791508718726307
1320 0.24772727272727274
1321 0.24753974261922787
1322 0.24735249621785174
1323 0.2471655328798186
1324 0.24697885196374622
1325 0.2467924528301887
1326 0.24660633484162897
1327 0.24642049736247174
1328 0.24623493975903615
1329 0.24604966139954854
1330 0.24586466165413534
1331 0.24567993989481593
1332 0.24549549549549549
1333 0.245311327831958
1334 0.24512743628185907
1335 0.2449438202247191
1336 0.24476047904191617
1337 0.24457741211667913
1338 0.24439461883408073
1339 0.24421209858103063
1340 0.24402985074626865
1341 0.24384787472035793
1342 0.2436661698956781
1343 0.24348473566641846
1344 0.24330357142857142
1345 0.24386617100371746
1346 0.2436849925705795
1347 0.24350408314773572
1348 0.2433234421364985
1349 0.24314306893995552
1350 0.24296296296296296
1351 0.24278312361213916
1352 0.24260355029585798
1353 0.24242424242424243
1354 0.2429837518463811
1355 0.24280442804428043
1356 0.24262536873156343
1357 0.24244657332350775
1358 0.24300441826215022
1359 0.24282560706401765
1360 0.2426470588235294
1361 0.24246877296105804
1362 0.2422907488986784
1363 0.2421129860601614
1364 0.24193548387096775
1365 0.24175824175824176
1366 0.24158125915080528
1367 0.24140453547915142
1368 0.2412280701754386
1369 0.2410518626734843
1370 0.24087591240875914
1371 0.24070021881838075
1372 0.24052478134110788
1373 0.2403495994173343
1374 0.24017467248908297
1375 0.24
1376 0.23982558139534885
1377 0.23965141612200436
1378 0.23947750362844702
1379 0.23930384336475707
1380 0.2391304347826087
1381 0.2389572773352643
1382 0.23878437047756873
1383 0.2386117136659436
1384 0.2384393063583815
1385 0.23826714801444043
1386 0.23809523809523808
1387 0.23792357606344627
1388 0.2377521613832853
1389 0.23758099352051837
1390 0.23741007194244604
1391 0.2372393961179008
1392 0.23706896551724138
1393 0.23689877961234745
1394 0.23672883787661406
1395 0.23655913978494625
1396 0.23638968481375358
1397 0.23622047244094488
1398 0.23605150214592274
1399 0.23588277340957828
1400 0.2357142857142857
1401 0.23625981441827265
1402 0.23609129814550642
1403 0.2359230220955096
1404 0.23575498575498577
1405 0.23558718861209965
1406 0.2361308677098151
1407 0.23596304193319118
1408 0.23579545454545456
1409 0.23562810503903478
1410 0.23546099290780143
1411 0.23529411764705882
1412 0.23512747875354106
1413 0.23496107572540695
1414 0.2347949080622348
1415 0.23462897526501766
1416 0.2344632768361582
1417 0.23429781227946367
1418 0.23413258110014104
1419 0.2339675828047921
1420 0.23450704225352112
1421 0.2343420126671358
1422 0.23417721518987342
1423 0.23401264933239635
1424 0.23384831460674158
1425 0.2336842105263158
1426 0.2335203366058906
1427 0.23335669236159776
1428 0.23319327731092437
1429 0.2330300909727082
1430 0.23286713286713287
1431 0.23270440251572327
1432 0.2325418994413408
1433 0.23307745987438938
1434 0.23291492329149233
1435 0.23275261324041813
1436 0.23259052924791088
1437 0.232428670842032
1438 0.23226703755215578
1439 0.23210562890896455
1440 0.23194444444444445
1441 0.23178348369188065
1442 0.231622746185853
1443 0.23146223146223147
1444 0.23130193905817176
1445 0.23114186851211072
1446 0.23098201936376211
1447 0.23082239115411196
1448 0.23066298342541436
1449 0.23050379572118704
1450 0.2303448275862069
1451 0.23018607856650586
1452 0.23002754820936638
1453 0.22986923606331727
1454 0.2297111416781293
1455 0.22955326460481099
1456 0.22939560439560439
1457 0.22923816060398078
1458 0.22908093278463648
1459 0.2289239204934887
1460 0.22876712328767124
1461 0.2292950034223135
1462 0.22982216142270862
1463 0.22966507177033493
1464 0.2301912568306011
1465 0.23003412969283277
1466 0.22987721691678034
1467 0.22972051806407634
1468 0.2295640326975477
1469 0.22940776038121172
1470 0.22925170068027212
1471 0.2290958531611149
1472 0.22894021739130435
1473 0.2287847929395791
1474 0.22862957937584802
1475 0.22847457627118645
1476 0.22831978319783197
1477 0.22816519972918078
1478 0.2280108254397835
1479 0.22785665990534146
1480 0.2277027027027027
1481 0.2275489534098582
1482 0.22739541160593793
1483 0.227242076871207
1484 0.22776280323450135
1485 0.22760942760942762
1486 0.2274562584118439
1487 0.2273032952252858
1488 0.2271505376344086
1489 0.2269979852249832
1490 0.22684563758389262
1491 0.2266934942991281
1492 0.22654155495978553
1493 0.22638981915606163
1494 0.22623828647925034
1495 0.22608695652173913
1496 0.22593582887700533
1497 0.22578490313961255
1498 0.22563417890520696
1499 0.22548365577051369
1500 0.22533333333333333
1501 0.2251832111925383
1502 0.22503328894806923
1503 0.22488356620093147
1504 0.2247340425531915
1505 0.2245847176079734
1506 0.2244355909694555
1507 0.2242866622428666
1508 0.22413793103448276
1509 0.22465208747514911
1510 0.22450331125827813
1511 0.2243547319655857
1512 0.22486772486772486
1513 0.2247191011235955
1514 0.22457067371202113
1515 0.22442244224422442
1516 0.22427440633245382
1517 0.22412656558998023
1518 0.22397891963109354
1519 0.2238314680710994
1520 0.2236842105263158
1521 0.2235371466140697
1522 0.2233902759526938
1523 0.2232435981615233
1524 0.2230971128608924
1525 0.22295081967213115
1526 0.22280471821756226
1527 0.2226588081204977
1528 0.22251308900523561
1529 0.2223675604970569
1530 0.2222222222222222
1531 0.22207707380796865
1532 0.22258485639686684
1533 0.22309197651663404
1534 0.22294654498044328
1535 0.22280130293159608
1536 0.22330729166666666
1537 0.22316200390370852
1538 0.22301690507152144
1539 0.22287199480181935
1540 0.22272727272727272
1541 0.2225827384815055
1542 0.2230869001297017
1543 0.22294232015554116
1544 0.22279792746113988
