# ROCAUC: 0.9060057515019971
# False Positive Rate True Positive Rate
0.0 0.0
2.4469620965571242E-5 0.0
2.4469620965571242E-5 0.0012953367875647669
7.340886289671373E-5 0.0012953367875647669
7.340886289671373E-5 0.0025906735751295338
2.202265886901412E-4 0.0025906735751295338
2.202265886901412E-4 0.0051813471502590676
3.6704431448356865E-4 0.0051813471502590676
3.6704431448356865E-4 0.009067357512953369
3.915139354491399E-4 0.009067357512953369
3.915139354491399E-4 0.011658031088082901
4.404531773802824E-4 0.011658031088082901
4.404531773802824E-4 0.014248704663212436
4.649227983458536E-4 0.014248704663212436
4.649227983458536E-4 0.015544041450777202
5.138620402769961E-4 0.015544041450777202
5.138620402769961E-4 0.01683937823834197
5.383316612425673E-4 0.01683937823834197
5.383316612425673E-4 0.02072538860103627
6.117405241392811E-4 0.02072538860103627
6.117405241392811E-4 0.023316062176165803
6.362101451048523E-4 0.023316062176165803
6.362101451048523E-4 0.02461139896373057
7.096190080015661E-4 0.02461139896373057
7.096190080015661E-4 0.027202072538860103
7.340886289671373E-4 0.027202072538860103
7.340886289671373E-4 0.031088082901554404
7.585582499327085E-4 0.031088082901554404
7.585582499327085E-4 0.032383419689119175
7.830278708982798E-4 0.032383419689119175
7.830278708982798E-4 0.034974093264248704
8.07497491863851E-4 0.034974093264248704
8.07497491863851E-4 0.046632124352331605
8.319671128294222E-4 0.046632124352331605
8.319671128294222E-4 0.05829015544041451
9.05375975726136E-4 0.05829015544041451
9.05375975726136E-4 0.05958549222797928
9.298455966917072E-4 0.05958549222797928
9.298455966917072E-4 0.06347150259067358
9.543152176572784E-4 0.06347150259067358
9.543152176572784E-4 0.06476683937823835
0.0011990114273129908 0.06476683937823835
0.0011990114273129908 0.07124352331606218
0.0012234810482785621 0.07124352331606218
0.0012234810482785621 0.07512953367875648
0.0012479506692441333 0.07512953367875648
0.0012479506692441333 0.07772020725388601
0.001296889911175276 0.07772020725388601
0.001296889911175276 0.07901554404145078
0.0013458291531064184 0.07901554404145078
0.0013458291531064184 0.08290155440414508
0.0013947683950375608 0.08290155440414508
0.0013947683950375608 0.09455958549222798
0.0015905253627621308 0.09455958549222798
0.0015905253627621308 0.09585492227979275
0.001614994983727702 0.09585492227979275
0.001614994983727702 0.09715025906735751
0.0016394646046932733 0.09715025906735751
0.0016394646046932733 0.09974093264248705
0.0016639342256588444 0.09974093264248705
0.0016639342256588444 0.10362694300518135
0.0017373430885555582 0.10362694300518135
0.0017373430885555582 0.10492227979274611
0.001835221572417843 0.10492227979274611
0.001835221572417843 0.10621761658031088
0.0018596911933834144 0.10621761658031088
0.0018596911933834144 0.10880829015544041
0.0018841608143489858 0.10880829015544041
0.0018841608143489858 0.11269430051813471
0.0019086304353145569 0.11269430051813471
0.0019086304353145569 0.11528497409326426
0.0019331000562801282 0.11528497409326426
0.0019331000562801282 0.11658031088082901
0.0019820392982112705 0.11658031088082901
0.0019820392982112705 0.12046632124352331
0.002030978540142413 0.12046632124352331
0.002030978540142413 0.1295336787564767
0.0020554481611079842 0.1295336787564767
0.0020554481611079842 0.13082901554404144
0.002079917782073556 0.13082901554404144
0.002079917782073556 0.13212435233160622
0.002104387403039127 0.13212435233160622
0.002104387403039127 0.1411917098445596
0.002202265886901412 0.1411917098445596
0.002202265886901412 0.14248704663212436
0.002618249443316123 0.14248704663212436
0.002618249443316123 0.1450777202072539
0.0026916583062128368 0.1450777202072539
0.0026916583062128368 0.1528497409326425
0.0028384760320062643 0.1528497409326425
0.0028384760320062643 0.15414507772020725
0.0028874152739374066 0.15414507772020725
0.0028874152739374066 0.1567357512953368
0.0029363545158685492 0.1567357512953368
0.0029363545158685492 0.15932642487046633
0.003034232999730834 0.15932642487046633
0.003034232999730834 0.1606217616580311
0.00315658110455869 0.1606217616580311
0.00315658110455869 0.16191709844559585
0.003327868451317689 0.16191709844559585
0.003327868451317689 0.16321243523316062
0.0033768076932488315 0.16321243523316062
0.0033768076932488315 0.16709844559585493
0.003670443144835686 0.16709844559585493
0.003670443144835686 0.18134715025906736
0.003719382386766829 0.18134715025906736
0.003719382386766829 0.1839378238341969
0.0037438520077324 0.1839378238341969
0.0037438520077324 0.18652849740932642
0.0037927912496635427 0.18652849740932642
0.0037927912496635427 0.1878238341968912
0.003841730491594685 0.1878238341968912
0.003841730491594685 0.18911917098445596
0.0038906697335258276 0.18911917098445596
0.0038906697335258276 0.19041450777202074
0.003915139354491399 0.19041450777202074
0.003915139354491399 0.19689119170984457
0.00393960897545697 0.19689119170984457
0.00393960897545697 0.19818652849740934
0.003964078596422541 0.19818652849740934
0.003964078596422541 0.1994818652849741
0.0039885482173881125 0.1994818652849741
0.0039885482173881125 0.20077720207253888
0.004037487459319255 0.20077720207253888
0.004037487459319255 0.20207253886010362
0.0041108963222159685 0.20207253886010362
0.0041108963222159685 0.2033678756476684
0.00413536594318154 0.2033678756476684
0.00413536594318154 0.20466321243523317
0.004159835564147112 0.20466321243523317
0.004159835564147112 0.20854922279792748
0.004184305185112682 0.20854922279792748
0.004184305185112682 0.21243523316062177
0.004233244427043825 0.21243523316062177
0.004233244427043825 0.2189119170984456
0.004282183668974968 0.2189119170984456
0.004282183668974968 0.2227979274611399
0.004306653289940538 0.2227979274611399
0.004306653289940538 0.22538860103626943
0.00433112291090611 0.22538860103626943
0.00433112291090611 0.2305699481865285
0.004355592531871681 0.2305699481865285
0.004355592531871681 0.23704663212435234
0.004453471015733966 0.23704663212435234
0.004453471015733966 0.2422279792746114
0.004575819120561823 0.2422279792746114
0.004575819120561823 0.2461139896373057
0.004600288741527393 0.2461139896373057
0.004600288741527393 0.25129533678756477
0.004624758362492965 0.25129533678756477
0.004624758362492965 0.2538860103626943
0.0047715760882863925 0.2538860103626943
0.0047715760882863925 0.2551813471502591
0.004869454572148677 0.2551813471502591
0.004869454572148677 0.25647668393782386
0.00511415078180439 0.25647668393782386
0.00511415078180439 0.25777202072538863
0.005603543201115815 0.25777202072538863
0.005603543201115815 0.26295336787564766
0.005701421684978099 0.26295336787564766
0.005701421684978099 0.2655440414507772
0.005750360926909242 0.2655440414507772
0.005750360926909242 0.266839378238342
0.005799300168840385 0.266839378238342
0.005799300168840385 0.26813471502590674
0.005823769789805955 0.26813471502590674
0.005823769789805955 0.27202072538860106
0.0058727090317370985 0.27202072538860106
0.0058727090317370985 0.2746113989637306
0.005921648273668241 0.2746113989637306
0.005921648273668241 0.27849740932642486
0.005946117894633812 0.27849740932642486
0.005946117894633812 0.27979274611398963
0.0059950571365649545 0.27979274611398963
0.0059950571365649545 0.2823834196891192
0.006019526757530526 0.2823834196891192
0.006019526757530526 0.28367875647668395
0.0062397533462206665 0.28367875647668395
0.0062397533462206665 0.28886010362694303
0.006533388797807522 0.28886010362694303
0.006533388797807522 0.2901554404145078
0.006680206523600949 0.2901554404145078
0.006680206523600949 0.2914507772020726
0.006924902733256661 0.2914507772020726
0.006924902733256661 0.29404145077720206
0.006998311596153375 0.29404145077720206
0.006998311596153375 0.29533678756476683
0.007145129321946803 0.29533678756476683
0.007145129321946803 0.2966321243523316
0.007194068563877945 0.2966321243523316
0.007194068563877945 0.2979274611398964
0.007243007805809088 0.2979274611398964
0.007243007805809088 0.29922279792746115
0.007463234394499229 0.29922279792746115
0.007463234394499229 0.3005181347150259
0.007536643257395943 0.3005181347150259
0.007536643257395943 0.30310880829015546
0.007658991362223799 0.30310880829015546
0.007658991362223799 0.30440414507772023
0.008295201507328652 0.30440414507772023
0.008295201507328652 0.305699481865285
0.008417549612156508 0.305699481865285
0.008417549612156508 0.3082901554404145
0.00844201923312208 0.3082901554404145
0.00844201923312208 0.31088082901554404
0.008539897716984364 0.31088082901554404
0.008539897716984364 0.3134715025906736
0.008564367337949935 0.3134715025906736
0.008564367337949935 0.3160621761658031
0.008784593926640076 0.3160621761658031
0.008784593926640076 0.3173575129533679
0.008955881273399075 0.3173575129533679
0.008955881273399075 0.31865284974093266
0.00905375975726136 0.31865284974093266
0.00905375975726136 0.31994818652849744
0.009738909144297354 0.31994818652849744
0.009738909144297354 0.3212435233160622
0.010081483837815352 0.3212435233160622
0.010081483837815352 0.3238341968911917
0.010105953458780924 0.3238341968911917
0.010105953458780924 0.32512953367875647
0.010301710426505493 0.32512953367875647
0.010301710426505493 0.32642487046632124
0.01044852815229892 0.32642487046632124
0.01044852815229892 0.33031088082901555
0.011182616781266058 0.33031088082901555
0.011182616781266058 0.3329015544041451
0.0112315560231972 0.3329015544041451
0.0112315560231972 0.33549222797927464
0.011353904128025057 0.33549222797927464
0.011353904128025057 0.3367875647668394
0.011476252232852913 0.3367875647668394
0.011476252232852913 0.3380829015544042
0.011672009200577482 0.3380829015544042
0.011672009200577482 0.33937823834196895
0.011794357305405338 0.33937823834196895
0.011794357305405338 0.34067357512953367
0.01181882692637091 0.34067357512953367
0.01181882692637091 0.34196891191709844
0.011916705410233194 0.34196891191709844
0.011916705410233194 0.344559585492228
0.011965644652164337 0.344559585492228
0.011965644652164337 0.34585492227979275
0.012112462377957765 0.34585492227979275
0.012112462377957765 0.3471502590673575
0.012650794039200332 0.3471502590673575
0.012650794039200332 0.34974093264248707
0.012822081385959331 0.34974093264248707
0.012822081385959331 0.35103626943005184
0.012871020627890474 0.35103626943005184
0.012871020627890474 0.3523316062176166
0.012919959869821616 0.3523316062176166
0.012919959869821616 0.3536269430051814
0.013311473805270755 0.3536269430051814
0.013311473805270755 0.35492227979274615
0.01397215357134118 0.35492227979274615
0.01397215357134118 0.35621761658031087
0.014021092813272322 0.35621761658031087
0.014021092813272322 0.35751295336787564
0.014265789022928034 0.35751295336787564
0.014265789022928034 0.3588082901554404
0.014339197885824748 0.3588082901554404
0.014339197885824748 0.3601036269430052
0.014657302958377175 0.3601036269430052
0.014657302958377175 0.36139896373056996
0.01475518144223946 0.36139896373056996
0.01475518144223946 0.3626943005181347
0.016076540974380306 0.3626943005181347
0.016076540974380306 0.3639896373056995
0.01634570680500159 0.3639896373056995
0.01634570680500159 0.36528497409326427
0.016419115667898304 0.36528497409326427
0.016419115667898304 0.36658031088082904
0.016663811877554016 0.36658031088082904
0.016663811877554016 0.3678756476683938
0.01673722074045073 0.3678756476683938
0.01673722074045073 0.3691709844559586
0.01698191695010644 0.3691709844559586
0.01698191695010644 0.37046632124352336
0.017202143538796583 0.37046632124352336
0.017202143538796583 0.37176165803108807
0.017251082780727726 0.37176165803108807
0.017251082780727726 0.37305699481865284
0.01734896126459001 0.37305699481865284
0.01734896126459001 0.3743523316062176
0.017397900506521152 0.3743523316062176
0.017397900506521152 0.3756476683937824
0.017446839748452295 0.3756476683937824
0.017446839748452295 0.37694300518134716
0.01749577899038344 0.37694300518134716
0.01749577899038344 0.37823834196891193
0.017642596716176864 0.37823834196891193
0.017642596716176864 0.3795336787564767
0.017667066337142438 0.3795336787564767
0.017667066337142438 0.38082901554404147
0.017838353683901437 0.38082901554404147
0.017838353683901437 0.38212435233160624
0.01791176254679815 0.38212435233160624
0.01791176254679815 0.383419689119171
0.017960701788729293 0.383419689119171
0.017960701788729293 0.3847150259067358
0.018425624587075147 0.3847150259067358
0.018425624587075147 0.38601036269430056
0.018547972691903003 0.38601036269430056
0.018547972691903003 0.3873056994818653
0.01867032079673086 0.3873056994818653
0.01867032079673086 0.38860103626943004
0.01869479041769643 0.38860103626943004
0.01869479041769643 0.3898963730569948
0.01893948662735214 0.3898963730569948
0.01893948662735214 0.3911917098445596
0.019135243595076713 0.3911917098445596
0.019135243595076713 0.39248704663212436
0.019208652457973426 0.39248704663212436
0.019208652457973426 0.3963730569948187
0.01952675753052585 0.3963730569948187
0.01952675753052585 0.39766839378238344
0.019575696772456994 0.39766839378238344
0.019575696772456994 0.400259067357513
0.019624636014388137 0.400259067357513
0.019624636014388137 0.4028497409326425
0.019649105635353707 0.4028497409326425
0.019649105635353707 0.40414507772020725
0.01972251449825042 0.40414507772020725
0.01972251449825042 0.405440414507772
0.019844862603078276 0.405440414507772
0.019844862603078276 0.40803108808290156
0.020016149949837275 0.40803108808290156
0.020016149949837275 0.40932642487046633
0.02004061957080285 0.40932642487046633
0.02004061957080285 0.4106217616580311
0.020211906917561848 0.4106217616580311
0.020211906917561848 0.4119170984455959
0.02030978540142413 0.4119170984455959
0.02030978540142413 0.41321243523316065
0.020848117062666698 0.41321243523316065
0.020848117062666698 0.4145077720207254
0.02089705630459784 0.4145077720207254
0.02089705630459784 0.4158031088082902
0.021215161377150266 0.4158031088082902
0.021215161377150266 0.41709844559585496
0.021313039861012552 0.41709844559585496
0.021313039861012552 0.41839378238341973
0.021410918344874838 0.41839378238341973
0.021410918344874838 0.41968911917098445
0.02265886901411897 0.41968911917098445
0.02265886901411897 0.4209844559585492
0.023001443707636966 0.4209844559585492
0.023001443707636966 0.422279792746114
0.02378447157853525 0.422279792746114
0.02378447157853525 0.42357512953367876
0.024885604521985953 0.42357512953367876
0.024885604521985953 0.42487046632124353
0.025081361489710522 0.42487046632124353
0.025081361489710522 0.4261658031088083
0.02515477035260724 0.4261658031088083
0.02515477035260724 0.4274611398963731
0.02618249443316123 0.4274611398963731
0.02618249443316123 0.42875647668393785
0.026280372917023516 0.42875647668393785
0.026280372917023516 0.4300518134715026
0.02659847798957594 0.4300518134715026
0.02659847798957594 0.4313471502590674
0.026892113441162796 0.4313471502590674
0.026892113441162796 0.43264248704663216
0.02755279320723322 0.43264248704663216
0.02755279320723322 0.43523316062176165
0.02757726282819879 0.43523316062176165
0.02757726282819879 0.4365284974093264
0.028042185626544643 0.4365284974093264
0.028042185626544643 0.4378238341968912
0.028629456529718354 0.4378238341968912
0.028629456529718354 0.43911917098445596
0.028678395771649497 0.43911917098445596
0.028678395771649497 0.44041450777202074
0.02914331856999535 0.44041450777202074
0.02914331856999535 0.4430051813471503
0.02919225781192649 0.4430051813471503
0.02919225781192649 0.44430051813471505
0.02931460591675435 0.44430051813471505
0.02931460591675435 0.4455958549222798
0.029436954021582206 0.4455958549222798
0.029436954021582206 0.4468911917098446
0.03009763378765263 0.4468911917098446
0.03009763378765263 0.44818652849740936
0.03068490469082634 0.44818652849740936
0.03068490469082634 0.45077720207253885
0.031051949005309908 0.45077720207253885
0.031051949005309908 0.4520725388601036
0.031394523698827906 0.4520725388601036
0.031394523698827906 0.45595854922279794
0.03269141361000318 0.45595854922279794
0.03269141361000318 0.4572538860103627
0.03337656299703917 0.4572538860103627
0.03337656299703917 0.4585492227979275
0.0338659554163506 0.4585492227979275
0.0338659554163506 0.461139896373057
0.03423299973083417 0.461139896373057
0.03423299973083417 0.4624352331606218
0.03435534783566203 0.4624352331606218
0.03435534783566203 0.46373056994818657
0.0343798174566276 0.46373056994818657
0.0343798174566276 0.46502590673575134
0.03523625419042259 0.46502590673575134
0.03523625419042259 0.46632124352331605
0.03584799471456187 0.46632124352331605
0.03584799471456187 0.4676165803108808
0.03638632637580444 0.4676165803108808
0.03638632637580444 0.4689119170984456
0.03694912765801257 0.4689119170984456
0.03694912765801257 0.47020725388601037
0.037169354246702715 0.47020725388601037
0.037169354246702715 0.47150259067357514
0.03729170235153057 0.47150259067357514
0.03729170235153057 0.4727979274611399
0.03758533780311743 0.4727979274611399
0.03758533780311743 0.4740932642487047
0.03790344287566985 0.4740932642487047
0.03790344287566985 0.47538860103626945
0.038074730222428854 0.47538860103626945
0.038074730222428854 0.4766839378238342
0.03822154794822228 0.4766839378238342
0.03822154794822228 0.47927461139896377
0.03844177453691242 0.47927461139896377
0.03844177453691242 0.48056994818652854
0.038686470746568134 0.48056994818652854
0.038686470746568134 0.48186528497409326
0.03880881885139599 0.48186528497409326
0.03880881885139599 0.483160621761658
0.03888222771429271 0.483160621761658
0.03888222771429271 0.4844559585492228
0.03968972520615655 0.4844559585492228
0.03968972520615655 0.48575129533678757
0.039836542931949985 0.48575129533678757
0.039836542931949985 0.4883419689119171
0.04000783027870898 0.4883419689119171
0.04000783027870898 0.49093264248704666
0.04098661511733183 0.49093264248704666
0.04098661511733183 0.4922279792746114
0.04125578094795312 0.4922279792746114
0.04125578094795312 0.4935233160621762
0.041378129052780974 0.4935233160621762
0.041378129052780974 0.49481865284974097
0.04157388602050554 0.49481865284974097
0.04157388602050554 0.49611398963730574
0.04211221768174811 0.49611398963730574
0.04211221768174811 0.49740932642487046
0.04243032275430053 0.49740932642487046
0.04243032275430053 0.49870466321243523
0.042626079722025104 0.49870466321243523
0.042626079722025104 0.5
0.04306653289940539 0.5
0.04306653289940539 0.5012953367875648
0.043482516455820096 0.5012953367875648
0.043482516455820096 0.5025906735751295
0.043825091149338094 0.5025906735751295
0.043825091149338094 0.5038860103626943
0.04416766584285609 0.5038860103626943
0.04416766584285609 0.5051813471502591
0.04426554432671838 0.5051813471502591
0.04426554432671838 0.5064766839378239
0.04429001394768395 0.5064766839378239
0.04429001394768395 0.5077720207253886
0.0450975114395478 0.5077720207253886
0.0450975114395478 0.5103626943005182
0.04514645068147894 0.5103626943005182
0.04514645068147894 0.5116580310880829
0.04570925196368708 0.5116580310880829
0.04570925196368708 0.5207253886010363
0.04580713044754937 0.5207253886010363
0.04580713044754937 0.522020725388601
0.04585606968948051 0.522020725388601
0.04585606968948051 0.5233160621761658
0.04590500893141165 0.5233160621761658
0.04590500893141165 0.5259067357512953
0.04595394817334279 0.5259067357512953
0.04595394817334279 0.5272020725388601
0.046174174762032935 0.5272020725388601
0.046174174762032935 0.5284974093264249
0.04627205324589522 0.5284974093264249
0.04627205324589522 0.5297927461139896
0.04632099248782636 0.5297927461139896
0.04632099248782636 0.5310880829015544
0.04690826339100007 0.5310880829015544
0.04690826339100007 0.5323834196891192
0.04700614187486236 0.5323834196891192
0.04700614187486236 0.533678756476684
0.04749553429417378 0.533678756476684
0.04749553429417378 0.5349740932642487
0.04754447353610492 0.5349740932642487
0.04754447353610492 0.5362694300518135
0.04879242420534906 0.5362694300518135
0.04879242420534906 0.5375647668393783
0.05030954070521448 0.5375647668393783
0.05030954070521448 0.538860103626943
0.05089681160838819 0.538860103626943
0.05089681160838819 0.5401554404145078
0.05177771796314875 0.5401554404145078
0.05177771796314875 0.5414507772020726
0.05182665720507989 0.5414507772020726
0.05182665720507989 0.5427461139896373
0.051900066067976605 0.5427461139896373
0.051900066067976605 0.5440414507772021
0.0520713534147356 0.5440414507772021
0.0520713534147356 0.5453367875647669
0.05209582303570118 0.5453367875647669
0.05209582303570118 0.5479274611398964
0.052829911664668314 0.5479274611398964
0.052829911664668314 0.5492227979274612
0.05351506105170431 0.5492227979274612
0.05351506105170431 0.550518134715026
0.05380869650329116 0.550518134715026
0.05380869650329116 0.5518134715025907
0.05395551422908459 0.5518134715025907
0.05395551422908459 0.5531088082901554
0.05439596740646487 0.5531088082901554
0.05439596740646487 0.5544041450777202
0.054616193995155014 0.5544041450777202
0.054616193995155014 0.555699481865285
0.054689602858051724 0.555699481865285
0.054689602858051724 0.5569948186528497
0.0547140724790173 0.5569948186528497
0.0547140724790173 0.560880829015544
0.05498323830963858 0.560880829015544
0.05498323830963858 0.5634715025906736
0.05500770793060415 0.5634715025906736
0.05500770793060415 0.5647668393782384
0.055203464898328725 0.5647668393782384
0.055203464898328725 0.5660621761658031
0.05601096239019258 0.5660621761658031
0.05601096239019258 0.5673575129533679
0.05750360926909242 0.5673575129533679
0.05750360926909242 0.5712435233160622
0.057577018131989136 0.5712435233160622
0.057577018131989136 0.572538860103627
0.057625957373920275 0.572538860103627
0.057625957373920275 0.5738341968911918
0.05801747130936941 0.5738341968911918
0.05801747130936941 0.5751295336787565
0.05813981941419727 0.5751295336787565
0.05813981941419727 0.5764248704663213
0.058531333349646414 0.5764248704663213
0.058531333349646414 0.5777202072538861
0.05894731690606112 0.5777202072538861
0.05894731690606112 0.5816062176165804
0.05992610174468397 0.5816062176165804
0.05992610174468397 0.5829015544041452
0.060048449849511826 0.5829015544041452
0.060048449849511826 0.5841968911917099
0.060317615680133115 0.5841968911917099
0.060317615680133115 0.5854922279792746
0.06051337264785768 0.5854922279792746
0.06051337264785768 0.5867875647668394
0.06078253847847897 0.5867875647668394
0.06078253847847897 0.5880829015544041
0.06107617393006582 0.5880829015544041
0.06107617393006582 0.5906735751295337
0.06178579293806739 0.5906735751295337
0.06178579293806739 0.5919689119170984
0.06193261066386081 0.5919689119170984
0.06193261066386081 0.5932642487046632
0.062128367631585385 0.5932642487046632
0.062128367631585385 0.594559585492228
0.06247094232510338 0.594559585492228
0.06247094232510338 0.5958549222797928
0.06276457777669024 0.5958549222797928
0.06276457777669024 0.5971502590673575
0.0633029094379328 0.5971502590673575
0.0633029094379328 0.5984455958549223
0.06349866640565738 0.5984455958549223
0.06349866640565738 0.5997409326424871
0.06359654488951966 0.5997409326424871
0.06359654488951966 0.6010362694300518
0.06389018034110651 0.6010362694300518
0.06389018034110651 0.6023316062176166
0.06464873859103923 0.6023316062176166
0.06464873859103923 0.6036269430051814
0.06479555631683265 0.6036269430051814
0.06479555631683265 0.6049222797927462
0.06533388797807521 0.6049222797927462
0.06533388797807521 0.6062176165803109
0.06570093229255879 0.6062176165803109
0.06570093229255879 0.6075129533678757
0.06604350698607678 0.6075129533678757
0.06604350698607678 0.6088082901554405
0.06641055130056035 0.6088082901554405
0.06641055130056035 0.6101036269430052
0.06672865637311277 0.6101036269430052
0.06672865637311277 0.61139896373057
0.06685100447794064 0.61139896373057
0.06685100447794064 0.6126943005181348
0.06746274500207991 0.6126943005181348
0.06746274500207991 0.6152849740932643
0.06765850196980448 0.6152849740932643
0.06765850196980448 0.616580310880829
0.0679031981794602 0.616580310880829
0.0679031981794602 0.6178756476683938
0.06817236401008148 0.6178756476683938
0.06817236401008148 0.6191709844559585
0.06939584505836004 0.6191709844559585
0.06939584505836004 0.6204663212435233
0.06971395013091247 0.6204663212435233
0.06971395013091247 0.6230569948186528
0.06976288937284361 0.6230569948186528
0.06976288937284361 0.6256476683937824
0.07005652482443046 0.6256476683937824
0.07005652482443046 0.6269430051813472
0.0702033425502239 0.6269430051813472
0.0702033425502239 0.6295336787564767
0.07032569065505175 0.6295336787564767
0.07032569065505175 0.6308290155440415
0.07081508307436317 0.6308290155440415
0.07081508307436317 0.6321243523316062
0.07091296155822546 0.6321243523316062
0.07091296155822546 0.633419689119171
0.07105977928401888 0.633419689119171
0.07105977928401888 0.6347150259067358
0.07186727677588274 0.6347150259067358
0.07186727677588274 0.6360103626943006
0.07196515525974502 0.6360103626943006
0.07196515525974502 0.6386010362694301
0.0725034869209876 0.6386010362694301
0.0725034869209876 0.6398963730569949
0.07294394009836787 0.6398963730569949
0.07294394009836787 0.6411917098445596
0.07316416668705801 0.6411917098445596
0.07316416668705801 0.6424870466321244
0.07331098441285144 0.6424870466321244
0.07331098441285144 0.6437823834196892
0.07333545403381701 0.6437823834196892
0.07333545403381701 0.645077720207254
0.07365355910636943 0.645077720207254
0.07365355910636943 0.6463730569948187
0.07438764773533657 0.6463730569948187
0.07438764773533657 0.6476683937823834
0.07487704015464801 0.6476683937823834
0.07487704015464801 0.6502590673575129
0.07512173636430372 0.6502590673575129
0.07512173636430372 0.6515544041450777
0.07558665916264956 0.6515544041450777
0.07558665916264956 0.6528497409326425
0.07592923385616757 0.6528497409326425
0.07592923385616757 0.6541450777202072
0.0771771845254117 0.6541450777202072
0.0771771845254117 0.655440414507772
0.07923263268651969 0.655440414507772
0.07923263268651969 0.6567357512953368
0.07925710230748526 0.6567357512953368
0.07925710230748526 0.6580310880829016
0.07977096434776225 0.6580310880829016
0.07977096434776225 0.6593264248704663
0.07991778207355568 0.6593264248704663
0.07991778207355568 0.6606217616580311
0.07994225169452125 0.6606217616580311
0.07994225169452125 0.6619170984455959
0.08133702008955881 0.6619170984455959
0.08133702008955881 0.6632124352331606
0.08246262265397508 0.6632124352331606
0.08246262265397508 0.6645077720207254
0.0828786062103898 0.6645077720207254
0.0828786062103898 0.6709844559585493
0.08290307583135537 0.6709844559585493
0.08290307583135537 0.6735751295336788
0.08302542393618323 0.6735751295336788
0.08302542393618323 0.6748704663212436
0.08327012014583894 0.6748704663212436
0.08327012014583894 0.6761658031088084
0.08400420877480608 0.6761658031088084
0.08400420877480608 0.6774611398963731
0.08412655687963393 0.6774611398963731
0.08412655687963393 0.6787564766839379
0.0851787505811535 0.6787564766839379
0.0851787505811535 0.6800518134715026
0.08542344679080921 0.6800518134715026
0.08542344679080921 0.6813471502590673
0.0861085961778452 0.6813471502590673
0.0861085961778452 0.6839378238341969
0.08667139746005334 0.6839378238341969
0.08667139746005334 0.6852331606217616
0.08703844177453691 0.6852331606217616
0.08703844177453691 0.6865284974093264
0.08769912154060733 0.6865284974093264
0.08769912154060733 0.6878238341968912
0.08774806078253848 0.6878238341968912
0.08774806078253848 0.689119170984456
0.08816404433895318 0.689119170984456
0.08816404433895318 0.6904145077720207
0.09041524946778574 0.6904145077720207
0.09041524946778574 0.6968911917098446
0.09048865833068245 0.6968911917098446
0.09048865833068245 0.6981865284974094
0.09083123302420046 0.6981865284974094
0.09083123302420046 0.7007772020725389
0.0915653216531676 0.7007772020725389
0.0915653216531676 0.7020725388601037
0.09210365331441016 0.7020725388601037
0.09210365331441016 0.7046632124352332
0.09244622800792815 0.7046632124352332
0.09244622800792815 0.705958549222798
0.09288668118530843 0.705958549222798
0.09288668118530843 0.7072538860103628
0.09315584701592972 0.7072538860103628
0.09315584701592972 0.7098445595854923
0.09354736095137886 0.7098445595854923
0.09354736095137886 0.711139896373057
0.094281449580346 0.711139896373057
0.094281449580346 0.7124352331606217
0.09481978124158856 0.7124352331606217
0.09481978124158856 0.7137305699481865
0.09489319010448528 0.7137305699481865
0.09489319010448528 0.7150259067357513
0.09508894707220984 0.7150259067357513
0.09508894707220984 0.716321243523316
0.09516235593510657 0.716321243523316
0.09516235593510657 0.7176165803108808
0.09528470403993441 0.7176165803108808
0.09528470403993441 0.7189119170984456
0.09543152176572785 0.7189119170984456
0.09543152176572785 0.7202072538860104
0.09560280911248685 0.7202072538860104
0.09560280911248685 0.7215025906735751
0.09677735091883427 0.7215025906735751
0.09677735091883427 0.7227979274611399
0.09682629016076541 0.7227979274611399
0.09682629016076541 0.7240932642487047
0.09694863826559326 0.7240932642487047
0.09694863826559326 0.7253886010362695
0.09780507499938826 0.7253886010362695
0.09780507499938826 0.7266839378238342
0.09863704211221767 0.7266839378238342
0.09863704211221767 0.727979274611399
0.09927325225732253 0.727979274611399
0.09927325225732253 0.7292746113989638
0.10025203709594538 0.7292746113989638
0.10025203709594538 0.7305699481865285
0.10037438520077324 0.7305699481865285
0.10037438520077324 0.7318652849740933
0.10079036875718794 0.7318652849740933
0.10079036875718794 0.7331606217616581
0.10093718648298138 0.7331606217616581
0.10093718648298138 0.7344559585492229
0.10181809283774194 0.7344559585492229
0.10181809283774194 0.7357512953367876
0.10189150170063865 0.7357512953367876
0.10189150170063865 0.7370466321243524
0.10198938018450093 0.7370466321243524
0.10198938018450093 0.7383419689119172
0.10247877260381236 0.7383419689119172
0.10247877260381236 0.7396373056994819
0.10289475616022707 0.7396373056994819
0.10289475616022707 0.7409326424870467
0.10318839161181392 0.7409326424870467
0.10318839161181392 0.7422279792746114
0.1041427068294712 0.7422279792746114
0.1041427068294712 0.7435233160621761
0.10421611569236792 0.7435233160621761
0.10421611569236792 0.7448186528497409
0.10465656886974821 0.7448186528497409
0.10465656886974821 0.7461139896373057
0.10495020432133506 0.7461139896373057
0.10495020432133506 0.7474093264248705
0.10573323219223334 0.7474093264248705
0.10573323219223334 0.7487046632124352
0.10671201703085618 0.7487046632124352
0.10671201703085618 0.75
0.10756845376465118 0.75
0.10756845376465118 0.7525906735751295
0.10766633224851346 0.7525906735751295
0.10766633224851346 0.7538860103626943
0.1078131499743069 0.7538860103626943
0.1078131499743069 0.7551813471502591
0.11028458169182959 0.7551813471502591
0.11028458169182959 0.7564766839378239
0.11045586903858859 0.7564766839378239
0.11045586903858859 0.7577720207253886
0.11072503486920987 0.7577720207253886
0.11072503486920987 0.7590673575129534
0.11126336653045243 0.7590673575129534
0.11126336653045243 0.7603626943005182
0.11150806274010815 0.7603626943005182
0.11150806274010815 0.7616580310880829
0.11226662099004087 0.7616580310880829
0.11226662099004087 0.7629533678756477
0.11236449947390315 0.7629533678756477
0.11236449947390315 0.7642487046632125
0.11466464384466685 0.7642487046632125
0.11466464384466685 0.7655440414507773
0.11481146157046027 0.7655440414507773
0.11481146157046027 0.766839378238342
0.11794357305405338 0.766839378238342
0.11794357305405338 0.7681347150259068
0.11848190471529596 0.7681347150259068
0.11848190471529596 0.7694300518134716
0.11924046296522867 0.7694300518134716
0.11924046296522867 0.7707253886010363
0.12078204908605965 0.7707253886010363
0.12078204908605965 0.7720207253886011
0.1237184036019282 0.7720207253886011
0.1237184036019282 0.7733160621761659
0.12457484033572319 0.7733160621761659
0.12457484033572319 0.7746113989637305
0.12552915555338048 0.7746113989637305
0.12552915555338048 0.7759067357512953
0.1261898353194509 0.7759067357512953
0.1261898353194509 0.7772020725388601
0.12885702400469817 0.7772020725388601
0.12885702400469817 0.7784974093264249
0.12912618983531945 0.7784974093264249
0.12912618983531945 0.7797927461139896
0.13008050505297672 0.7797927461139896
0.13008050505297672 0.7810880829015544
0.13037414050456358 0.7810880829015544
0.13037414050456358 0.7823834196891192
0.13074118481904715 0.7823834196891192
0.13074118481904715 0.783678756476684
0.13216042283505028 0.783678756476684
0.13216042283505028 0.7849740932642487
0.13304132918981085 0.7849740932642487
0.13304132918981085 0.7862694300518135
0.1331636772946387 0.7862694300518135
0.1331636772946387 0.7875647668393783
0.13433821910098612 0.7875647668393783
0.13433821910098612 0.788860103626943
0.13685859006043996 0.788860103626943
0.13685859006043996 0.7914507772020726
0.13705434702816452 0.7914507772020726
0.13705434702816452 0.7927461139896373
0.13923214329410036 0.7927461139896373
0.13923214329410036 0.7940414507772021
0.13950130912472164 0.7940414507772021
0.13950130912472164 0.7953367875647669
0.14043115472141335 0.7953367875647669
0.14043115472141335 0.7966321243523317
0.14089607751975922 0.7966321243523317
0.14089607751975922 0.7979274611398964
0.14114077372941491 0.7979274611398964
0.14114077372941491 0.7992227979274612
0.14155675728582964 0.7992227979274612
0.14155675728582964 0.800518134715026
0.1426823598502459 0.800518134715026
0.1426823598502459 0.8018134715025907
0.1428536471970049 0.8018134715025907
0.1428536471970049 0.8031088082901555
0.14691560427728975 0.8031088082901555
0.14691560427728975 0.8044041450777203
0.14733158783370445 0.8044041450777203
0.14733158783370445 0.805699481865285
0.14742946631756673 0.805699481865285
0.14742946631756673 0.8069948186528497
0.14875082584970759 0.8069948186528497
0.14875082584970759 0.8082901554404145
0.1488242347126043 0.8082901554404145
0.1488242347126043 0.8095854922279793
0.15014559424474513 0.8095854922279793
0.15014559424474513 0.810880829015544
0.15168718036557613 0.810880829015544
0.15168718036557613 0.8134715025906736
0.15347346269606282 0.8134715025906736
0.15347346269606282 0.8147668393782384
0.15513739692172168 0.8147668393782384
0.15513739692172168 0.8160621761658031
0.15570019820392983 0.8160621761658031
0.15570019820392983 0.8173575129533679
0.15824503878434923 0.8173575129533679
0.15824503878434923 0.8186528497409327
0.15848973499400493 0.8186528497409327
0.15848973499400493 0.8199481865284974
0.1586854919617295 0.8199481865284974
0.1586854919617295 0.8212435233160622
0.15927276286490322 0.8212435233160622
0.15927276286490322 0.822538860103627
0.16078987936476863 0.822538860103627
0.16078987936476863 0.8238341968911918
0.1643869136467076 0.8238341968911918
0.1643869136467076 0.8251295336787565
0.1655859250740206 0.8251295336787565
0.1655859250740206 0.8264248704663213
0.16602637825140087 0.8264248704663213
0.16602637825140087 0.8277202072538861
0.169158489734994 0.8277202072538861
0.169158489734994 0.8290155440414508
0.16918295935595956 0.8290155440414508
0.16918295935595956 0.8303108808290156
0.17131181637996426 0.8303108808290156
0.17131181637996426 0.8316062176165804
0.17167886069444785 0.8316062176165804
0.17167886069444785 0.8329015544041452
0.17175226955734454 0.8329015544041452
0.17175226955734454 0.8341968911917099
0.1724863581863117 0.8341968911917099
0.1724863581863117 0.8354922279792747
0.17287787212176084 0.8354922279792747
0.17287787212176084 0.8367875647668395
0.17302468984755426 0.8367875647668395
0.17302468984755426 0.8380829015544041
0.17512907725059337 0.8380829015544041
0.17512907725059337 0.8393782383419689
0.17625467981500967 0.8393782383419689
0.17625467981500967 0.8406735751295337
0.1763770279198375 0.8406735751295337
0.1763770279198375 0.8419689119170984
0.17652384564563095 0.8419689119170984
0.17652384564563095 0.8432642487046632
0.1765483152665965 0.8432642487046632
0.1765483152665965 0.844559585492228
0.1796314875082585 0.844559585492228
0.1796314875082585 0.8458549222797928
0.18019428879046662 0.8458549222797928
0.18019428879046662 0.8471502590673575
0.18078155969364035 0.8471502590673575
0.18078155969364035 0.8484455958549223
0.18190716225805661 0.8484455958549223
0.18190716225805661 0.8497409326424871
0.18207844960481562 0.8497409326424871
0.18207844960481562 0.8523316062176166
0.1840604889030269 0.8523316062176166
0.1840604889030269 0.8536269430051814
0.18423177624978587 0.8536269430051814
0.18423177624978587 0.8562176165803109
0.18479457753199402 0.8562176165803109
0.18479457753199402 0.8575129533678757
0.18521056108840872 0.8575129533678757
0.18521056108840872 0.8588082901554405
0.18785328015269043 0.8588082901554405
0.18785328015269043 0.8601036269430052
0.19012895490248855 0.8601036269430052
0.19012895490248855 0.86139896373057
0.19135243595076712 0.86139896373057
0.19135243595076712 0.8626943005181348
0.1914503144346294 0.8626943005181348
0.1914503144346294 0.8639896373056996
0.1922088726845621 0.8639896373056996
0.1922088726845621 0.8652849740932643
0.19487606136980937 0.8652849740932643
0.19487606136980937 0.8665803108808291
0.1949250006117405 0.8665803108808291
0.1949250006117405 0.8678756476683939
0.19578143734553552 0.8678756476683939
0.19578143734553552 0.8704663212435233
0.1976655981598845 0.8704663212435233
0.1976655981598845 0.8717616580310881
0.19999021215161378 0.8717616580310881
0.19999021215161378 0.8730569948186528
0.20008809063547606 0.8730569948186528
0.20008809063547606 0.8743523316062176
0.2005530134338219 0.8743523316062176
0.2005530134338219 0.8769430051813472
0.204370274304451 0.8769430051813472
0.204370274304451 0.8795336787564767
0.20764920351383756 0.8795336787564767
0.20764920351383756 0.8808290155440415
0.21065896689260283 0.8808290155440415
0.21065896689260283 0.8821243523316062
0.21083025423936183 0.8821243523316062
0.21083025423936183 0.883419689119171
0.21222502263439938 0.883419689119171
0.21222502263439938 0.8847150259067358
0.21283676315853867 0.8847150259067358
0.21283676315853867 0.8860103626943006
0.2130569897472288 0.8860103626943006
0.2130569897472288 0.8873056994818653
0.21352191254557465 0.8873056994818653
0.21352191254557465 0.8886010362694301
0.21359532140847137 0.8886010362694301
0.21359532140847137 0.8898963730569949
0.22282036851249173 0.8898963730569949
0.22282036851249173 0.8911917098445596
0.22798345853622726 0.8911917098445596
0.22798345853622726 0.8924870466321244
0.23158049281816623 0.8924870466321244
0.23158049281816623 0.8937823834196892
0.23209435485844324 0.8937823834196892
0.23209435485844324 0.895077720207254
0.2333912447696185 0.895077720207254
0.2333912447696185 0.8963730569948187
0.23725744488217876 0.8963730569948187
0.23725744488217876 0.8976683937823835
0.23997357280935716 0.8976683937823835
0.23997357280935716 0.8989637305699483
0.24256735263170773 0.8989637305699483
0.24256735263170773 0.9002590673575129
0.24535688942178285 0.9002590673575129
0.24535688942178285 0.9015544041450777
0.2482932439376514 0.9015544041450777
0.2482932439376514 0.9028497409326425
0.24890498446179068 0.9028497409326425
0.24890498446179068 0.9041450777202072
0.25969608730760757 0.9041450777202072
0.25969608730760757 0.905440414507772
0.25974502654953874 0.905440414507772
0.25974502654953874 0.9067357512953368
0.2699243888712164 0.9067357512953368
0.2699243888712164 0.9080310880829016
0.2699488584921819 0.9080310880829016
0.2699488584921819 0.9093264248704663
0.2800303423299973 0.9093264248704663
0.2800303423299973 0.9106217616580311
0.28176768541855285 0.9106217616580311
0.28176768541855285 0.9119170984455959
0.28355396774903957 0.9119170984455959
0.28355396774903957 0.9132124352331606
0.286270095676218 0.9132124352331606
0.286270095676218 0.9145077720207254
0.286612670369736 0.9145077720207254
0.286612670369736 0.9158031088082902
0.2908948540387109 0.9158031088082902
0.2908948540387109 0.917098445595855
0.29454082756258104 0.917098445595855
0.29454082756258104 0.9183937823834197
0.3016125480216311 0.9183937823834197
0.3016125480216311 0.9196891191709845
0.3162943206009739 0.9196891191709845
0.3162943206009739 0.922279792746114
0.3317835906721805 0.922279792746114
0.3317835906721805 0.9235751295336788
0.34174272640516795 0.9235751295336788
0.34174272640516795 0.9248704663212436
0.34663665059828225 0.9248704663212436
0.34663665059828225 0.9261658031088084
0.34675899870311006 0.9261658031088084
0.34675899870311006 0.9274611398963731
0.3562532116377517 0.9274611398963731
0.3562532116377517 0.9313471502590674
0.36403455110480337 0.9313471502590674
0.36403455110480337 0.9326424870466321
0.3654293194998409 0.9326424870466321
0.3654293194998409 0.9339378238341969
0.3794014730711821 0.9339378238341969
0.3794014730711821 0.9352331606217616
0.3829985073531211 0.9352331606217616
0.3829985073531211 0.9365284974093264
0.3855433479335405 0.9365284974093264
0.3855433479335405 0.9378238341968912
0.3878679619252698 0.9378238341968912
0.3878679619252698 0.9417098445595855
0.38796584040913207 0.9417098445595855
0.38796584040913207 0.9430051813471503
0.39009469743313674 0.9430051813471503
0.39009469743313674 0.944300518134715
0.39317786967479873 0.944300518134715
0.39317786967479873 0.9455958549222798
0.3956493013923214 0.9455958549222798
0.3956493013923214 0.9468911917098446
0.3956982406342526 0.9468911917098446
0.3956982406342526 0.9481865284974094
0.3977047495534294 0.9481865284974094
0.3977047495534294 0.9494818652849741
0.39785156727922283 0.9494818652849741
0.39785156727922283 0.9507772020725389
0.40029852937578 0.9507772020725389
0.40029852937578 0.9520725388601037
0.40088580027895365 0.9520725388601037
0.40088580027895365 0.9533678756476685
0.4009592091418504 0.9533678756476685
0.4009592091418504 0.9546632124352332
0.4088628967137299 0.9546632124352332
0.4088628967137299 0.955958549222798
0.41698681087429956 0.955958549222798
0.41698681087429956 0.9572538860103628
0.4231286857366579 0.9572538860103628
0.4231286857366579 0.9585492227979275
0.4254288301074216 0.9585492227979275
0.4254288301074216 0.9598445595854923
0.42596716176866417 0.9598445595854923
0.42596716176866417 0.9637305699481865
0.47561602270780823 0.9637305699481865
0.47561602270780823 0.9650259067357513
0.49064036998066896 0.9650259067357513
0.49064036998066896 0.966321243523316
0.49227983458536223 0.966321243523316
0.49227983458536223 0.9676165803108808
0.5003303398830352 0.9676165803108808
0.5003303398830352 0.9689119170984456
0.5034135121246972 0.9689119170984456
0.5034135121246972 0.9702072538860104
0.5240414025986737 0.9702072538860104
0.5240414025986737 0.9715025906735751
0.5322876648640712 0.9715025906735751
0.5322876648640712 0.9727979274611399
0.5441309614114077 0.9727979274611399
0.5441309614114077 0.9740932642487047
0.5500036704431448 0.9740932642487047
0.5500036704431448 0.9753886010362695
0.5543103237330853 0.9753886010362695
0.5543103237330853 0.977979274611399
0.5718061027234688 0.977979274611399
0.5718061027234688 0.9792746113989638
0.6162184647759806 0.9792746113989638
0.6162184647759806 0.9805699481865285
0.6170259622678445 0.9805699481865285
0.6170259622678445 0.9818652849740933
0.6551985709741356 0.9818652849740933
0.6551985709741356 0.9831606217616581
0.6921966378740793 0.9831606217616581
0.6921966378740793 0.9844559585492229
0.7287297819756772 0.9844559585492229
0.7287297819756772 0.9857512953367876
0.7328651479188587 0.9857512953367876
0.7328651479188587 0.9870466321243524
0.7506790319817945 0.9870466321243524
0.7506790319817945 0.9883419689119172
0.7798712897937211 0.9883419689119172
0.7798712897937211 0.9896373056994819
0.7841290038417305 0.9896373056994819
0.7841290038417305 0.9909326424870467
0.7932072332199573 0.9909326424870467
0.7932072332199573 0.9922279792746115
0.7941860180585802 0.9922279792746115
0.7941860180585802 0.9935233160621763
0.8156948148873173 0.9935233160621763
0.8156948148873173 0.9948186528497409
0.8211515403626397 0.9948186528497409
0.8211515403626397 0.9961139896373057
0.8290307583135537 0.9961139896373057
0.8290307583135537 0.9974093264248705
0.8403112535786821 0.9974093264248705
0.8403112535786821 0.9987046632124352
0.9445028996500844 0.9987046632124352
0.9445028996500844 1.0
1.0 1.0
