# ROCAUC: 0.9181525
# False Positive Rate True Positive Rate
0.0 0.0
0.0 0.01
4.0E-4 0.01
4.0E-4 0.02
0.0022 0.02
0.0022 0.08
0.0023 0.08
0.0023 0.115
0.0024000000000000002 0.115
0.0024000000000000002 0.12
0.0025 0.12
0.0025 0.155
0.0026000000000000003 0.155
0.0026000000000000003 0.22
0.0028 0.22
0.0028 0.225
0.0037 0.225
0.0037 0.24
0.0039000000000000003 0.24
0.0039000000000000003 0.25
0.0045000000000000005 0.25
0.0045000000000000005 0.27
0.0046 0.27
0.0046 0.275
0.0047 0.275
0.0047 0.28
0.0128 0.28
0.0128 0.28500000000000003
0.0369 0.28500000000000003
0.0369 0.29
0.1139 0.29
0.1139 1.0
1.0 1.0
