PR-AUC score 0.014426
0.000000, 0.024664
0.110000, 0.024664
0.110000, 0.024070
0.120000, 0.025862
0.120000, 0.025696
0.120000, 0.025641
0.120000, 0.025532
0.120000, 0.025478
0.120000, 0.025424
0.120000, 0.025370
0.120000, 0.025263
0.120000, 0.025210
0.120000, 0.025157
0.120000, 0.025000
0.120000, 0.024896
0.120000, 0.024845
0.120000, 0.024793
0.120000, 0.024691
0.120000, 0.024590
0.120000, 0.024440
0.120000, 0.024390
0.120000, 0.024341
0.120000, 0.024291
0.120000, 0.024194
0.120000, 0.024145
0.120000, 0.024096
0.120000, 0.024048
0.120000, 0.024000
0.130000, 0.025794
0.130000, 0.025743
0.130000, 0.025692
0.130000, 0.025641
0.130000, 0.025490
0.130000, 0.025391
0.130000, 0.025341
0.130000, 0.025243
0.130000, 0.025194
0.130000, 0.025145
0.130000, 0.025097
0.130000, 0.025048
0.130000, 0.025000
0.130000, 0.024952
0.130000, 0.024904
0.130000, 0.024809
0.130000, 0.024762
0.130000, 0.024715
0.130000, 0.024668
0.130000, 0.024621
0.130000, 0.024575
0.130000, 0.024528
0.130000, 0.024482
0.130000, 0.024390
0.130000, 0.024299
0.130000, 0.024254
0.130000, 0.024209
0.130000, 0.024164
0.130000, 0.024119
0.130000, 0.024030
0.130000, 0.023985
0.130000, 0.023941
0.130000, 0.023897
0.130000, 0.023853
0.130000, 0.023679
0.130000, 0.023636
0.130000, 0.023593
0.130000, 0.023551
0.130000, 0.023508
0.130000, 0.023466
0.130000, 0.023423
0.130000, 0.023381
0.130000, 0.023339
0.130000, 0.023297
0.130000, 0.023256
0.130000, 0.023214
0.130000, 0.023173
0.130000, 0.023091
0.130000, 0.023050
0.130000, 0.023009
0.130000, 0.022968
0.130000, 0.022928
0.130000, 0.022887
0.130000, 0.022847
0.130000, 0.022807
0.130000, 0.022767
0.130000, 0.022727
0.130000, 0.022688
0.130000, 0.022648
0.130000, 0.022609
0.130000, 0.022569
0.130000, 0.022530
0.130000, 0.022491
0.130000, 0.022453
0.130000, 0.022414
0.130000, 0.022375
0.130000, 0.022337
0.130000, 0.022298
0.130000, 0.022260
0.130000, 0.022222
0.130000, 0.022184
0.130000, 0.022147
0.130000, 0.022109
0.130000, 0.022071
0.130000, 0.022034
0.130000, 0.021997
0.130000, 0.021959
0.130000, 0.021922
0.130000, 0.021886
0.130000, 0.021849
0.130000, 0.021812
0.130000, 0.021776
0.130000, 0.021739
0.130000, 0.021703
0.130000, 0.021667
0.130000, 0.021631
0.130000, 0.021595
0.130000, 0.021559
0.130000, 0.021523
0.130000, 0.021488
0.130000, 0.021452
0.130000, 0.021417
0.130000, 0.021382
0.130000, 0.021346
0.130000, 0.021311
0.130000, 0.021277
0.130000, 0.021242
0.130000, 0.021207
0.130000, 0.021173
0.130000, 0.021138
0.130000, 0.021104
0.130000, 0.021070
0.130000, 0.021036
0.130000, 0.021002
0.130000, 0.020968
0.130000, 0.020934
0.130000, 0.020900
0.130000, 0.020867
0.130000, 0.020833
0.130000, 0.020800
0.130000, 0.020767
0.130000, 0.020734
0.130000, 0.020701
0.130000, 0.020668
0.130000, 0.020635
0.130000, 0.020602
0.130000, 0.020537
0.130000, 0.020505
0.130000, 0.020472
0.130000, 0.020440
0.130000, 0.020408
0.130000, 0.020376
0.130000, 0.020344
0.130000, 0.020313
0.130000, 0.020281
0.130000, 0.020249
0.130000, 0.020218
0.130000, 0.020186
0.130000, 0.020155
0.130000, 0.020124
0.130000, 0.020093
0.130000, 0.020062
0.130000, 0.020031
0.130000, 0.020000
0.130000, 0.019969
0.130000, 0.019939
0.130000, 0.019908
0.130000, 0.019878
0.130000, 0.019847
0.130000, 0.019817
0.130000, 0.019787
0.130000, 0.019757
0.130000, 0.019727
0.130000, 0.019697
0.130000, 0.019667
0.130000, 0.019637
0.130000, 0.019608
0.130000, 0.019578
0.130000, 0.019549
0.130000, 0.019520
0.130000, 0.019490
0.130000, 0.019461
0.130000, 0.019432
0.130000, 0.019403
0.130000, 0.019374
0.130000, 0.019345
0.130000, 0.019316
0.130000, 0.019288
0.130000, 0.019259
0.130000, 0.019231
0.130000, 0.019202
0.130000, 0.019174
0.130000, 0.019146
0.130000, 0.019118
0.130000, 0.019090
0.130000, 0.019062
0.130000, 0.019034
0.130000, 0.019006
0.130000, 0.018978
0.130000, 0.018950
0.130000, 0.018923
0.130000, 0.018895
0.130000, 0.018868
0.130000, 0.018841
0.130000, 0.018813
0.130000, 0.018786
0.130000, 0.018759
0.130000, 0.018732
0.130000, 0.018705
0.130000, 0.018678
0.130000, 0.018651
0.130000, 0.018625
0.130000, 0.018598
0.130000, 0.018571
0.130000, 0.018545
0.130000, 0.018519
0.130000, 0.018492
0.130000, 0.018466
0.130000, 0.018440
0.130000, 0.018414
0.130000, 0.018388
0.130000, 0.018362
0.130000, 0.018336
0.130000, 0.018310
0.130000, 0.018284
0.130000, 0.018258
0.130000, 0.018233
0.130000, 0.018207
0.130000, 0.018182
0.130000, 0.018156
0.130000, 0.018131
0.130000, 0.018106
0.130000, 0.018081
0.130000, 0.018056
0.130000, 0.018031
0.130000, 0.018006
0.130000, 0.017981
0.130000, 0.017956
0.130000, 0.017906
0.130000, 0.017882
0.130000, 0.017857
0.130000, 0.017833
0.130000, 0.017808
0.130000, 0.017784
0.130000, 0.017760
0.130000, 0.017735
0.130000, 0.017711
0.130000, 0.017687
0.130000, 0.017663
0.130000, 0.017639
0.130000, 0.017615
0.130000, 0.017591
0.130000, 0.017568
0.130000, 0.017544
0.130000, 0.017520
0.130000, 0.017497
0.130000, 0.017473
0.130000, 0.017450
0.130000, 0.017426
0.130000, 0.017403
0.130000, 0.017380
0.130000, 0.017356
0.130000, 0.017333
0.130000, 0.017310
0.130000, 0.017287
0.130000, 0.017264
0.130000, 0.017241
0.130000, 0.017219
0.130000, 0.017196
0.130000, 0.017173
0.130000, 0.017150
0.130000, 0.017128
0.130000, 0.017105
0.130000, 0.017083
0.130000, 0.017060
0.140000, 0.018349
0.140000, 0.018325
0.140000, 0.018301
0.140000, 0.018277
0.140000, 0.018253
0.140000, 0.018229
0.140000, 0.018205
0.140000, 0.018182
0.140000, 0.018158
0.140000, 0.018135
0.140000, 0.018111
0.140000, 0.018088
0.140000, 0.018065
0.140000, 0.018041
0.140000, 0.018018
0.140000, 0.017995
0.140000, 0.017972
0.140000, 0.017949
0.140000, 0.017926
0.140000, 0.017903
0.140000, 0.017880
0.140000, 0.017857
0.140000, 0.017834
0.140000, 0.017812
0.140000, 0.017789
0.140000, 0.017766
0.140000, 0.017744
0.140000, 0.017722
0.140000, 0.017699
0.140000, 0.017677
0.140000, 0.017654
0.140000, 0.017632
0.140000, 0.017610
0.140000, 0.017588
0.140000, 0.017566
0.140000, 0.017544
0.140000, 0.017522
0.140000, 0.017500
0.140000, 0.017478
0.140000, 0.017456
0.140000, 0.017435
0.140000, 0.017413
0.140000, 0.017391
0.140000, 0.017370
0.140000, 0.017348
0.140000, 0.017327
0.140000, 0.017305
0.140000, 0.017284
0.140000, 0.017263
0.140000, 0.017241
0.140000, 0.017220
0.140000, 0.017199
0.140000, 0.017178
0.140000, 0.017157
0.140000, 0.017136
0.140000, 0.017115
0.140000, 0.017094
0.140000, 0.017073
0.140000, 0.017052
0.140000, 0.017032
0.140000, 0.017011
0.140000, 0.016990
0.140000, 0.016970
0.140000, 0.016949
0.140000, 0.016929
0.140000, 0.016908
0.140000, 0.016888
0.140000, 0.016867
0.140000, 0.016847
0.140000, 0.016827
0.140000, 0.016807
0.140000, 0.016787
0.140000, 0.016766
0.140000, 0.016746
0.140000, 0.016726
0.140000, 0.016706
0.140000, 0.016687
0.140000, 0.016667
0.140000, 0.016647
0.140000, 0.016627
0.140000, 0.016607
0.140000, 0.016588
0.140000, 0.016568
0.140000, 0.016548
0.140000, 0.016529
0.140000, 0.016509
0.140000, 0.016490
0.140000, 0.016471
0.140000, 0.016451
0.140000, 0.016432
0.150000, 0.017585
0.150000, 0.017564
0.150000, 0.017544
0.150000, 0.017523
0.150000, 0.017503
0.150000, 0.017483
0.150000, 0.017462
0.150000, 0.017442
0.150000, 0.017422
0.150000, 0.017401
0.150000, 0.017381
0.150000, 0.017361
0.150000, 0.017341
0.150000, 0.017321
0.150000, 0.017301
0.150000, 0.017281
0.150000, 0.017261
0.150000, 0.017241
0.160000, 0.018370
0.160000, 0.018349
0.160000, 0.018328
0.160000, 0.018307
0.160000, 0.018286
0.160000, 0.018265
0.160000, 0.018244
0.160000, 0.018223
0.160000, 0.018203
0.160000, 0.018182
0.160000, 0.018161
0.160000, 0.018141
0.160000, 0.018120
0.160000, 0.018100
0.160000, 0.018079
0.160000, 0.018059
0.160000, 0.018038
0.160000, 0.018018
0.160000, 0.017998
0.160000, 0.017978
0.160000, 0.017957
0.160000, 0.017937
0.160000, 0.017917
0.160000, 0.017897
0.160000, 0.017877
0.160000, 0.017857
0.160000, 0.017837
0.160000, 0.017817
0.160000, 0.017798
0.160000, 0.017778
0.160000, 0.017758
0.160000, 0.017738
0.160000, 0.017719
0.160000, 0.017699
0.160000, 0.017680
0.160000, 0.017660
0.160000, 0.017641
0.160000, 0.017621
0.160000, 0.017602
0.160000, 0.017582
0.160000, 0.017563
0.160000, 0.017544
0.160000, 0.017525
0.160000, 0.017505
0.160000, 0.017486
0.160000, 0.017467
0.160000, 0.017448
0.160000, 0.017429
0.160000, 0.017410
0.160000, 0.017391
0.160000, 0.017372
0.160000, 0.017354
0.160000, 0.017335
0.160000, 0.017316
0.160000, 0.017297
0.160000, 0.017279
0.160000, 0.017260
0.160000, 0.017241
0.160000, 0.017223
0.160000, 0.017204
0.160000, 0.017186
0.160000, 0.017167
0.160000, 0.017149
0.160000, 0.017131
0.160000, 0.017112
0.160000, 0.017094
0.160000, 0.017076
0.160000, 0.017058
0.160000, 0.017039
0.160000, 0.017021
0.160000, 0.017003
0.160000, 0.016985
0.170000, 0.018028
0.170000, 0.018008
0.170000, 0.017989
0.170000, 0.017970
0.170000, 0.017951
0.170000, 0.017932
0.170000, 0.017914
0.170000, 0.017895
0.170000, 0.017876
0.170000, 0.017857
0.170000, 0.017838
0.170000, 0.017820
0.170000, 0.017801
0.170000, 0.017782
0.170000, 0.017764
0.170000, 0.017745
0.170000, 0.017727
0.170000, 0.017708
0.170000, 0.017690
0.170000, 0.017672
0.170000, 0.017653
0.170000, 0.017635
0.170000, 0.017617
0.170000, 0.017598
0.170000, 0.017580
0.170000, 0.017562
0.170000, 0.017544
0.170000, 0.017526
0.170000, 0.017508
0.170000, 0.017490
0.170000, 0.017472
0.170000, 0.017454
0.170000, 0.017436
0.170000, 0.017418
0.170000, 0.017400
0.170000, 0.017382
0.170000, 0.017365
0.170000, 0.017347
0.170000, 0.017329
0.170000, 0.017312
0.170000, 0.017294
0.170000, 0.017276
0.170000, 0.017259
0.170000, 0.017241
0.170000, 0.017224
0.170000, 0.017206
0.170000, 0.017189
0.170000, 0.017172
0.170000, 0.017154
0.170000, 0.017137
0.170000, 0.017120
0.170000, 0.017103
0.170000, 0.017085
0.170000, 0.017068
0.170000, 0.017051
0.170000, 0.017034
0.170000, 0.017017
0.170000, 0.017000
0.170000, 0.016983
0.170000, 0.016966
0.170000, 0.016949
0.170000, 0.016932
0.170000, 0.016915
0.170000, 0.016899
0.170000, 0.016882
0.170000, 0.016865
0.170000, 0.016848
0.170000, 0.016832
0.170000, 0.016815
0.170000, 0.016798
0.170000, 0.016782
0.170000, 0.016765
0.170000, 0.016749
0.170000, 0.016732
0.170000, 0.016716
0.170000, 0.016699
0.170000, 0.016683
0.170000, 0.016667
0.170000, 0.016650
0.170000, 0.016634
0.170000, 0.016618
0.170000, 0.016602
0.170000, 0.016585
0.170000, 0.016569
0.170000, 0.016553
0.170000, 0.016537
0.170000, 0.016521
0.170000, 0.016505
0.170000, 0.016489
0.170000, 0.016473
0.170000, 0.016457
0.170000, 0.016441
0.170000, 0.016425
0.170000, 0.016409
0.170000, 0.016393
0.170000, 0.016378
0.170000, 0.016362
0.170000, 0.016346
0.170000, 0.016330
0.170000, 0.016315
0.170000, 0.016299
0.170000, 0.016284
0.170000, 0.016268
0.170000, 0.016252
0.170000, 0.016237
0.170000, 0.016221
0.170000, 0.016206
0.170000, 0.016190
0.180000, 0.017127
0.180000, 0.017110
0.180000, 0.017094
0.180000, 0.017078
0.180000, 0.017062
0.180000, 0.017045
0.180000, 0.017029
0.180000, 0.017013
0.180000, 0.016997
0.180000, 0.016981
0.180000, 0.016965
0.180000, 0.016949
0.180000, 0.016933
0.180000, 0.016917
0.180000, 0.016901
0.180000, 0.016886
0.180000, 0.016870
0.180000, 0.016854
0.180000, 0.016838
0.180000, 0.016822
0.180000, 0.016807
0.180000, 0.016791
0.180000, 0.016775
0.180000, 0.016760
0.180000, 0.016744
0.180000, 0.016729
0.180000, 0.016713
0.180000, 0.016698
0.180000, 0.016682
0.180000, 0.016667
0.180000, 0.016651
0.180000, 0.016636
0.180000, 0.016620
0.180000, 0.016605
0.180000, 0.016590
0.180000, 0.016575
0.180000, 0.016559
0.180000, 0.016544
0.180000, 0.016529
0.180000, 0.016514
0.180000, 0.016499
0.180000, 0.016484
0.180000, 0.016468
0.180000, 0.016453
0.180000, 0.016438
0.180000, 0.016423
0.180000, 0.016408
0.180000, 0.016393
0.180000, 0.016379
0.180000, 0.016364
0.180000, 0.016349
0.180000, 0.016334
0.180000, 0.016319
0.180000, 0.016304
0.180000, 0.016290
0.180000, 0.016275
0.180000, 0.016260
0.180000, 0.016245
0.180000, 0.016231
0.180000, 0.016216
0.180000, 0.016202
0.180000, 0.016187
0.180000, 0.016173
0.180000, 0.016158
0.180000, 0.016143
0.180000, 0.016129
0.180000, 0.016115
0.180000, 0.016100
0.180000, 0.016086
0.180000, 0.016071
0.180000, 0.016057
0.180000, 0.016043
0.180000, 0.016028
0.180000, 0.016014
0.180000, 0.016000
0.180000, 0.015986
0.180000, 0.015972
0.180000, 0.015957
0.180000, 0.015943
0.180000, 0.015929
0.180000, 0.015915
0.180000, 0.015901
0.180000, 0.015887
0.180000, 0.015873
0.180000, 0.015859
0.180000, 0.015845
0.180000, 0.015831
0.180000, 0.015817
0.180000, 0.015803
0.180000, 0.015789
0.180000, 0.015776
0.180000, 0.015762
0.180000, 0.015748
0.180000, 0.015734
0.180000, 0.015721
0.180000, 0.015707
0.180000, 0.015693
0.180000, 0.015679
0.180000, 0.015666
0.180000, 0.015652
0.180000, 0.015639
0.180000, 0.015625
0.180000, 0.015611
0.180000, 0.015598
0.180000, 0.015584
0.180000, 0.015571
0.180000, 0.015557
0.180000, 0.015544
0.180000, 0.015531
0.180000, 0.015517
0.180000, 0.015504
0.180000, 0.015491
0.180000, 0.015477
0.180000, 0.015464
0.180000, 0.015451
0.180000, 0.015437
0.180000, 0.015424
0.180000, 0.015411
0.180000, 0.015398
0.180000, 0.015385
0.180000, 0.015371
0.180000, 0.015358
0.180000, 0.015345
0.180000, 0.015332
0.180000, 0.015319
0.180000, 0.015306
0.180000, 0.015293
0.180000, 0.015280
0.180000, 0.015267
0.180000, 0.015254
0.180000, 0.015241
0.180000, 0.015228
0.180000, 0.015216
0.180000, 0.015203
0.180000, 0.015190
0.180000, 0.015177
0.180000, 0.015164
0.180000, 0.015152
0.180000, 0.015139
0.180000, 0.015126
0.180000, 0.015113
0.180000, 0.015101
0.180000, 0.015088
0.180000, 0.015075
0.180000, 0.015063
0.180000, 0.015050
0.180000, 0.015038
0.180000, 0.015025
0.180000, 0.015013
0.180000, 0.015000
0.180000, 0.014988
0.180000, 0.014975
0.180000, 0.014963
0.180000, 0.014950
0.180000, 0.014938
0.180000, 0.014925
0.180000, 0.014913
0.180000, 0.014901
0.180000, 0.014888
0.180000, 0.014876
0.180000, 0.014864
0.180000, 0.014851
0.180000, 0.014839
0.180000, 0.014827
0.180000, 0.014815
0.180000, 0.014803
0.180000, 0.014790
0.180000, 0.014778
0.180000, 0.014766
0.180000, 0.014754
0.180000, 0.014742
0.180000, 0.014730
0.180000, 0.014718
0.180000, 0.014706
0.180000, 0.014694
0.180000, 0.014682
0.180000, 0.014670
0.180000, 0.014658
0.180000, 0.014646
0.180000, 0.014634
0.180000, 0.014622
0.180000, 0.014610
0.180000, 0.014599
0.180000, 0.014587
0.180000, 0.014575
0.180000, 0.014563
0.180000, 0.014551
0.180000, 0.014540
0.180000, 0.014528
0.180000, 0.014516
0.180000, 0.014504
0.180000, 0.014493
0.180000, 0.014481
0.180000, 0.014469
0.180000, 0.014458
0.180000, 0.014446
0.180000, 0.014435
0.180000, 0.014423
0.180000, 0.014412
0.180000, 0.014400
0.180000, 0.014388
0.180000, 0.014377
0.180000, 0.014366
0.180000, 0.014354
0.180000, 0.014343
0.180000, 0.014331
0.180000, 0.014320
0.180000, 0.014308
0.180000, 0.014297
0.180000, 0.014286
0.180000, 0.014274
0.180000, 0.014263
0.180000, 0.014252
0.180000, 0.014241
0.180000, 0.014229
0.180000, 0.014218
0.180000, 0.014207
0.180000, 0.014196
0.180000, 0.014184
0.180000, 0.014173
0.180000, 0.014162
0.180000, 0.014151
0.180000, 0.014140
0.180000, 0.014129
0.180000, 0.014118
0.180000, 0.014107
0.180000, 0.014096
0.180000, 0.014085
0.180000, 0.014073
0.180000, 0.014063
0.180000, 0.014052
0.180000, 0.014041
0.180000, 0.014030
0.180000, 0.014019
0.180000, 0.014008
0.180000, 0.013997
0.180000, 0.013986
0.180000, 0.013975
0.180000, 0.013964
0.180000, 0.013953
0.180000, 0.013943
0.180000, 0.013932
0.180000, 0.013921
0.180000, 0.013910
0.180000, 0.013900
0.180000, 0.013889
0.180000, 0.013878
0.180000, 0.013867
0.180000, 0.013857
0.180000, 0.013846
0.180000, 0.013836
0.180000, 0.013825
0.180000, 0.013814
0.180000, 0.013804
0.180000, 0.013793
0.180000, 0.013783
0.180000, 0.013772
0.180000, 0.013761
0.180000, 0.013751
0.180000, 0.013740
0.180000, 0.013730
0.190000, 0.014482
0.190000, 0.014471
0.190000, 0.014460
0.190000, 0.014449
0.190000, 0.014438
0.190000, 0.014427
0.190000, 0.014416
0.190000, 0.014405
0.190000, 0.014394
0.190000, 0.014383
0.190000, 0.014372
0.190000, 0.014361
0.190000, 0.014350
0.190000, 0.014340
0.190000, 0.014329
0.190000, 0.014318
0.190000, 0.014307
0.190000, 0.014296
0.190000, 0.014286
0.190000, 0.014275
0.190000, 0.014264
0.190000, 0.014254
0.190000, 0.014243
0.190000, 0.014232
0.190000, 0.014222
0.190000, 0.014211
0.190000, 0.014200
0.190000, 0.014190
0.190000, 0.014179
0.190000, 0.014169
0.190000, 0.014158
0.190000, 0.014147
0.190000, 0.014137
0.190000, 0.014126
0.190000, 0.014116
0.190000, 0.014105
0.190000, 0.014095
0.190000, 0.014085
0.190000, 0.014074
0.190000, 0.014064
0.190000, 0.014053
0.190000, 0.014043
0.190000, 0.014032
0.190000, 0.014022
0.190000, 0.014012
0.190000, 0.014001
0.190000, 0.013991
0.190000, 0.013981
0.190000, 0.013971
0.190000, 0.013960
0.190000, 0.013950
0.190000, 0.013940
0.190000, 0.013930
0.190000, 0.013919
0.190000, 0.013909
0.190000, 0.013899
0.190000, 0.013889
0.190000, 0.013879
0.190000, 0.013869
0.190000, 0.013858
0.190000, 0.013848
0.190000, 0.013838
0.190000, 0.013818
0.190000, 0.013808
0.190000, 0.013798
0.190000, 0.013788
0.190000, 0.013778
0.190000, 0.013768
0.190000, 0.013758
0.190000, 0.013748
0.190000, 0.013738
0.190000, 0.013728
0.190000, 0.013718
0.190000, 0.013709
0.190000, 0.013699
0.190000, 0.013689
0.190000, 0.013679
0.190000, 0.013669
0.190000, 0.013659
0.190000, 0.013649
0.190000, 0.013640
0.190000, 0.013630
0.190000, 0.013620
0.190000, 0.013610
0.190000, 0.013601
0.190000, 0.013591
0.190000, 0.013581
0.190000, 0.013571
0.190000, 0.013562
0.190000, 0.013552
0.190000, 0.013542
0.190000, 0.013533
0.190000, 0.013523
0.190000, 0.013514
0.190000, 0.013504
0.190000, 0.013494
0.190000, 0.013485
0.190000, 0.013475
0.190000, 0.013466
0.190000, 0.013456
0.190000, 0.013447
0.190000, 0.013437
0.190000, 0.013428
0.190000, 0.013418
0.190000, 0.013409
0.190000, 0.013399
0.190000, 0.013390
0.190000, 0.013380
0.190000, 0.013371
0.190000, 0.013361
0.190000, 0.013352
0.190000, 0.013343
0.190000, 0.013333
0.190000, 0.013324
0.190000, 0.013315
0.190000, 0.013305
0.190000, 0.013296
0.190000, 0.013287
0.190000, 0.013277
0.190000, 0.013268
0.190000, 0.013259
0.190000, 0.013250
0.190000, 0.013240
0.190000, 0.013231
0.190000, 0.013222
0.190000, 0.013213
0.190000, 0.013204
0.190000, 0.013194
0.190000, 0.013185
0.190000, 0.013176
0.190000, 0.013167
0.190000, 0.013158
0.190000, 0.013149
0.190000, 0.013140
0.190000, 0.013131
0.190000, 0.013122
0.190000, 0.013112
0.190000, 0.013103
0.190000, 0.013094
0.190000, 0.013085
0.190000, 0.013076
0.190000, 0.013067
0.190000, 0.013058
0.190000, 0.013049
0.190000, 0.013040
0.190000, 0.013032
0.190000, 0.013023
0.190000, 0.013014
0.190000, 0.013005
0.190000, 0.012996
0.190000, 0.012987
0.190000, 0.012978
0.190000, 0.012969
0.190000, 0.012960
0.190000, 0.012952
0.190000, 0.012943
0.190000, 0.012934
0.190000, 0.012925
0.190000, 0.012916
0.190000, 0.012908
0.190000, 0.012899
0.190000, 0.012890
0.190000, 0.012881
0.190000, 0.012873
0.190000, 0.012864
0.190000, 0.012855
0.190000, 0.012847
0.190000, 0.012838
0.190000, 0.012829
0.190000, 0.012821
0.190000, 0.012812
0.190000, 0.012803
0.190000, 0.012795
0.190000, 0.012786
0.190000, 0.012777
0.190000, 0.012769
0.190000, 0.012760
0.190000, 0.012752
0.190000, 0.012743
0.190000, 0.012735
0.190000, 0.012726
0.190000, 0.012718
0.190000, 0.012709
0.190000, 0.012701
0.190000, 0.012692
0.190000, 0.012684
0.190000, 0.012675
0.190000, 0.012667
0.190000, 0.012658
0.190000, 0.012650
0.190000, 0.012641
0.190000, 0.012633
0.190000, 0.012625
0.190000, 0.012616
0.190000, 0.012608
0.190000, 0.012599
0.190000, 0.012591
0.190000, 0.012583
0.190000, 0.012574
0.190000, 0.012566
0.190000, 0.012558
0.190000, 0.012550
0.190000, 0.012541
0.190000, 0.012533
0.190000, 0.012525
0.190000, 0.012516
0.190000, 0.012508
0.190000, 0.012500
0.190000, 0.012492
0.190000, 0.012484
0.190000, 0.012475
0.190000, 0.012467
0.190000, 0.012459
0.190000, 0.012451
0.190000, 0.012443
0.190000, 0.012435
0.190000, 0.012426
0.190000, 0.012418
0.190000, 0.012410
0.190000, 0.012402
0.190000, 0.012394
0.190000, 0.012386
0.190000, 0.012378
0.190000, 0.012370
0.190000, 0.012362
0.190000, 0.012354
0.190000, 0.012346
0.190000, 0.012338
0.190000, 0.012330
0.190000, 0.012322
0.190000, 0.012314
0.190000, 0.012306
0.190000, 0.012298
0.190000, 0.012290
0.190000, 0.012282
0.190000, 0.012274
0.190000, 0.012266
0.190000, 0.012258
0.190000, 0.012250
0.190000, 0.012242
0.190000, 0.012234
0.190000, 0.012227
0.190000, 0.012219
0.190000, 0.012211
0.190000, 0.012203
0.190000, 0.012195
0.190000, 0.012187
0.190000, 0.012179
0.190000, 0.012172
0.190000, 0.012164
0.190000, 0.012156
0.190000, 0.012148
0.190000, 0.012141
0.190000, 0.012133
0.190000, 0.012125
0.190000, 0.012117
0.190000, 0.012110
0.190000, 0.012102
0.190000, 0.012094
0.200000, 0.012723
0.200000, 0.012715
0.200000, 0.012706
0.200000, 0.012698
0.200000, 0.012690
0.200000, 0.012682
0.200000, 0.012674
0.200000, 0.012666
0.200000, 0.012658
0.200000, 0.012650
0.200000, 0.012642
0.200000, 0.012634
0.200000, 0.012626
0.200000, 0.012618
0.200000, 0.012610
0.200000, 0.012602
0.200000, 0.012594
0.200000, 0.012587
0.200000, 0.012579
0.200000, 0.012571
0.200000, 0.012563
0.200000, 0.012555
0.200000, 0.012547
0.200000, 0.012539
0.200000, 0.012531
0.200000, 0.012523
0.200000, 0.012516
0.200000, 0.012508
0.200000, 0.012500
0.200000, 0.012492
0.200000, 0.012484
0.200000, 0.012477
0.200000, 0.012469
0.200000, 0.012461
0.200000, 0.012453
0.200000, 0.012446
0.200000, 0.012438
0.200000, 0.012430
0.200000, 0.012422
0.200000, 0.012415
0.200000, 0.012407
0.200000, 0.012399
0.200000, 0.012392
0.200000, 0.012384
0.200000, 0.012376
0.200000, 0.012369
0.200000, 0.012361
0.200000, 0.012353
0.200000, 0.012346
0.200000, 0.012338
0.200000, 0.012330
0.200000, 0.012323
0.200000, 0.012315
0.200000, 0.012308
0.200000, 0.012300
0.200000, 0.012293
0.200000, 0.012285
0.200000, 0.012277
0.210000, 0.012883
0.210000, 0.012876
0.210000, 0.012868
0.210000, 0.012860
0.210000, 0.012852
0.210000, 0.012844
0.210000, 0.012836
0.210000, 0.012828
0.210000, 0.012821
0.210000, 0.012813
0.210000, 0.012805
0.210000, 0.012797
0.210000, 0.012789
0.210000, 0.012781
0.210000, 0.012774
0.210000, 0.012766
0.210000, 0.012758
0.210000, 0.012750
0.210000, 0.012743
0.210000, 0.012735
0.210000, 0.012727
0.210000, 0.012720
0.210000, 0.012712
0.210000, 0.012704
0.210000, 0.012696
0.210000, 0.012689
0.210000, 0.012681
0.210000, 0.012674
0.210000, 0.012666
0.210000, 0.012658
0.210000, 0.012651
0.210000, 0.012643
0.210000, 0.012635
0.210000, 0.012628
0.210000, 0.012620
0.210000, 0.012613
0.210000, 0.012605
0.210000, 0.012597
0.210000, 0.012590
0.210000, 0.012582
0.210000, 0.012575
0.210000, 0.012567
0.210000, 0.012560
0.210000, 0.012552
0.210000, 0.012545
0.210000, 0.012537
0.210000, 0.012530
0.210000, 0.012522
0.210000, 0.012515
0.210000, 0.012507
0.210000, 0.012500
0.210000, 0.012493
0.210000, 0.012485
0.210000, 0.012478
0.210000, 0.012470
0.210000, 0.012463
0.210000, 0.012456
0.210000, 0.012448
0.210000, 0.012441
0.210000, 0.012433
0.210000, 0.012426
0.210000, 0.012419
0.210000, 0.012411
0.210000, 0.012404
0.210000, 0.012397
0.210000, 0.012389
0.210000, 0.012382
0.210000, 0.012375
0.210000, 0.012367
0.210000, 0.012360
0.210000, 0.012353
0.210000, 0.012346
0.210000, 0.012338
0.210000, 0.012331
0.210000, 0.012324
0.210000, 0.012317
0.210000, 0.012309
0.210000, 0.012302
0.210000, 0.012295
0.210000, 0.012288
0.210000, 0.012281
0.210000, 0.012274
0.210000, 0.012266
0.210000, 0.012259
0.210000, 0.012252
0.210000, 0.012245
0.210000, 0.012238
0.210000, 0.012231
0.210000, 0.012224
0.210000, 0.012216
0.210000, 0.012209
0.210000, 0.012202
0.210000, 0.012195
0.210000, 0.012188
0.210000, 0.012181
0.210000, 0.012174
0.210000, 0.012167
0.210000, 0.012160
0.210000, 0.012153
0.210000, 0.012146
0.210000, 0.012139
0.210000, 0.012132
0.210000, 0.012125
0.210000, 0.012118
0.210000, 0.012111
0.210000, 0.012104
0.210000, 0.012097
0.210000, 0.012090
0.210000, 0.012083
0.210000, 0.012076
0.210000, 0.012069
0.210000, 0.012062
0.210000, 0.012055
0.210000, 0.012048
0.210000, 0.012041
0.210000, 0.012034
0.210000, 0.012027
0.210000, 0.012021
0.210000, 0.012014
0.210000, 0.012007
0.210000, 0.012000
0.210000, 0.011993
0.210000, 0.011986
0.210000, 0.011979
0.210000, 0.011973
0.210000, 0.011966
0.210000, 0.011959
0.210000, 0.011952
0.210000, 0.011945
0.210000, 0.011939
0.210000, 0.011932
0.210000, 0.011925
0.210000, 0.011918
0.210000, 0.011912
0.210000, 0.011905
0.210000, 0.011898
0.210000, 0.011891
0.210000, 0.011885
0.210000, 0.011878
0.210000, 0.011871
0.210000, 0.011864
0.210000, 0.011858
0.210000, 0.011851
0.210000, 0.011844
0.210000, 0.011838
0.210000, 0.011831
0.210000, 0.011824
0.210000, 0.011818
0.210000, 0.011811
0.210000, 0.011804
0.210000, 0.011798
0.210000, 0.011791
0.210000, 0.011785
0.210000, 0.011778
0.210000, 0.011771
0.210000, 0.011765
0.210000, 0.011758
0.210000, 0.011752
0.210000, 0.011745
0.210000, 0.011738
0.210000, 0.011732
0.210000, 0.011725
0.210000, 0.011719
0.210000, 0.011712
0.210000, 0.011706
0.210000, 0.011699
0.210000, 0.011693
0.210000, 0.011686
0.210000, 0.011680
0.210000, 0.011673
0.210000, 0.011667
0.210000, 0.011660
0.210000, 0.011654
0.210000, 0.011647
0.210000, 0.011641
0.210000, 0.011634
0.210000, 0.011628
0.210000, 0.011621
0.220000, 0.012168
0.220000, 0.012161
0.220000, 0.012155
0.220000, 0.012148
0.220000, 0.012141
0.220000, 0.012135
0.220000, 0.012128
0.220000, 0.012121
0.220000, 0.012115
0.220000, 0.012108
0.220000, 0.012101
0.220000, 0.012095
0.220000, 0.012088
0.220000, 0.012081
0.220000, 0.012075
0.220000, 0.012068
0.220000, 0.012061
0.220000, 0.012055
0.220000, 0.012048
0.220000, 0.012042
0.220000, 0.012035
0.220000, 0.012028
0.220000, 0.012022
0.220000, 0.012015
0.220000, 0.012009
0.220000, 0.012002
0.220000, 0.011996
0.220000, 0.011989
0.220000, 0.011983
0.220000, 0.011976
0.220000, 0.011970
0.220000, 0.011963
0.220000, 0.011957
0.220000, 0.011950
0.220000, 0.011944
0.220000, 0.011937
0.220000, 0.011931
0.220000, 0.011924
0.220000, 0.011918
0.220000, 0.011911
0.220000, 0.011905
0.220000, 0.011898
0.220000, 0.011892
0.220000, 0.011885
0.220000, 0.011879
0.220000, 0.011873
0.220000, 0.011866
0.220000, 0.011860
0.220000, 0.011853
0.220000, 0.011847
0.220000, 0.011841
0.220000, 0.011834
0.220000, 0.011828
0.220000, 0.011822
0.220000, 0.011815
0.220000, 0.011809
0.220000, 0.011803
0.220000, 0.011796
0.220000, 0.011790
0.220000, 0.011784
0.220000, 0.011777
0.220000, 0.011771
0.220000, 0.011765
0.220000, 0.011758
0.220000, 0.011752
0.220000, 0.011746
0.220000, 0.011740
0.220000, 0.011733
0.220000, 0.011727
0.220000, 0.011721
0.220000, 0.011715
0.220000, 0.011708
0.220000, 0.011702
0.220000, 0.011696
0.220000, 0.011690
0.220000, 0.011683
0.220000, 0.011677
0.220000, 0.011671
0.220000, 0.011665
0.220000, 0.011659
0.220000, 0.011653
0.220000, 0.011646
0.220000, 0.011640
0.220000, 0.011634
0.220000, 0.011628
0.220000, 0.011622
0.220000, 0.011616
0.220000, 0.011609
0.220000, 0.011603
0.220000, 0.011597
0.220000, 0.011591
0.220000, 0.011585
0.220000, 0.011579
0.220000, 0.011573
0.220000, 0.011567
0.220000, 0.011561
0.220000, 0.011555
0.220000, 0.011549
0.220000, 0.011542
0.220000, 0.011536
0.220000, 0.011530
0.220000, 0.011524
0.220000, 0.011518
0.220000, 0.011512
0.220000, 0.011506
0.220000, 0.011500
0.220000, 0.011488
0.220000, 0.011482
0.220000, 0.011476
0.220000, 0.011470
0.220000, 0.011464
0.220000, 0.011458
0.220000, 0.011452
0.220000, 0.011446
0.220000, 0.011440
0.220000, 0.011435
0.220000, 0.011429
0.220000, 0.011423
0.220000, 0.011417
0.220000, 0.011411
0.220000, 0.011405
0.220000, 0.011399
0.220000, 0.011393
0.220000, 0.011387
0.220000, 0.011381
0.220000, 0.011375
0.220000, 0.011370
0.220000, 0.011364
0.220000, 0.011358
0.220000, 0.011352
0.220000, 0.011346
0.220000, 0.011340
0.220000, 0.011334
0.220000, 0.011329
0.220000, 0.011323
0.220000, 0.011317
0.220000, 0.011311
0.220000, 0.011305
0.220000, 0.011299
0.220000, 0.011294
0.220000, 0.011288
0.220000, 0.011282
0.220000, 0.011276
0.220000, 0.011270
0.220000, 0.011265
0.220000, 0.011259
0.220000, 0.011253
0.220000, 0.011247
0.220000, 0.011242
0.220000, 0.011236
0.220000, 0.011230
0.220000, 0.011224
0.220000, 0.011219
0.220000, 0.011213
0.220000, 0.011207
0.220000, 0.011202
0.220000, 0.011196
0.220000, 0.011190
0.220000, 0.011185
0.220000, 0.011179
0.220000, 0.011173
0.220000, 0.011168
0.220000, 0.011162
0.220000, 0.011156
0.220000, 0.011151
0.220000, 0.011145
0.220000, 0.011139
0.220000, 0.011134
0.220000, 0.011128
0.220000, 0.011122
0.220000, 0.011117
0.220000, 0.011111
0.220000, 0.011106
0.220000, 0.011100
0.220000, 0.011094
0.220000, 0.011089
0.220000, 0.011083
0.220000, 0.011078
0.220000, 0.011072
0.220000, 0.011066
0.220000, 0.011061
0.220000, 0.011055
0.220000, 0.011050
0.220000, 0.011044
0.220000, 0.011039
0.220000, 0.011033
0.220000, 0.011028
0.220000, 0.011022
0.220000, 0.011017
0.220000, 0.011011
0.220000, 0.011006
0.220000, 0.011000
0.220000, 0.010995
0.220000, 0.010989
0.220000, 0.010984
0.220000, 0.010978
0.220000, 0.010973
0.220000, 0.010967
0.220000, 0.010962
0.220000, 0.010956
0.220000, 0.010951
0.220000, 0.010945
0.220000, 0.010940
0.220000, 0.010934
0.220000, 0.010929
0.220000, 0.010924
0.220000, 0.010918
0.220000, 0.010913
0.220000, 0.010907
0.220000, 0.010902
0.220000, 0.010896
0.220000, 0.010891
0.220000, 0.010886
0.220000, 0.010880
0.220000, 0.010875
0.220000, 0.010870
0.220000, 0.010864
0.220000, 0.010859
0.220000, 0.010853
0.220000, 0.010848
0.220000, 0.010843
0.220000, 0.010837
0.220000, 0.010832
0.220000, 0.010827
0.220000, 0.010821
0.220000, 0.010816
0.220000, 0.010811
0.220000, 0.010806
0.220000, 0.010800
0.220000, 0.010795
0.220000, 0.010790
0.220000, 0.010784
0.220000, 0.010779
0.220000, 0.010774
0.220000, 0.010768
0.220000, 0.010763
0.220000, 0.010758
0.220000, 0.010753
0.220000, 0.010747
0.220000, 0.010742
0.220000, 0.010737
0.220000, 0.010732
0.220000, 0.010726
0.220000, 0.010721
0.220000, 0.010716
0.220000, 0.010711
0.220000, 0.010706
0.220000, 0.010700
0.220000, 0.010695
0.220000, 0.010690
0.220000, 0.010685
0.220000, 0.010680
0.220000, 0.010674
0.220000, 0.010669
0.220000, 0.010664
0.220000, 0.010659
0.220000, 0.010654
0.220000, 0.010649
0.220000, 0.010643
0.220000, 0.010638
0.220000, 0.010633
0.220000, 0.010628
0.220000, 0.010623
0.220000, 0.010618
0.220000, 0.010613
0.220000, 0.010608
0.220000, 0.010602
0.220000, 0.010597
0.220000, 0.010592
0.220000, 0.010587
0.220000, 0.010582
0.220000, 0.010577
0.220000, 0.010572
0.220000, 0.010567
0.220000, 0.010562
0.220000, 0.010557
0.220000, 0.010552
0.220000, 0.010547
0.220000, 0.010541
0.220000, 0.010536
0.220000, 0.010531
0.220000, 0.010526
0.220000, 0.010521
0.220000, 0.010516
0.220000, 0.010511
0.220000, 0.010506
0.220000, 0.010501
0.220000, 0.010496
0.220000, 0.010491
0.220000, 0.010486
0.220000, 0.010481
0.220000, 0.010476
0.220000, 0.010471
0.220000, 0.010466
0.220000, 0.010461
0.220000, 0.010456
0.220000, 0.010451
0.220000, 0.010446
0.220000, 0.010441
0.220000, 0.010436
0.220000, 0.010431
0.220000, 0.010427
0.220000, 0.010422
0.220000, 0.010417
0.220000, 0.010412
0.220000, 0.010407
0.220000, 0.010402
0.220000, 0.010397
0.220000, 0.010392
0.220000, 0.010387
0.220000, 0.010382
0.220000, 0.010377
0.220000, 0.010372
0.220000, 0.010368
0.220000, 0.010363
0.220000, 0.010358
0.220000, 0.010353
0.220000, 0.010348
0.220000, 0.010343
0.220000, 0.010338
0.220000, 0.010333
0.220000, 0.010329
0.220000, 0.010324
0.220000, 0.010319
0.220000, 0.010314
0.220000, 0.010309
0.220000, 0.010304
0.220000, 0.010300
0.220000, 0.010295
0.220000, 0.010290
0.220000, 0.010285
0.220000, 0.010280
0.220000, 0.010276
0.220000, 0.010271
0.220000, 0.010266
0.220000, 0.010261
0.220000, 0.010256
0.220000, 0.010252
0.220000, 0.010247
0.220000, 0.010242
0.220000, 0.010237
0.220000, 0.010233
0.220000, 0.010228
0.220000, 0.010223
0.220000, 0.010218
0.220000, 0.010214
0.220000, 0.010209
0.220000, 0.010204
0.220000, 0.010199
0.220000, 0.010195
0.220000, 0.010190
0.220000, 0.010185
0.220000, 0.010180
0.220000, 0.010176
0.220000, 0.010171
0.220000, 0.010166
0.220000, 0.010162
0.220000, 0.010157
0.220000, 0.010152
0.220000, 0.010148
0.220000, 0.010143
0.220000, 0.010138
0.220000, 0.010134
0.220000, 0.010129
0.220000, 0.010124
0.220000, 0.010120
0.220000, 0.010115
0.220000, 0.010110
0.220000, 0.010106
0.220000, 0.010101
0.220000, 0.010096
0.220000, 0.010092
0.220000, 0.010087
0.220000, 0.010082
0.220000, 0.010078
0.220000, 0.010073
0.220000, 0.010069
0.220000, 0.010064
0.220000, 0.010059
0.220000, 0.010055
0.220000, 0.010050
0.220000, 0.010046
0.220000, 0.010041
0.220000, 0.010032
0.220000, 0.010027
0.220000, 0.010023
0.220000, 0.010018
0.220000, 0.010014
0.220000, 0.010009
0.220000, 0.010005
0.220000, 0.010000
0.220000, 0.009995
0.220000, 0.009991
0.220000, 0.009986
0.220000, 0.009982
0.220000, 0.009977
0.220000, 0.009973
0.220000, 0.009968
0.220000, 0.009964
0.220000, 0.009959
0.220000, 0.009955
0.220000, 0.009950
0.220000, 0.009946
0.220000, 0.009941
0.220000, 0.009937
0.220000, 0.009932
0.220000, 0.009928
0.220000, 0.009923
0.220000, 0.009919
0.220000, 0.009914
0.220000, 0.009910
0.220000, 0.009905
0.220000, 0.009901
0.220000, 0.009897
0.220000, 0.009892
0.220000, 0.009888
0.220000, 0.009883
0.220000, 0.009879
0.220000, 0.009874
0.220000, 0.009870
0.220000, 0.009865
0.220000, 0.009861
0.220000, 0.009857
0.220000, 0.009852
0.220000, 0.009848
0.220000, 0.009843
0.220000, 0.009839
0.220000, 0.009835
0.220000, 0.009830
0.220000, 0.009826
0.220000, 0.009821
0.220000, 0.009817
0.220000, 0.009813
0.220000, 0.009808
0.220000, 0.009804
0.220000, 0.009800
0.220000, 0.009795
0.220000, 0.009791
0.220000, 0.009786
0.220000, 0.009782
0.220000, 0.009778
0.220000, 0.009773
0.220000, 0.009769
0.220000, 0.009765
0.220000, 0.009760
0.220000, 0.009756
0.220000, 0.009752
0.220000, 0.009747
0.220000, 0.009743
0.220000, 0.009739
0.220000, 0.009735
0.220000, 0.009730
0.220000, 0.009726
0.220000, 0.009722
0.220000, 0.009717
0.220000, 0.009713
0.220000, 0.009709
0.220000, 0.009704
0.220000, 0.009700
0.220000, 0.009696
0.220000, 0.009692
0.220000, 0.009687
0.220000, 0.009683
0.220000, 0.009679
0.220000, 0.009675
0.220000, 0.009670
0.220000, 0.009666
0.220000, 0.009662
0.220000, 0.009658
0.220000, 0.009653
0.220000, 0.009649
0.220000, 0.009645
0.220000, 0.009641
0.220000, 0.009636
0.220000, 0.009632
0.220000, 0.009628
0.220000, 0.009624
0.220000, 0.009620
0.220000, 0.009615
0.220000, 0.009611
0.220000, 0.009607
0.220000, 0.009603
0.220000, 0.009599
0.220000, 0.009594
0.220000, 0.009590
0.220000, 0.009586
0.220000, 0.009582
0.220000, 0.009578
0.220000, 0.009574
0.220000, 0.009569
0.220000, 0.009565
0.220000, 0.009561
0.220000, 0.009557
0.220000, 0.009553
0.220000, 0.009549
0.220000, 0.009544
0.220000, 0.009540
0.220000, 0.009536
0.220000, 0.009532
0.220000, 0.009528
0.220000, 0.009524
0.220000, 0.009520
0.220000, 0.009516
0.220000, 0.009511
0.220000, 0.009507
0.220000, 0.009503
0.220000, 0.009499
0.220000, 0.009495
0.220000, 0.009491
0.220000, 0.009487
0.220000, 0.009483
0.220000, 0.009479
0.220000, 0.009475
0.220000, 0.009471
0.220000, 0.009466
0.220000, 0.009462
0.220000, 0.009458
0.220000, 0.009454
0.220000, 0.009450
0.220000, 0.009446
0.220000, 0.009438
0.220000, 0.009434
0.220000, 0.009430
0.220000, 0.009426
0.220000, 0.009422
0.220000, 0.009418
0.220000, 0.009414
0.220000, 0.009410
0.220000, 0.009406
0.220000, 0.009402
0.220000, 0.009398
0.220000, 0.009394
0.220000, 0.009390
0.220000, 0.009386
0.220000, 0.009382
0.220000, 0.009378
0.220000, 0.009374
0.220000, 0.009370
0.220000, 0.009366
0.220000, 0.009362
0.220000, 0.009358
0.220000, 0.009354
0.220000, 0.009350
0.220000, 0.009346
0.220000, 0.009342
0.220000, 0.009338
0.220000, 0.009334
0.220000, 0.009330
0.220000, 0.009326
0.220000, 0.009322
0.220000, 0.009318
0.220000, 0.009314
0.220000, 0.009310
0.220000, 0.009306
0.220000, 0.009302
0.220000, 0.009298
0.220000, 0.009294
0.220000, 0.009291
0.220000, 0.009287
0.220000, 0.009283
0.220000, 0.009279
0.220000, 0.009275
0.220000, 0.009271
0.220000, 0.009267
0.220000, 0.009263
0.220000, 0.009259
0.220000, 0.009255
0.220000, 0.009251
0.220000, 0.009248
0.220000, 0.009244
0.220000, 0.009240
0.220000, 0.009236
0.220000, 0.009232
0.220000, 0.009228
0.220000, 0.009224
0.220000, 0.009220
0.220000, 0.009217
0.220000, 0.009213
0.220000, 0.009209
0.220000, 0.009205
0.220000, 0.009201
0.220000, 0.009197
0.220000, 0.009193
0.220000, 0.009190
0.220000, 0.009186
0.220000, 0.009182
0.220000, 0.009178
0.220000, 0.009174
0.220000, 0.009170
0.220000, 0.009167
0.220000, 0.009163
0.220000, 0.009159
0.220000, 0.009155
0.220000, 0.009151
0.220000, 0.009148
0.220000, 0.009144
0.220000, 0.009140
0.220000, 0.009136
0.220000, 0.009132
0.220000, 0.009129
0.220000, 0.009125
0.220000, 0.009117
0.220000, 0.009114
0.220000, 0.009110
0.220000, 0.009106
0.220000, 0.009102
0.220000, 0.009098
0.220000, 0.009095
0.220000, 0.009091
0.220000, 0.009087
0.220000, 0.009083
0.220000, 0.009080
0.220000, 0.009076
0.220000, 0.009072
0.220000, 0.009068
0.220000, 0.009065
0.220000, 0.009061
0.220000, 0.009057
0.220000, 0.009053
0.220000, 0.009050
0.220000, 0.009046
0.220000, 0.009042
0.220000, 0.009039
0.220000, 0.009035
0.220000, 0.009031
0.230000, 0.009438
0.230000, 0.009434
0.230000, 0.009430
0.230000, 0.009426
0.230000, 0.009422
0.230000, 0.009419
0.230000, 0.009415
0.230000, 0.009411
0.230000, 0.009407
0.230000, 0.009403
0.230000, 0.009399
0.230000, 0.009395
0.230000, 0.009392
0.230000, 0.009388
0.230000, 0.009384
0.230000, 0.009380
0.230000, 0.009376
0.230000, 0.009372
0.230000, 0.009369
0.230000, 0.009365
0.230000, 0.009361
0.230000, 0.009357
0.230000, 0.009353
0.230000, 0.009350
0.230000, 0.009346
0.230000, 0.009342
0.230000, 0.009338
0.230000, 0.009334
0.230000, 0.009331
0.230000, 0.009327
0.230000, 0.009323
0.230000, 0.009319
0.230000, 0.009316
0.230000, 0.009312
0.230000, 0.009308
0.230000, 0.009304
0.230000, 0.009300
0.230000, 0.009297
0.230000, 0.009293
0.230000, 0.009289
0.230000, 0.009285
0.230000, 0.009282
0.230000, 0.009278
0.230000, 0.009270
0.230000, 0.009267
0.230000, 0.009263
0.230000, 0.009256
0.230000, 0.009252
0.230000, 0.009248
0.230000, 0.009244
0.230000, 0.009241
0.230000, 0.009237
0.230000, 0.009233
0.230000, 0.009230
0.230000, 0.009226
0.230000, 0.009222
0.230000, 0.009218
0.230000, 0.009215
0.230000, 0.009211
0.230000, 0.009207
0.230000, 0.009204
0.230000, 0.009200
0.230000, 0.009196
0.230000, 0.009193
0.230000, 0.009189
0.230000, 0.009185
0.230000, 0.009182
0.230000, 0.009178
0.230000, 0.009174
0.230000, 0.009171
0.230000, 0.009167
0.230000, 0.009163
0.230000, 0.009160
0.230000, 0.009156
0.230000, 0.009152
0.230000, 0.009149
0.230000, 0.009145
0.230000, 0.009141
0.230000, 0.009138
0.230000, 0.009134
0.230000, 0.009131
0.230000, 0.009127
0.230000, 0.009123
0.230000, 0.009120
0.230000, 0.009116
0.230000, 0.009113
0.230000, 0.009109
0.230000, 0.009105
0.230000, 0.009102
0.230000, 0.009098
0.230000, 0.009095
0.230000, 0.009091
0.230000, 0.009087
0.230000, 0.009084
0.230000, 0.009080
0.230000, 0.009077
0.230000, 0.009073
0.230000, 0.009069
0.230000, 0.009066
0.230000, 0.009062
0.230000, 0.009059
0.230000, 0.009055
0.230000, 0.009052
0.230000, 0.009048
0.230000, 0.009044
0.230000, 0.009041
0.230000, 0.009037
0.230000, 0.009034
0.230000, 0.009030
0.230000, 0.009027
0.230000, 0.009023
0.230000, 0.009020
0.230000, 0.009016
0.230000, 0.009013
0.230000, 0.009009
0.230000, 0.009005
0.230000, 0.009002
0.230000, 0.008998
0.230000, 0.008995
0.230000, 0.008991
0.230000, 0.008988
0.230000, 0.008984
0.230000, 0.008981
0.230000, 0.008977
0.230000, 0.008974
0.230000, 0.008970
0.230000, 0.008967
0.230000, 0.008963
0.230000, 0.008960
0.230000, 0.008956
0.230000, 0.008953
0.230000, 0.008949
0.230000, 0.008946
0.230000, 0.008942
0.230000, 0.008939
0.230000, 0.008936
0.230000, 0.008932
0.230000, 0.008929
0.230000, 0.008925
0.230000, 0.008922
0.230000, 0.008918
0.230000, 0.008915
0.230000, 0.008911
0.230000, 0.008908
0.230000, 0.008904
0.230000, 0.008901
0.230000, 0.008897
0.230000, 0.008894
0.230000, 0.008891
0.230000, 0.008887
0.230000, 0.008884
0.230000, 0.008880
0.230000, 0.008877
0.230000, 0.008873
0.230000, 0.008870
0.230000, 0.008867
0.230000, 0.008863
0.230000, 0.008860
0.230000, 0.008856
0.230000, 0.008853
0.230000, 0.008850
0.230000, 0.008846
0.230000, 0.008843
0.230000, 0.008839
0.230000, 0.008836
0.230000, 0.008833
0.230000, 0.008829
0.230000, 0.008826
0.230000, 0.008822
0.230000, 0.008819
0.230000, 0.008816
0.230000, 0.008812
0.230000, 0.008809
0.230000, 0.008806
0.230000, 0.008802
0.230000, 0.008799
0.230000, 0.008795
0.230000, 0.008792
0.230000, 0.008789
0.230000, 0.008785
0.230000, 0.008782
0.230000, 0.008779
0.230000, 0.008775
0.230000, 0.008772
0.230000, 0.008769
0.230000, 0.008765
0.230000, 0.008762
0.230000, 0.008759
0.230000, 0.008755
0.230000, 0.008752
0.230000, 0.008749
0.230000, 0.008745
0.230000, 0.008742
0.230000, 0.008739
0.230000, 0.008735
0.230000, 0.008732
0.230000, 0.008729
0.230000, 0.008725
0.230000, 0.008722
0.230000, 0.008719
0.230000, 0.008715
0.230000, 0.008712
0.230000, 0.008709
0.230000, 0.008706
0.230000, 0.008702
0.230000, 0.008699
0.230000, 0.008696
0.230000, 0.008692
0.230000, 0.008689
0.230000, 0.008686
0.230000, 0.008683
0.230000, 0.008679
0.230000, 0.008676
0.230000, 0.008673
0.230000, 0.008669
0.230000, 0.008666
0.230000, 0.008663
0.230000, 0.008660
0.230000, 0.008656
0.230000, 0.008653
0.230000, 0.008650
0.230000, 0.008647
0.230000, 0.008643
0.230000, 0.008640
0.230000, 0.008637
0.230000, 0.008634
0.230000, 0.008630
0.230000, 0.008627
0.230000, 0.008624
0.230000, 0.008621
0.230000, 0.008617
0.230000, 0.008614
0.230000, 0.008611
0.230000, 0.008608
0.230000, 0.008605
0.230000, 0.008601
0.230000, 0.008598
0.230000, 0.008595
0.230000, 0.008592
0.230000, 0.008588
0.230000, 0.008585
0.230000, 0.008582
0.230000, 0.008579
0.230000, 0.008576
0.230000, 0.008572
0.230000, 0.008569
0.230000, 0.008566
0.230000, 0.008563
0.230000, 0.008560
0.230000, 0.008557
0.230000, 0.008553
0.230000, 0.008550
0.230000, 0.008547
0.230000, 0.008544
0.230000, 0.008541
0.230000, 0.008537
0.230000, 0.008534
0.230000, 0.008531
0.230000, 0.008528
0.230000, 0.008525
0.230000, 0.008522
0.230000, 0.008519
0.230000, 0.008515
0.230000, 0.008512
0.230000, 0.008509
0.230000, 0.008506
0.230000, 0.008503
0.230000, 0.008500
0.230000, 0.008496
0.230000, 0.008493
0.230000, 0.008490
0.230000, 0.008487
0.230000, 0.008484
0.230000, 0.008481
0.230000, 0.008478
0.230000, 0.008475
0.230000, 0.008471
0.230000, 0.008468
0.230000, 0.008465
0.230000, 0.008462
0.230000, 0.008459
0.230000, 0.008456
0.230000, 0.008453
0.230000, 0.008450
0.230000, 0.008447
0.230000, 0.008443
0.230000, 0.008440
0.230000, 0.008437
0.230000, 0.008434
0.230000, 0.008431
0.230000, 0.008428
0.230000, 0.008425
0.230000, 0.008422
0.230000, 0.008419
0.230000, 0.008416
0.230000, 0.008413
0.230000, 0.008410
0.230000, 0.008406
0.230000, 0.008403
0.230000, 0.008400
0.230000, 0.008397
0.230000, 0.008394
0.230000, 0.008391
0.230000, 0.008388
0.230000, 0.008385
0.230000, 0.008382
0.230000, 0.008379
0.230000, 0.008376
0.230000, 0.008373
0.230000, 0.008370
0.230000, 0.008367
0.230000, 0.008364
0.230000, 0.008361
0.230000, 0.008358
0.230000, 0.008355
0.230000, 0.008351
0.230000, 0.008348
0.230000, 0.008345
0.230000, 0.008342
0.230000, 0.008339
0.230000, 0.008336
0.230000, 0.008333
0.230000, 0.008330
0.230000, 0.008327
0.230000, 0.008324
0.230000, 0.008321
0.230000, 0.008318
0.230000, 0.008315
0.230000, 0.008312
0.230000, 0.008309
0.230000, 0.008306
0.230000, 0.008303
0.230000, 0.008300
0.230000, 0.008297
0.230000, 0.008294
0.230000, 0.008291
0.230000, 0.008288
0.230000, 0.008285
0.230000, 0.008282
0.230000, 0.008279
0.230000, 0.008276
0.230000, 0.008273
0.230000, 0.008270
0.230000, 0.008267
0.230000, 0.008264
0.230000, 0.008261
0.230000, 0.008259
0.230000, 0.008256
0.230000, 0.008253
0.230000, 0.008250
0.230000, 0.008247
0.230000, 0.008244
0.230000, 0.008241
0.230000, 0.008238
0.230000, 0.008235
0.230000, 0.008232
0.230000, 0.008229
0.230000, 0.008226
0.230000, 0.008223
0.230000, 0.008220
0.230000, 0.008217
0.230000, 0.008214
0.230000, 0.008211
0.230000, 0.008208
0.230000, 0.008205
0.230000, 0.008203
0.230000, 0.008200
0.230000, 0.008197
0.230000, 0.008191
0.230000, 0.008188
0.230000, 0.008182
0.230000, 0.008179
0.230000, 0.008176
0.230000, 0.008173
0.230000, 0.008171
0.230000, 0.008168
0.230000, 0.008165
0.230000, 0.008162
0.230000, 0.008159
0.230000, 0.008156
0.230000, 0.008153
0.230000, 0.008150
0.230000, 0.008144
0.230000, 0.008142
0.230000, 0.008139
0.230000, 0.008136
0.230000, 0.008133
0.230000, 0.008130
0.230000, 0.008127
0.230000, 0.008124
0.230000, 0.008121
0.230000, 0.008119
0.230000, 0.008116
0.230000, 0.008113
0.230000, 0.008110
0.230000, 0.008107
0.230000, 0.008104
0.230000, 0.008101
0.230000, 0.008099
0.230000, 0.008096
0.230000, 0.008093
0.230000, 0.008090
0.230000, 0.008087
0.230000, 0.008084
0.230000, 0.008082
0.230000, 0.008079
0.230000, 0.008076
0.230000, 0.008073
0.230000, 0.008070
0.230000, 0.008067
0.230000, 0.008065
0.230000, 0.008062
0.230000, 0.008059
0.230000, 0.008056
0.230000, 0.008053
0.230000, 0.008050
0.230000, 0.008048
0.230000, 0.008045
0.230000, 0.008042
0.230000, 0.008039
0.230000, 0.008036
0.230000, 0.008034
0.230000, 0.008031
0.230000, 0.008028
0.230000, 0.008025
0.230000, 0.008022
0.230000, 0.008020
0.230000, 0.008017
0.230000, 0.008014
0.230000, 0.008011
0.230000, 0.008008
0.230000, 0.008006
0.230000, 0.008003
0.230000, 0.007994
0.230000, 0.007992
0.230000, 0.007989
0.230000, 0.007981
0.230000, 0.007975
0.230000, 0.007972
0.230000, 0.007970
0.230000, 0.007967
0.230000, 0.007964
0.230000, 0.007961
0.230000, 0.007958
0.230000, 0.007956
0.230000, 0.007953
0.230000, 0.007950
0.230000, 0.007947
0.240000, 0.008290
0.240000, 0.008287
0.240000, 0.008284
0.240000, 0.008282
0.240000, 0.008279
0.240000, 0.008276
0.240000, 0.008273
0.240000, 0.008270
0.240000, 0.008267
0.240000, 0.008264
0.240000, 0.008262
0.240000, 0.008259
0.240000, 0.008256
0.240000, 0.008253
0.240000, 0.008250
0.240000, 0.008247
0.240000, 0.008245
0.240000, 0.008242
0.240000, 0.008239
0.240000, 0.008236
0.240000, 0.008233
0.240000, 0.008230
0.240000, 0.008228
0.240000, 0.008225
0.240000, 0.008222
0.240000, 0.008219
0.240000, 0.008216
0.240000, 0.008214
0.240000, 0.008211
0.240000, 0.008208
0.240000, 0.008205
0.240000, 0.008202
0.240000, 0.008200
0.240000, 0.008191
0.240000, 0.008188
0.240000, 0.008186
0.240000, 0.008183
0.240000, 0.008177
0.240000, 0.008174
0.240000, 0.008172
0.240000, 0.008169
0.240000, 0.008166
0.240000, 0.008163
0.240000, 0.008160
0.240000, 0.008158
0.240000, 0.008155
0.240000, 0.008152
0.240000, 0.008149
0.240000, 0.008147
0.240000, 0.008144
0.240000, 0.008141
0.240000, 0.008138
0.240000, 0.008136
0.240000, 0.008133
0.240000, 0.008130
0.240000, 0.008127
0.240000, 0.008125
0.240000, 0.008122
0.240000, 0.008119
0.240000, 0.008116
0.240000, 0.008114
0.240000, 0.008111
0.240000, 0.008108
0.240000, 0.008105
0.240000, 0.008103
0.240000, 0.008100
0.240000, 0.008097
0.240000, 0.008094
0.240000, 0.008092
0.240000, 0.008089
0.240000, 0.008086
0.240000, 0.008084
0.240000, 0.008081
0.240000, 0.008078
0.240000, 0.008075
0.240000, 0.008067
0.240000, 0.008065
0.240000, 0.008062
0.240000, 0.008059
0.240000, 0.008056
0.240000, 0.008046
0.240000, 0.008040
0.240000, 0.008038
0.240000, 0.008035
0.240000, 0.008032
0.240000, 0.008029
0.240000, 0.008027
0.240000, 0.008024
0.240000, 0.008021
0.240000, 0.008019
0.240000, 0.008016
0.240000, 0.008013
0.240000, 0.008011
0.240000, 0.008008
0.240000, 0.008005
0.240000, 0.008003
0.240000, 0.008000
0.240000, 0.007997
0.240000, 0.007995
0.240000, 0.007992
0.240000, 0.007989
0.240000, 0.007987
0.240000, 0.007984
0.240000, 0.007979
0.240000, 0.007976
0.240000, 0.007973
0.240000, 0.007971
0.240000, 0.007968
0.240000, 0.007965
0.240000, 0.007963
0.240000, 0.007960
0.240000, 0.007958
0.240000, 0.007955
0.240000, 0.007952
0.240000, 0.007950
0.240000, 0.007947
0.240000, 0.007944
0.240000, 0.007942
0.240000, 0.007939
0.240000, 0.007937
0.240000, 0.007934
0.240000, 0.007931
0.240000, 0.007929
0.240000, 0.007926
0.240000, 0.007923
0.240000, 0.007921
0.240000, 0.007918
0.240000, 0.007916
0.240000, 0.007913
0.240000, 0.007910
0.240000, 0.007908
0.240000, 0.007905
0.240000, 0.007903
0.240000, 0.007900
0.240000, 0.007897
0.240000, 0.007895
0.240000, 0.007892
0.240000, 0.007890
0.240000, 0.007887
0.240000, 0.007884
0.240000, 0.007882
0.240000, 0.007879
0.240000, 0.007877
0.240000, 0.007874
0.240000, 0.007871
0.240000, 0.007869
0.240000, 0.007866
0.240000, 0.007864
0.240000, 0.007861
0.240000, 0.007859
0.240000, 0.007856
0.240000, 0.007853
0.240000, 0.007851
0.240000, 0.007848
0.240000, 0.007846
0.240000, 0.007843
0.240000, 0.007841
0.240000, 0.007838
0.240000, 0.007835
0.240000, 0.007833
0.240000, 0.007830
0.240000, 0.007828
0.240000, 0.007825
0.240000, 0.007823
0.240000, 0.007820
0.240000, 0.007818
0.240000, 0.007815
0.240000, 0.007812
0.240000, 0.007810
0.240000, 0.007807
0.240000, 0.007805
0.240000, 0.007802
0.240000, 0.007800
0.240000, 0.007797
0.240000, 0.007795
0.240000, 0.007792
0.240000, 0.007790
0.240000, 0.007787
0.240000, 0.007785
0.240000, 0.007782
0.240000, 0.007780
0.240000, 0.007777
0.240000, 0.007775
0.240000, 0.007772
0.240000, 0.007770
0.240000, 0.007767
0.240000, 0.007764
0.240000, 0.007762
0.240000, 0.007759
0.240000, 0.007757
0.240000, 0.007754
0.240000, 0.007752
0.240000, 0.007749
0.240000, 0.007747
0.240000, 0.007744
0.240000, 0.007742
0.240000, 0.007739
0.240000, 0.007737
0.240000, 0.007734
0.240000, 0.007732
0.240000, 0.007729
0.240000, 0.007727
0.240000, 0.007724
0.240000, 0.007722
0.240000, 0.007720
0.240000, 0.007717
0.240000, 0.007715
0.240000, 0.007712
0.240000, 0.007710
0.240000, 0.007707
0.240000, 0.007705
0.240000, 0.007702
0.240000, 0.007700
0.240000, 0.007697
0.240000, 0.007695
0.240000, 0.007692
0.240000, 0.007690
0.240000, 0.007687
0.240000, 0.007685
0.240000, 0.007682
0.240000, 0.007680
0.240000, 0.007678
0.240000, 0.007675
0.240000, 0.007673
0.240000, 0.007670
0.240000, 0.007668
0.240000, 0.007665
0.240000, 0.007663
0.240000, 0.007660
0.240000, 0.007658
0.240000, 0.007656
0.240000, 0.007653
0.240000, 0.007651
0.240000, 0.007648
0.240000, 0.007646
0.240000, 0.007643
0.240000, 0.007641
0.240000, 0.007638
0.240000, 0.007636
0.240000, 0.007634
0.240000, 0.007631
0.240000, 0.007629
0.240000, 0.007626
0.240000, 0.007624
0.240000, 0.007621
0.240000, 0.007619
0.240000, 0.007617
0.240000, 0.007614
0.240000, 0.007612
0.240000, 0.007609
0.240000, 0.007607
0.240000, 0.007605
0.240000, 0.007602
0.240000, 0.007600
0.240000, 0.007597
0.240000, 0.007595
0.240000, 0.007593
0.240000, 0.007590
0.240000, 0.007588
0.240000, 0.007585
0.240000, 0.007583
0.240000, 0.007581
0.240000, 0.007578
0.240000, 0.007576
0.240000, 0.007573
0.240000, 0.007571
0.240000, 0.007569
0.240000, 0.007566
0.240000, 0.007564
0.240000, 0.007561
0.240000, 0.007559
0.240000, 0.007557
0.240000, 0.007554
0.240000, 0.007552
0.240000, 0.007550
0.240000, 0.007547
0.240000, 0.007545
0.240000, 0.007542
0.240000, 0.007540
0.240000, 0.007538
0.240000, 0.007535
0.240000, 0.007533
0.240000, 0.007531
0.240000, 0.007528
0.240000, 0.007526
0.240000, 0.007524
0.240000, 0.007521
0.240000, 0.007519
0.240000, 0.007516
0.240000, 0.007514
0.240000, 0.007512
0.240000, 0.007509
0.240000, 0.007507
0.240000, 0.007505
0.240000, 0.007502
0.240000, 0.007500
0.240000, 0.007498
0.240000, 0.007495
0.240000, 0.007493
0.240000, 0.007491
0.240000, 0.007488
0.240000, 0.007486
0.240000, 0.007484
0.240000, 0.007481
0.240000, 0.007479
0.240000, 0.007477
0.240000, 0.007474
0.240000, 0.007472
0.240000, 0.007470
0.240000, 0.007467
0.240000, 0.007465
0.240000, 0.007463
0.240000, 0.007460
0.240000, 0.007458
0.240000, 0.007456
0.240000, 0.007453
0.240000, 0.007451
0.240000, 0.007449
0.240000, 0.007446
0.240000, 0.007444
0.240000, 0.007442
0.240000, 0.007440
0.240000, 0.007437
0.240000, 0.007435
0.240000, 0.007433
0.240000, 0.007430
0.240000, 0.007428
0.240000, 0.007426
0.240000, 0.007423
0.240000, 0.007421
0.240000, 0.007419
0.240000, 0.007417
0.240000, 0.007414
0.240000, 0.007412
0.240000, 0.007410
0.240000, 0.007407
0.240000, 0.007405
0.240000, 0.007403
0.240000, 0.007401
0.240000, 0.007398
0.240000, 0.007394
0.240000, 0.007391
0.240000, 0.007389
0.240000, 0.007387
0.240000, 0.007385
0.240000, 0.007382
0.240000, 0.007380
0.240000, 0.007378
0.240000, 0.007376
0.240000, 0.007373
0.240000, 0.007371
0.240000, 0.007369
0.240000, 0.007366
0.240000, 0.007364
0.240000, 0.007362
0.240000, 0.007360
0.240000, 0.007357
0.240000, 0.007355
0.240000, 0.007353
0.240000, 0.007351
0.240000, 0.007348
0.240000, 0.007346
0.240000, 0.007344
0.240000, 0.007342
0.240000, 0.007339
0.240000, 0.007337
0.240000, 0.007335
0.240000, 0.007333
0.240000, 0.007330
0.240000, 0.007328
0.240000, 0.007326
0.240000, 0.007324
0.240000, 0.007322
0.240000, 0.007319
0.240000, 0.007317
0.240000, 0.007315
0.240000, 0.007313
0.240000, 0.007310
0.240000, 0.007308
0.240000, 0.007306
0.240000, 0.007304
0.240000, 0.007301
0.240000, 0.007299
0.240000, 0.007297
0.240000, 0.007295
0.240000, 0.007293
0.240000, 0.007290
0.240000, 0.007288
0.240000, 0.007286
0.240000, 0.007284
0.240000, 0.007282
0.240000, 0.007279
0.240000, 0.007277
0.240000, 0.007275
0.240000, 0.007273
0.240000, 0.007271
0.240000, 0.007268
0.240000, 0.007264
0.240000, 0.007260
0.240000, 0.007257
0.240000, 0.007255
0.240000, 0.007253
0.240000, 0.007251
0.240000, 0.007249
0.240000, 0.007246
0.240000, 0.007244
0.240000, 0.007242
0.240000, 0.007240
0.240000, 0.007238
0.240000, 0.007235
0.240000, 0.007233
0.240000, 0.007231
0.240000, 0.007229
0.240000, 0.007227
0.240000, 0.007225
0.240000, 0.007222
0.240000, 0.007220
0.240000, 0.007218
0.240000, 0.007216
0.240000, 0.007214
0.240000, 0.007212
0.240000, 0.007209
0.240000, 0.007207
0.240000, 0.007205
0.240000, 0.007203
0.240000, 0.007201
0.240000, 0.007199
0.240000, 0.007196
0.240000, 0.007194
0.240000, 0.007192
0.240000, 0.007190
0.240000, 0.007188
0.240000, 0.007186
0.240000, 0.007183
0.240000, 0.007181
0.240000, 0.007179
0.240000, 0.007177
0.240000, 0.007175
0.240000, 0.007173
0.240000, 0.007171
0.240000, 0.007168
0.240000, 0.007166
0.240000, 0.007164
0.240000, 0.007162
0.240000, 0.007160
0.240000, 0.007158
0.240000, 0.007149
0.240000, 0.007147
0.240000, 0.007145
0.240000, 0.007143
0.240000, 0.007136
0.240000, 0.007134
0.240000, 0.007126
0.240000, 0.007124
0.240000, 0.007122
0.240000, 0.007120
0.240000, 0.007117
0.240000, 0.007115
0.240000, 0.007113
0.240000, 0.007111
0.240000, 0.007109
0.240000, 0.007107
0.240000, 0.007105
0.240000, 0.007103
0.240000, 0.007101
0.240000, 0.007098
0.240000, 0.007096
0.240000, 0.007094
0.240000, 0.007092
0.240000, 0.007090
0.240000, 0.007088
0.240000, 0.007086
0.240000, 0.007084
0.240000, 0.007082
0.240000, 0.007080
0.240000, 0.007078
0.240000, 0.007075
0.240000, 0.007073
0.240000, 0.007071
0.240000, 0.007069
0.240000, 0.007067
0.240000, 0.007065
0.240000, 0.007063
0.240000, 0.007061
0.240000, 0.007059
0.240000, 0.007057
0.240000, 0.007055
0.240000, 0.007053
0.240000, 0.007051
0.240000, 0.007048
0.240000, 0.007046
0.240000, 0.007044
0.250000, 0.007336
0.250000, 0.007334
0.250000, 0.007331
0.250000, 0.007329
0.250000, 0.007327
0.250000, 0.007325
0.250000, 0.007323
0.250000, 0.007321
0.250000, 0.007319
0.250000, 0.007316
0.250000, 0.007314
0.250000, 0.007312
0.250000, 0.007310
0.250000, 0.007308
0.250000, 0.007306
0.250000, 0.007304
0.250000, 0.007301
0.250000, 0.007299
0.250000, 0.007297
0.250000, 0.007295
0.250000, 0.007293
0.250000, 0.007291
0.250000, 0.007289
0.250000, 0.007287
0.250000, 0.007284
0.250000, 0.007282
0.250000, 0.007280
0.250000, 0.007278
0.250000, 0.007276
0.250000, 0.007270
0.250000, 0.007267
0.250000, 0.007265
0.250000, 0.007263
0.250000, 0.007261
0.250000, 0.007259
0.250000, 0.007257
0.250000, 0.007255
0.250000, 0.007253
0.250000, 0.007251
0.250000, 0.007246
0.250000, 0.007244
0.250000, 0.007242
0.250000, 0.007240
0.250000, 0.007238
0.250000, 0.007236
0.250000, 0.007234
0.250000, 0.007232
0.250000, 0.007230
0.250000, 0.007228
0.250000, 0.007225
0.250000, 0.007223
0.250000, 0.007221
0.250000, 0.007219
0.250000, 0.007217
0.250000, 0.007215
0.250000, 0.007213
0.250000, 0.007209
0.250000, 0.007207
0.250000, 0.007205
0.250000, 0.007196
0.250000, 0.007194
0.250000, 0.007192
0.250000, 0.007190
0.250000, 0.007188
0.250000, 0.007186
0.250000, 0.007184
0.250000, 0.007182
0.250000, 0.007180
0.250000, 0.007178
0.250000, 0.007176
0.250000, 0.007174
0.250000, 0.007172
0.250000, 0.007169
0.250000, 0.007167
0.250000, 0.007165
0.250000, 0.007163
0.250000, 0.007161
0.250000, 0.007159
0.250000, 0.007157
0.250000, 0.007155
0.250000, 0.007153
0.250000, 0.007151
0.250000, 0.007149
0.250000, 0.007147
0.250000, 0.007145
0.250000, 0.007143
0.250000, 0.007141
0.250000, 0.007139
0.250000, 0.007137
0.250000, 0.007135
0.250000, 0.007133
0.250000, 0.007131
0.250000, 0.007129
0.250000, 0.007127
0.250000, 0.007125
0.250000, 0.007123
0.250000, 0.007120
0.250000, 0.007116
0.250000, 0.007114
0.250000, 0.007112
0.250000, 0.007110
0.250000, 0.007106
0.250000, 0.007104
0.250000, 0.007102
0.250000, 0.007100
0.250000, 0.007098
0.250000, 0.007096
0.250000, 0.007094
0.250000, 0.007092
0.250000, 0.007090
0.250000, 0.007088
0.250000, 0.007086
0.250000, 0.007084
0.250000, 0.007082
0.250000, 0.007080
0.250000, 0.007078
0.250000, 0.007076
0.250000, 0.007074
0.250000, 0.007072
0.250000, 0.007070
0.250000, 0.007068
0.250000, 0.007066
0.250000, 0.007064
0.250000, 0.007062
0.250000, 0.007060
0.250000, 0.007058
0.250000, 0.007054
0.250000, 0.007052
0.250000, 0.007050
0.250000, 0.007048
0.250000, 0.007046
0.250000, 0.007044
0.250000, 0.007042
0.250000, 0.007040
0.250000, 0.007038
0.250000, 0.007036
0.250000, 0.007034
0.250000, 0.007032
0.250000, 0.007030
0.250000, 0.007013
0.250000, 0.007011
0.250000, 0.007009
0.250000, 0.007007
0.250000, 0.007005
0.250000, 0.007001
0.250000, 0.006999
0.250000, 0.006997
0.250000, 0.006995
0.250000, 0.006993
0.250000, 0.006991
0.250000, 0.006977
0.250000, 0.006975
0.250000, 0.006974
0.250000, 0.006972
0.250000, 0.006970
0.250000, 0.006968
0.250000, 0.006966
0.250000, 0.006964
0.250000, 0.006962
0.250000, 0.006960
0.250000, 0.006958
0.250000, 0.006956
0.250000, 0.006954
0.250000, 0.006952
0.250000, 0.006950
0.250000, 0.006948
0.250000, 0.006946
0.250000, 0.006944
0.250000, 0.006943
0.250000, 0.006941
0.250000, 0.006935
0.250000, 0.006933
0.250000, 0.006931
0.250000, 0.006929
0.250000, 0.006923
0.250000, 0.006921
0.250000, 0.006919
0.250000, 0.006916
0.250000, 0.006910
0.250000, 0.006908
0.250000, 0.006906
0.250000, 0.006904
0.250000, 0.006902
0.250000, 0.006900
0.250000, 0.006898
0.250000, 0.006897
0.250000, 0.006895
0.250000, 0.006893
0.250000, 0.006891
0.250000, 0.006889
0.250000, 0.006887
0.250000, 0.006885
0.250000, 0.006883
0.250000, 0.006881
0.250000, 0.006879
0.250000, 0.006878
0.250000, 0.006876
0.250000, 0.006874
0.250000, 0.006872
0.250000, 0.006870
0.250000, 0.006868
0.250000, 0.006866
0.250000, 0.006864
0.250000, 0.006861
0.250000, 0.006846
0.250000, 0.006844
0.250000, 0.006842
0.250000, 0.006840
0.250000, 0.006838
0.250000, 0.006836
0.250000, 0.006834
0.250000, 0.006832
0.250000, 0.006831
0.250000, 0.006829
0.250000, 0.006825
0.250000, 0.006823
0.250000, 0.006821
0.250000, 0.006819
0.250000, 0.006818
0.250000, 0.006816
0.250000, 0.006814
0.250000, 0.006812
0.250000, 0.006810
0.250000, 0.006808
0.250000, 0.006806
0.250000, 0.006805
0.250000, 0.006803
0.250000, 0.006801
0.250000, 0.006799
0.250000, 0.006797
0.250000, 0.006795
0.250000, 0.006793
0.250000, 0.006792
0.250000, 0.006790
0.250000, 0.006788
0.250000, 0.006786
0.250000, 0.006784
0.260000, 0.007054
0.260000, 0.007052
0.260000, 0.007050
0.260000, 0.007048
0.260000, 0.007046
0.260000, 0.007035
0.260000, 0.007033
0.260000, 0.007031
0.260000, 0.007029
0.260000, 0.007027
0.260000, 0.007025
0.260000, 0.007023
0.260000, 0.007021
0.260000, 0.007019
0.260000, 0.007018
0.260000, 0.007016
0.260000, 0.007014
0.260000, 0.007012
0.260000, 0.007010
0.260000, 0.007008
0.260000, 0.007006
0.260000, 0.007004
0.260000, 0.007002
0.260000, 0.007001
0.260000, 0.006999
0.260000, 0.006997
0.260000, 0.006995
0.260000, 0.006993
0.260000, 0.006991
0.260000, 0.006989
0.260000, 0.006987
0.260000, 0.006985
0.260000, 0.006984
0.260000, 0.006982
0.260000, 0.006980
0.260000, 0.006978
0.260000, 0.006976
0.260000, 0.006961
0.260000, 0.006959
0.260000, 0.006957
0.260000, 0.006956
0.260000, 0.006954
0.260000, 0.006952
0.260000, 0.006950
0.260000, 0.006948
0.260000, 0.006946
0.260000, 0.006944
0.260000, 0.006943
0.260000, 0.006939
0.260000, 0.006937
0.260000, 0.006935
0.260000, 0.006933
0.260000, 0.006930
0.260000, 0.006926
0.260000, 0.006924
0.260000, 0.006922
0.260000, 0.006920
0.260000, 0.006919
0.260000, 0.006917
0.260000, 0.006915
0.260000, 0.006913
0.260000, 0.006911
0.260000, 0.006909
0.260000, 0.006908
0.260000, 0.006906
0.260000, 0.006904
0.260000, 0.006902
0.260000, 0.006900
0.260000, 0.006898
0.260000, 0.006897
0.260000, 0.006895
0.260000, 0.006893
0.260000, 0.006891
0.260000, 0.006889
0.260000, 0.006887
0.260000, 0.006886
0.260000, 0.006884
0.260000, 0.006882
0.260000, 0.006880
0.260000, 0.006878
0.260000, 0.006876
0.260000, 0.006875
0.260000, 0.006873
0.260000, 0.006871
0.260000, 0.006869
0.260000, 0.006867
0.260000, 0.006866
0.260000, 0.006864
0.260000, 0.006862
0.260000, 0.006860
0.260000, 0.006858
0.260000, 0.006857
0.260000, 0.006855
0.260000, 0.006853
0.260000, 0.006851
0.260000, 0.006849
0.260000, 0.006848
0.260000, 0.006846
0.260000, 0.006842
0.260000, 0.006840
0.260000, 0.006839
0.260000, 0.006837
0.260000, 0.006835
0.260000, 0.006833
0.260000, 0.006831
0.260000, 0.006830
0.260000, 0.006828
0.260000, 0.006826
0.260000, 0.006824
0.260000, 0.006822
0.260000, 0.006821
0.260000, 0.006819
0.260000, 0.006817
0.260000, 0.006815
0.260000, 0.006813
0.260000, 0.006812
0.260000, 0.006810
0.260000, 0.006808
0.260000, 0.006806
0.260000, 0.006799
0.260000, 0.006794
0.260000, 0.006792
0.260000, 0.006790
0.260000, 0.006789
0.260000, 0.006787
0.260000, 0.006778
0.260000, 0.006776
0.260000, 0.006760
0.260000, 0.006759
0.260000, 0.006757
0.260000, 0.006748
0.260000, 0.006746
0.260000, 0.006743
0.260000, 0.006741
0.260000, 0.006739
0.260000, 0.006729
0.260000, 0.006727
0.260000, 0.006725
0.260000, 0.006724
0.260000, 0.006722
0.260000, 0.006720
0.260000, 0.006718
0.260000, 0.006713
0.260000, 0.006711
0.260000, 0.006710
0.260000, 0.006708
0.260000, 0.006706
0.260000, 0.006704
0.260000, 0.006703
0.260000, 0.006701
0.260000, 0.006699
0.260000, 0.006698
0.260000, 0.006696
0.260000, 0.006694
0.260000, 0.006692
0.260000, 0.006691
0.260000, 0.006689
0.260000, 0.006687
0.260000, 0.006686
0.260000, 0.006684
0.260000, 0.006682
0.260000, 0.006680
0.260000, 0.006679
0.260000, 0.006677
0.260000, 0.006675
0.260000, 0.006674
0.260000, 0.006672
0.260000, 0.006670
0.260000, 0.006668
0.260000, 0.006667
0.260000, 0.006665
0.260000, 0.006663
0.260000, 0.006662
0.260000, 0.006660
0.260000, 0.006658
0.260000, 0.006656
0.260000, 0.006655
0.260000, 0.006651
0.260000, 0.006650
0.260000, 0.006648
0.260000, 0.006646
0.260000, 0.006645
0.260000, 0.006643
0.260000, 0.006641
0.260000, 0.006639
0.260000, 0.006636
0.260000, 0.006633
0.360000, 0.009160
0.360000, 0.009156
0.360000, 0.009146
0.360000, 0.009144
0.360000, 0.009142
0.360000, 0.009139
0.360000, 0.009137
0.360000, 0.009135
0.360000, 0.009132
0.360000, 0.009130
0.360000, 0.009128
0.360000, 0.009125
0.360000, 0.009123
0.360000, 0.009121
0.360000, 0.009119
0.360000, 0.009116
0.360000, 0.009114
0.360000, 0.009112
0.360000, 0.009109
0.360000, 0.009107
0.360000, 0.009105
0.360000, 0.009102
0.360000, 0.009100
0.360000, 0.009098
0.360000, 0.009096
0.360000, 0.009093
0.360000, 0.009091
0.360000, 0.009089
0.360000, 0.009086
0.360000, 0.009082
0.360000, 0.009077
0.360000, 0.009075
0.360000, 0.009073
0.360000, 0.009070
0.360000, 0.009066
0.360000, 0.009063
0.360000, 0.009061
0.360000, 0.009059
0.360000, 0.009057
0.360000, 0.009054
0.360000, 0.009052
0.360000, 0.009050
0.360000, 0.009047
0.360000, 0.009045
0.360000, 0.009043
0.360000, 0.009041
0.360000, 0.009038
0.360000, 0.009036
0.360000, 0.009032
0.360000, 0.009029
0.360000, 0.009027
0.360000, 0.009025
0.360000, 0.009023
0.360000, 0.009020
0.360000, 0.009018
0.360000, 0.009016
0.360000, 0.009014
0.360000, 0.009011
0.360000, 0.009009
0.360000, 0.009007
0.360000, 0.009002
0.360000, 0.008998
0.360000, 0.008996
0.360000, 0.008991
0.360000, 0.008987
0.360000, 0.008982
0.360000, 0.008980
0.360000, 0.008973
0.360000, 0.008971
0.360000, 0.008969
0.360000, 0.008966
0.360000, 0.008964
0.360000, 0.008962
0.360000, 0.008960
0.360000, 0.008955
0.360000, 0.008953
0.360000, 0.008951
0.360000, 0.008949
0.360000, 0.008946
0.360000, 0.008944
0.360000, 0.008942
0.360000, 0.008940
0.360000, 0.008937
0.360000, 0.008935
0.360000, 0.008933
0.360000, 0.008931
0.360000, 0.008929
0.360000, 0.008924
0.360000, 0.008922
0.360000, 0.008920
0.360000, 0.008918
0.360000, 0.008915
0.360000, 0.008913
0.360000, 0.008911
0.360000, 0.008909
0.360000, 0.008906
0.360000, 0.008902
0.360000, 0.008900
0.360000, 0.008898
0.360000, 0.008895
0.360000, 0.008893
0.360000, 0.008891
0.360000, 0.008889
0.360000, 0.008887
0.360000, 0.008885
0.360000, 0.008882
0.360000, 0.008880
0.360000, 0.008878
0.360000, 0.008876
0.360000, 0.008874
0.360000, 0.008871
0.360000, 0.008869
0.360000, 0.008867
0.360000, 0.008865
0.360000, 0.008863
0.360000, 0.008860
0.360000, 0.008858
0.360000, 0.008856
0.360000, 0.008854
0.360000, 0.008852
0.360000, 0.008850
0.360000, 0.008847
0.360000, 0.008845
0.360000, 0.008843
0.360000, 0.008841
0.360000, 0.008839
0.360000, 0.008837
0.360000, 0.008834
0.360000, 0.008832
0.360000, 0.008828
0.360000, 0.008826
0.360000, 0.008824
0.360000, 0.008821
0.360000, 0.008819
0.360000, 0.008817
0.360000, 0.008813
0.360000, 0.008811
0.360000, 0.008808
0.360000, 0.008806
0.360000, 0.008800
0.360000, 0.008798
0.360000, 0.008796
0.360000, 0.008793
0.360000, 0.008791
0.360000, 0.008789
0.360000, 0.008787
0.360000, 0.008785
0.360000, 0.008783
0.360000, 0.008780
0.360000, 0.008778
0.360000, 0.008776
0.360000, 0.008774
0.360000, 0.008772
0.360000, 0.008770
0.360000, 0.008768
0.360000, 0.008766
0.360000, 0.008763
0.360000, 0.008759
0.360000, 0.008757
0.360000, 0.008755
0.360000, 0.008751
0.360000, 0.008748
0.360000, 0.008746
0.360000, 0.008744
0.360000, 0.008742
0.360000, 0.008740
0.360000, 0.008738
0.360000, 0.008732
0.360000, 0.008727
0.360000, 0.008723
0.360000, 0.008721
0.360000, 0.008715
0.360000, 0.008710
0.360000, 0.008708
0.360000, 0.008706
0.360000, 0.008704
0.360000, 0.008702
0.360000, 0.008700
0.360000, 0.008698
0.360000, 0.008696
0.360000, 0.008694
0.360000, 0.008689
0.360000, 0.008687
0.360000, 0.008683
0.360000, 0.008679
0.360000, 0.008673
0.360000, 0.008671
0.360000, 0.008668
0.360000, 0.008666
0.360000, 0.008664
0.360000, 0.008662
0.360000, 0.008660
0.360000, 0.008658
0.360000, 0.008656
0.360000, 0.008654
0.360000, 0.008652
0.360000, 0.008650
0.360000, 0.008641
0.360000, 0.008639
0.360000, 0.008637
0.360000, 0.008635
0.360000, 0.008633
0.360000, 0.008631
0.360000, 0.008623
0.360000, 0.008621
0.360000, 0.008615
0.360000, 0.008612
0.360000, 0.008606
0.360000, 0.008604
0.360000, 0.008602
0.360000, 0.008600
0.360000, 0.008594
0.370000, 0.008831
0.370000, 0.008828
0.370000, 0.008826
0.370000, 0.008822
0.370000, 0.008820
0.370000, 0.008814
0.380000, 0.009050
0.380000, 0.009048
0.380000, 0.009045
0.380000, 0.009043
0.380000, 0.009041
0.380000, 0.009039
0.380000, 0.009037
0.380000, 0.009035
0.380000, 0.009033
0.380000, 0.009026
0.380000, 0.009024
0.380000, 0.009022
0.380000, 0.009009
0.380000, 0.009007
0.380000, 0.009005
0.380000, 0.009003
0.380000, 0.009000
0.380000, 0.008994
0.380000, 0.008992
0.380000, 0.008983
0.380000, 0.008981
0.380000, 0.008979
0.380000, 0.008977
0.380000, 0.008975
0.380000, 0.008973
0.380000, 0.008971
0.380000, 0.008969
0.380000, 0.008960
0.390000, 0.009194
0.390000, 0.009192
0.390000, 0.009189
0.390000, 0.009187
0.390000, 0.009185
0.390000, 0.009183
0.390000, 0.009181
0.390000, 0.009179
0.390000, 0.009174
0.390000, 0.009172
0.390000, 0.009170
0.390000, 0.009168
0.390000, 0.009166
0.390000, 0.009164
0.390000, 0.009161
0.390000, 0.009159
0.390000, 0.009151
0.390000, 0.009148
0.390000, 0.009144
0.390000, 0.009142
0.390000, 0.009138
0.390000, 0.009136
0.390000, 0.009133
0.390000, 0.009131
0.390000, 0.009129
0.390000, 0.009125
0.390000, 0.009123
0.390000, 0.009121
0.390000, 0.009119
0.390000, 0.009114
0.390000, 0.009112
0.390000, 0.009110
0.390000, 0.009104
0.390000, 0.009093
0.390000, 0.009091
0.390000, 0.009089
0.390000, 0.009087
0.390000, 0.009085
0.390000, 0.009078
0.390000, 0.009074
0.390000, 0.009072
0.390000, 0.009068
0.400000, 0.009289
0.400000, 0.009287
0.400000, 0.009276
0.400000, 0.009272
0.400000, 0.009268
0.400000, 0.009266
0.400000, 0.009264
0.400000, 0.009259
0.400000, 0.009257
0.400000, 0.009246
0.400000, 0.009244
0.400000, 0.009238
0.400000, 0.009234
0.400000, 0.009229
0.400000, 0.009227
0.400000, 0.009221
0.400000, 0.009219
0.400000, 0.009217
0.400000, 0.009210
0.400000, 0.009206
0.400000, 0.009204
0.400000, 0.009202
0.400000, 0.009198
0.400000, 0.009195
0.400000, 0.009193
0.400000, 0.009189
0.400000, 0.009179
0.400000, 0.009176
0.400000, 0.009174
0.400000, 0.009172
0.400000, 0.009170
0.400000, 0.009168
0.400000, 0.009166
0.400000, 0.009162
0.400000, 0.009160
0.400000, 0.009158
0.400000, 0.009151
0.400000, 0.009147
0.400000, 0.009145
0.400000, 0.009137
0.400000, 0.009132
0.400000, 0.009126
0.400000, 0.009122
0.400000, 0.009118
0.400000, 0.009112
0.400000, 0.009110
0.400000, 0.009107
0.400000, 0.009105
0.400000, 0.009103
0.400000, 0.009097
0.400000, 0.009089
0.400000, 0.009087
0.400000, 0.009083
0.400000, 0.009076
0.400000, 0.009074
0.400000, 0.009070
0.400000, 0.009066
0.400000, 0.009064
0.400000, 0.009058
0.400000, 0.009033
0.400000, 0.009027
0.400000, 0.009019
0.400000, 0.009015
0.400000, 0.009011
0.400000, 0.009009
0.400000, 0.009007
0.400000, 0.009005
0.400000, 0.008991
0.400000, 0.008959
0.400000, 0.008957
0.400000, 0.008953
0.400000, 0.008937
0.400000, 0.008923
0.400000, 0.008911
0.400000, 0.008909
0.400000, 0.008903
0.400000, 0.008893
0.400000, 0.008891
0.400000, 0.008883
0.400000, 0.008877
0.400000, 0.008865
0.400000, 0.008857
0.410000, 0.009073
0.410000, 0.009069
0.420000, 0.009253
0.420000, 0.009251
0.420000, 0.009249
0.420000, 0.009247
0.420000, 0.009245
0.420000, 0.009243
0.420000, 0.009241
0.420000, 0.009237
0.420000, 0.009235
0.420000, 0.009233
0.420000, 0.009229
0.420000, 0.009227
0.420000, 0.009223
0.420000, 0.009221
0.420000, 0.009219
0.420000, 0.009217
0.420000, 0.009215
0.420000, 0.009213
0.420000, 0.009211
0.420000, 0.009209
0.420000, 0.009206
0.420000, 0.009204
0.420000, 0.009200
0.420000, 0.009198
0.420000, 0.009194
0.420000, 0.009192
0.420000, 0.009190
0.420000, 0.009188
0.420000, 0.009186
0.420000, 0.009184
0.420000, 0.009182
0.420000, 0.009180
0.420000, 0.009178
0.420000, 0.009176
0.430000, 0.009393
0.430000, 0.009391
0.430000, 0.009389
0.430000, 0.009387
0.430000, 0.009385
0.430000, 0.009383
0.430000, 0.009380
0.430000, 0.009378
0.430000, 0.009376
0.430000, 0.009372
0.430000, 0.009370
0.430000, 0.009368
0.430000, 0.009366
0.430000, 0.009364
0.430000, 0.009362
0.430000, 0.009360
0.430000, 0.009358
0.430000, 0.009356
0.430000, 0.009354
0.430000, 0.009352
0.430000, 0.009350
0.430000, 0.009348
0.440000, 0.009563
0.440000, 0.009561
0.440000, 0.009559
0.440000, 0.009557
0.440000, 0.009555
0.440000, 0.009553
0.440000, 0.009551
0.440000, 0.009549
0.440000, 0.009547
0.440000, 0.009544
0.440000, 0.009542
0.440000, 0.009540
0.440000, 0.009538
0.440000, 0.009536
0.440000, 0.009534
0.440000, 0.009532
0.440000, 0.009530
0.440000, 0.009528
0.440000, 0.009526
0.440000, 0.009524
0.440000, 0.009522
0.440000, 0.009520
0.440000, 0.009518
0.440000, 0.009516
0.440000, 0.009514
0.440000, 0.009511
0.440000, 0.009507
0.440000, 0.009505
0.440000, 0.009503
0.440000, 0.009501
0.440000, 0.009499
0.450000, 0.009713
0.450000, 0.009711
0.450000, 0.009709
0.450000, 0.009707
0.450000, 0.009705
0.450000, 0.009700
0.450000, 0.009698
0.450000, 0.009696
0.450000, 0.009694
0.450000, 0.009692
0.450000, 0.009690
0.450000, 0.009688
0.450000, 0.009686
0.450000, 0.009684
0.450000, 0.009682
0.450000, 0.009680
0.450000, 0.009677
0.450000, 0.009675
0.450000, 0.009673
0.450000, 0.009671
0.450000, 0.009669
0.450000, 0.009667
0.450000, 0.009665
0.450000, 0.009663
0.450000, 0.009661
0.450000, 0.009659
0.450000, 0.009657
0.450000, 0.009655
0.450000, 0.009653
0.450000, 0.009650
0.450000, 0.009648
0.450000, 0.009646
0.450000, 0.009644
0.450000, 0.009642
0.450000, 0.009640
0.450000, 0.009638
0.450000, 0.009636
0.450000, 0.009634
0.450000, 0.009632
0.450000, 0.009630
0.450000, 0.009628
0.450000, 0.009626
0.450000, 0.009624
0.450000, 0.009622
0.450000, 0.009619
0.450000, 0.009617
0.450000, 0.009615
0.450000, 0.009613
0.450000, 0.009611
0.450000, 0.009609
0.450000, 0.009607
0.450000, 0.009605
0.450000, 0.009603
0.450000, 0.009601
0.450000, 0.009599
0.450000, 0.009597
0.450000, 0.009595
0.450000, 0.009593
0.450000, 0.009591
0.450000, 0.009589
0.450000, 0.009587
0.450000, 0.009585
0.450000, 0.009583
0.450000, 0.009581
0.450000, 0.009579
0.450000, 0.009577
0.450000, 0.009574
0.450000, 0.009572
0.450000, 0.009570
0.450000, 0.009568
0.450000, 0.009566
0.450000, 0.009562
0.450000, 0.009560
0.450000, 0.009558
0.450000, 0.009556
0.450000, 0.009554
0.450000, 0.009552
0.450000, 0.009550
0.450000, 0.009548
0.450000, 0.009546
0.450000, 0.009544
0.450000, 0.009542
0.450000, 0.009540
0.450000, 0.009538
0.450000, 0.009536
0.450000, 0.009534
0.450000, 0.009532
0.450000, 0.009530
0.460000, 0.009740
0.460000, 0.009738
0.460000, 0.009735
0.460000, 0.009733
0.460000, 0.009731
0.460000, 0.009727
0.460000, 0.009725
0.460000, 0.009723
0.460000, 0.009721
0.460000, 0.009719
0.460000, 0.009717
0.460000, 0.009715
0.460000, 0.009713
0.460000, 0.009711
0.460000, 0.009709
0.460000, 0.009707
0.460000, 0.009705
0.460000, 0.009703
0.460000, 0.009701
0.460000, 0.009699
0.460000, 0.009696
0.460000, 0.009694
0.460000, 0.009692
0.460000, 0.009690
0.460000, 0.009688
0.460000, 0.009686
0.460000, 0.009684
0.460000, 0.009682
0.460000, 0.009680
0.460000, 0.009678
0.460000, 0.009676
0.460000, 0.009674
0.460000, 0.009672
0.460000, 0.009670
0.460000, 0.009668
0.460000, 0.009666
0.460000, 0.009664
0.460000, 0.009662
0.460000, 0.009660
0.460000, 0.009658
0.460000, 0.009656
0.460000, 0.009654
0.460000, 0.009652
0.460000, 0.009650
0.460000, 0.009648
0.460000, 0.009646
0.460000, 0.009644
0.460000, 0.009642
0.460000, 0.009640
0.460000, 0.009638
0.460000, 0.009636
0.460000, 0.009634
0.460000, 0.009631
0.470000, 0.009839
0.470000, 0.009837
0.470000, 0.009835
0.470000, 0.009833
0.470000, 0.009831
0.470000, 0.009829
0.470000, 0.009826
0.470000, 0.009824
0.470000, 0.009822
0.470000, 0.009820
0.470000, 0.009818
0.470000, 0.009814
0.470000, 0.009812
0.470000, 0.009810
0.470000, 0.009808
0.470000, 0.009806
0.470000, 0.009804
0.470000, 0.009802
0.470000, 0.009800
0.470000, 0.009798
0.470000, 0.009796
0.470000, 0.009794
0.470000, 0.009792
0.470000, 0.009790
0.470000, 0.009788
0.470000, 0.009786
0.470000, 0.009784
0.470000, 0.009781
0.470000, 0.009779
0.470000, 0.009777
0.470000, 0.009775
0.470000, 0.009773
0.470000, 0.009771
0.470000, 0.009769
0.470000, 0.009767
0.470000, 0.009765
0.470000, 0.009763
0.470000, 0.009761
0.470000, 0.009759
0.470000, 0.009757
0.470000, 0.009755
0.470000, 0.009753
0.470000, 0.009751
0.470000, 0.009749
0.470000, 0.009747
0.470000, 0.009745
0.470000, 0.009743
0.470000, 0.009741
0.470000, 0.009739
0.470000, 0.009737
0.470000, 0.009735
0.470000, 0.009733
0.470000, 0.009731
0.470000, 0.009729
0.470000, 0.009727
0.470000, 0.009725
0.470000, 0.009723
0.470000, 0.009721
0.470000, 0.009719
0.480000, 0.009924
0.480000, 0.009921
0.480000, 0.009919
0.480000, 0.009917
0.480000, 0.009915
0.480000, 0.009913
0.480000, 0.009911
0.480000, 0.009909
0.480000, 0.009907
0.480000, 0.009905
0.480000, 0.009903
0.480000, 0.009901
0.480000, 0.009899
0.480000, 0.009897
0.480000, 0.009895
0.480000, 0.009893
0.480000, 0.009891
0.480000, 0.009889
0.480000, 0.009887
0.480000, 0.009885
0.480000, 0.009883
0.480000, 0.009881
0.480000, 0.009879
0.480000, 0.009877
0.480000, 0.009875
0.480000, 0.009872
0.480000, 0.009870
0.480000, 0.009868
0.480000, 0.009866
0.480000, 0.009864
0.480000, 0.009862
0.480000, 0.009860
0.480000, 0.009858
0.480000, 0.009856
0.480000, 0.009854
0.480000, 0.009852
0.480000, 0.009848
0.480000, 0.009846
0.480000, 0.009842
0.480000, 0.009838
0.480000, 0.009836
0.480000, 0.009834
0.480000, 0.009832
0.480000, 0.009830
0.480000, 0.009828
0.480000, 0.009826
0.480000, 0.009822
0.480000, 0.009818
0.480000, 0.009816
0.480000, 0.009814
0.480000, 0.009812
0.480000, 0.009810
0.480000, 0.009808
0.480000, 0.009806
0.480000, 0.009804
0.480000, 0.009802
0.480000, 0.009800
0.480000, 0.009798
0.480000, 0.009796
0.480000, 0.009794
0.480000, 0.009792
0.480000, 0.009790
0.480000, 0.009788
0.480000, 0.009786
0.480000, 0.009784
0.480000, 0.009782
0.480000, 0.009780
0.480000, 0.009778
0.480000, 0.009776
0.480000, 0.009774
0.480000, 0.009772
0.480000, 0.009770
0.480000, 0.009768
0.480000, 0.009766
0.480000, 0.009764
0.480000, 0.009762
0.480000, 0.009760
0.480000, 0.009758
0.480000, 0.009756
0.480000, 0.009754
0.480000, 0.009752
0.480000, 0.009750
0.480000, 0.009748
0.480000, 0.009746
0.480000, 0.009744
0.480000, 0.009742
0.480000, 0.009740
0.480000, 0.009738
0.480000, 0.009734
0.480000, 0.009732
0.480000, 0.009726
0.480000, 0.009724
0.480000, 0.009723
0.480000, 0.009721
0.480000, 0.009719
0.480000, 0.009717
0.480000, 0.009715
0.480000, 0.009713
0.480000, 0.009711
0.480000, 0.009709
0.480000, 0.009707
0.480000, 0.009705
0.480000, 0.009703
0.480000, 0.009701
0.480000, 0.009699
0.480000, 0.009697
0.480000, 0.009695
0.480000, 0.009693
0.480000, 0.009691
0.480000, 0.009689
0.480000, 0.009687
0.480000, 0.009685
0.480000, 0.009683
0.480000, 0.009681
0.480000, 0.009679
0.480000, 0.009677
0.480000, 0.009675
0.480000, 0.009674
0.480000, 0.009672
0.480000, 0.009670
0.480000, 0.009668
0.480000, 0.009666
0.480000, 0.009664
0.480000, 0.009662
0.480000, 0.009660
0.480000, 0.009654
0.480000, 0.009652
0.480000, 0.009650
0.480000, 0.009648
0.480000, 0.009646
0.480000, 0.009644
0.480000, 0.009642
0.480000, 0.009640
0.480000, 0.009639
0.480000, 0.009637
0.480000, 0.009635
0.480000, 0.009633
0.480000, 0.009631
0.480000, 0.009627
0.480000, 0.009623
0.480000, 0.009621
0.480000, 0.009619
0.480000, 0.009617
0.480000, 0.009615
0.480000, 0.009613
0.480000, 0.009612
0.480000, 0.009610
0.480000, 0.009608
0.480000, 0.009606
0.480000, 0.009604
0.480000, 0.009602
0.480000, 0.009600
0.480000, 0.009594
0.480000, 0.009585
0.480000, 0.009581
0.480000, 0.009577
0.540000, 0.010761
0.540000, 0.010759
0.540000, 0.010757
0.540000, 0.010755
0.540000, 0.010753
0.540000, 0.010751
0.540000, 0.010748
0.540000, 0.010746
1.000000, 0.019720
