# Cluster: Outlier
# Cluster name: Outlier
# Cluster noise flag: false
# Cluster size: 59
ID=59 -0.6950586718034355 -1.4545217399575263 -1.0377397205145258 -0.9491725823395564 -1.014386459949842 -1.8760776221338626 -1.0368918909828535 -0.7316747908018808 -1.3191940838630707 -2.0652191329212717 -1.2643629256566467 -0.7117473300782834 -0.12047483314425814 -1.216984792878111 -1.3906968115017677 -1.5820273265331224 -1.0949866398013235 -2.3391355175798423 -1.991024999677501 -1.863269908243078 -1.4087341955305852 -2.4767757148183027 -1.9829682021302932 -2.1170824913538375 0.4633436607984888 -0.024060670809551744 -0.4752634803382129 -0.44210528624190704 -0.49902534241005864 -1.4962024858018177 -2.050925160137082 -2.7989786424595247 -1.636062150104927 -2.6010615148909095 -2.6558669482921635 -3.36098252469344 Outlier sod-outlier=0.14997745523386688
ID=58 -0.12777480146582026 -0.5398323429523982 -0.9154435430559719 -0.9491725823395564 -0.443337967208294 -0.7779257771554017 -0.914008561355943 -0.9471026813584361 -0.42080509109440295 -0.7421292824043689 -0.8965468319731499 -1.2774401770917798 -0.5239482204131728 -1.5232614192115104 -1.2088494195979982 -1.5105353967575037 -0.1964597794085603 -0.7953893297651664 -0.960406387557847 -1.2202592954068616 -0.1764329867036182 -0.5213596773280476 -0.7067967026685646 -0.987695195562534 -0.41623522442464506 -0.8601737515982572 -0.84035728165337 -1.4373816100600618 -0.09235243006276578 -0.644550286281974 -0.8328234995623065 -0.8666853362939861 -0.07502030588178442 -0.6375227650305423 -1.0701758611406242 -0.5755660325801953 Outlier sod-outlier=0.04394961031130717
ID=57 -0.6950586718034355 0.1919191746517042 0.4909624977173998 0.34262110534338275 -1.014386459949842 0.44224293948733256 0.25338307009970595 0.3454646619808953 -0.6658202709404033 -0.020443909395149354 0.5134148604802543 0.5610615757020836 -0.7660322527745216 0.19188768825552563 0.003466526427132387 0.2052709178573438 -0.7682495996585005 0.19260823043622619 0.2520860972888046 0.20865317756250784 -0.7515068841562028 0.21192133673079813 0.569374796793164 0.8475591600983338 -1.2958141096477789 -1.218507929079131 0.25492412229210115 0.6242622035632587 -1.0683674196962687 -0.2795564864877553 0.019847662840036445 0.06367810741534731 -0.48582079120366406 -0.023916905699177548 0.7594677009573054 0.6385898742383985 Outlier sod-outlier=0.04756895514992883
ID=56 -2.6400319415324023 -3.832714172170859 0.7967029413637849 3.7156379565155015 -2.6459535820685507 -3.8283475687622373 0.8063580534208028 3.4332644266248535 -2.3809265298624056 -3.628870774441247 0.5134148604802543 2.8945445696327563 -2.2992311243963974 -3.6671978035453052 0.5490087021384411 3.2079319684333267 -2.565303320444027 -3.882881705394518 0.7977077154697978 3.4951518653920575 -2.312421748670361 -3.821124240592853 0.8124550824049219 3.4592672816157224 -2.095431278032446 -3.5476800827048103 0.25492412229210115 2.401541353238535 -2.12571699179923 -3.9294944844299424 0.5070883270699467 3.498866207265194 -2.3755030236843107 -3.8282732335536394 0.5155152260109148 3.495427302046855 Outlier sod-outlier=0.07545470565192146
ID=55 -2.1537886241001605 -3.527817706502483 1.8362204497614945 3.643871640533116 -1.9117483771151318 -3.523305389601554 1.4822163663688102 3.6486923171814087 -2.1359113500164053 -3.4484494311889424 1.187744365566665 3.1066793872628176 -2.460620479303963 -3.5446871530119455 1.1551666751510064 3.4938996875358015 -2.3202505403369096 -3.5741324678315833 0.8583323397121304 3.4951518653920575 -2.312421748670361 -3.5155904847350006 0.8732251538078614 3.2475071636548534 -2.2553547117093795 -3.607402445618289 1.2285075924658533 3.6100911750177227 -2.288386156738147 -3.6861652845671298 1.2379493234148122 3.4272997885183223 -2.2933429266199346 -3.521470303887957 0.9424320571670984 3.1383226235707977 Outlier sod-outlier=0.04076965757680862
ID=54 -1.1002614363303036 -1.942356085026928 -1.0988878092438028 -0.8774062663571709 -1.0959648160557776 -1.9370860579659992 -1.0983335557963085 -0.8752933845062509 -1.0741789040170704 -2.0652191329212717 -1.0804548788148982 -0.8531705418316575 -1.2502003174972192 -2.1970699971449887 -1.087617824995485 -1.0815838181037918 -1.0133023797656178 -1.9686364325043202 -1.0816556360425122 -1.0773680481099246 -0.9979671259215962 -1.9268149542741684 -1.0714171310862013 -0.7759350776016647 -1.2158523928093121 -2.353232824435231 -1.327149016740246 -0.5842876182159291 -1.2310365846351858 -1.9828608855274426 -1.3200641637922168 -0.8666853362939861 -0.9787813735899197 -1.9874556555595448 -1.0701758611406242 -0.861249775361041 Outlier sod-outlier=0.04562424889408851
ID=53 -1.3433830950464245 -2.7960661888983807 -1.8938129627244042 -2.025667322075339 -1.3406998843735838 -2.608178852119503 -1.8970751983712264 -1.808814243584657 -1.3191940838630707 -2.3057809239243445 -1.6321790193401435 -1.2067285712150928 -1.0888109625896534 -2.503346623478388 -1.6937757980080503 -1.9394869754112156 -1.3400394199084407 -2.7096346026553646 -1.9304003754351684 -1.9347155318915463 -1.3265807816087873 -2.4767757148183027 -1.922198130727354 -1.4112154314842729 -1.5356992601631791 -2.532399913175668 -1.570544884283684 -1.579563942034084 -1.5563749145130201 -2.5911838851844737 -1.5636844959071718 -1.582349523762704 -1.5539020530405512 -2.355619171158364 -1.5580808110334055 -1.575459132313155 Outlier sod-outlier=0.03560361750109905
ID=52 -0.7760992247088092 -1.5764803262248765 -1.282332075431634 -1.164471530286713 -0.7696513916320358 -1.571035442973179 -1.7127502039308606 -1.4497677593237317 -0.7474919975557367 -1.2833933121612835 -1.5095736547789778 -1.1360169653384058 -1.2502003174972192 -2.1970699971449887 -1.5725442034055372 -1.5820273265331224 -1.258355159872735 -1.9686364325043202 -1.566652629981173 -1.577487413649204 -0.7515068841562028 -1.743494700759457 -1.557577702309717 -1.2700420195103599 -1.2158523928093121 -2.174065735694794 -1.7530917849412626 -1.863928605982128 -1.2310365846351858 -2.226190085390255 -1.5636844959071718 -1.0813845925346015 -1.2252616647830474 -2.4169797570915 -1.0701758611406242 -0.5755660325801953 Outlier sod-outlier=0.04608287964528099
ID=51 -2.1537886241001605 -3.527817706502483 1.3470357399272783 3.4285726925859596 -2.1564834454329382 -3.523305389601554 1.3593330367418996 3.2178365360682983 -2.1359113500164053 -3.328168535687406 1.3716524124084135 2.8945445696327563 -2.2992311243963974 -3.6671978035453052 1.7007088508623152 3.2079319684333267 -1.9935135001940867 -3.882881705394518 1.4039539578931237 3.209369370798184 -2.312421748670361 -3.637803987078142 0.8124550824049219 2.894573633720071 -2.095431278032446 -3.726847171445247 1.3502055262375723 3.1835441790956565 -2.12571699179923 -3.625332984601427 0.7507086591849018 2.711635601049604 -2.129022732491183 -3.521470303887957 0.7594677009573054 2.709797009399529 Outlier sod-outlier=0.03940761305134692
ID=50 -0.5329775659926883 -1.7594182056259022 0.0017777878831835969 0.8449853172200813 -1.3406998843735838 -2.3641451087909564 0.49914972935352675 1.9252691927289671 -1.8908961701704048 -3.2680280879366372 1.3716524124084135 3.177390993139505 -1.8957577371274825 -3.3609211772119063 1.8219404454648283 3.636883547087039 -2.156882020265498 -3.5741324678315833 1.8283263275894517 3.9238256072828683 -2.4767285765139566 -3.637803987078142 1.8455462962548927 3.8827875175374613 -2.2553547117093795 -3.428235356877852 1.7761482944385887 4.463185166861855 -2.288386156738147 -3.6861652845671298 1.7860950706734613 4.286096813480784 -2.2933429266199346 -3.521470303887957 1.4913251257964772 3.7811110448277003 Outlier sod-outlier=0.10444504213976329
ID=49 -1.2623425421410508 -2.613128309497355 -1.5880725190780192 -1.0927052143043274 -1.58543495269139 -2.608178852119503 -1.5898668743039504 -0.8752933845062509 -1.564209263709071 -2.365921371675113 -1.5708763370595606 -0.8531705418316575 -1.330894994951002 -2.3195806476783485 -1.754391595309307 -1.2245676776550292 -1.3400394199084407 -2.5243850601176034 -1.991024999677501 -1.2202592954068616 -1.5730410233741807 -2.4767757148183027 -1.9829682021302932 -0.9171084895755776 -1.3757758264862456 -2.592122276089147 -1.813940751827122 -1.2951992780860397 -1.719044079451937 -2.652016185150177 -1.807304828022127 -0.938251755040858 -1.718222247169303 -2.6624221008240463 -1.802033285979796 -0.9326707110562524 Outlier sod-outlier=0.052725379300204385
ID=48 0.43950906887179503 0.008981295250678584 -0.4262588332217556 -0.3032757384980868 0.4540239499569958 -0.22884985466617128 -0.1767085835944805 -0.013581822280030057 0.4775839016742648 -0.20086525264745425 -0.40612537372848756 -0.28747769481816104 0.2829985541246565 -0.42066556441127295 -0.6026914465854329 -0.5811403096744613 0.29364578080567416 -0.4248902446896442 -0.5966586421038516 -0.2914661879767715 0.6451011525143597 -0.15471917029862473 -0.34217627425092784 -0.2818281356929695 0.3034202271215554 -0.26295012246346755 -0.7795083147675105 -0.44210528624190704 0.3143204822845271 -0.2795564864877553 -0.5282980844186126 -0.1510211488252681 0.6644205676975989 -0.023916905699177548 -0.21634219882825706 -0.14704041840892693 Outlier sod-outlier=0.040157412268778746
ID=47 1.5740768095470257 0.9846499853894818 0.857851030093062 0.7014526852553102 1.5961209354400918 0.6862766828158794 0.6220330589804371 0.4172739588330804 1.6209880742889329 0.460679672610997 0.08429608451617479 0.20750354631864834 0.767166618847354 0.008121712455486062 -0.1783808654766372 -0.29517259057198675 0.45701430087708567 -0.23964070215188307 -0.6572832663461842 -0.5058030589221769 -0.1764329867036182 -0.46025292615647706 -1.0714171310862013 -1.0582819015494904 -0.9759672422939121 -1.3379526549060887 -1.9964876524847006 -1.863928605982128 -0.98703283722681 -1.5570347857675209 -1.9900200771083434 -1.653915942509576 -0.6501409853324159 -1.3738497962281802 -1.7410451672431984 -1.6468800680083664 Outlier sod-outlier=0.076003866487217
ID=46 0.5205496217771686 -0.05199799788299662 -0.4262588332217556 -0.6621073184100144 0.5356023060629312 -0.04582454716976114 -0.23815024840793572 -0.6598654939496957 0.2325687218282645 -0.020443909395149354 -0.40612537372848756 -0.6410357242015963 0.12160919921709065 -0.2981549138779132 -0.7239230411879459 -0.438156450123224 0.45701430087708567 -0.3013905496644701 -0.23291089664985606 -0.7201399298675824 0.4807943246707641 -0.03250566795548377 -0.7067967026685646 -0.7053483716147082 0.2234585102830887 -0.20322775954998862 -0.5969614141099319 -0.5842876182159291 0.5583242296929027 -0.21872418652205214 -0.40648791836113507 -0.8666853362939861 0.5822604706332231 0.22152543803336835 -0.39930655503805 -0.5755660325801953 Outlier sod-outlier=0.03767161838679228
ID=45 0.19638741015567418 -0.2349358772840222 -0.6097030994095867 -0.5903410024276289 0.20928888163918946 -0.04582454716976114 -0.1767085835944805 -0.5880561970975107 0.5592556282895982 -0.20086525264745425 -0.16091464460615637 -0.5703241183249093 0.12160919921709065 -0.23689958861123336 -0.4208440546816633 -0.5096483798988427 0.45701430087708567 -0.23964070215188307 -0.17228627240752348 -0.7915855535160508 0.4807943246707641 0.028601083216086703 -0.15986606004210946 -0.49358825365383885 -0.016426640232311465 -0.14350539663650966 -0.3535655465664939 -0.5842876182159291 0.3143204822845271 -0.15789188655634903 -0.34558283533239625 -0.5804196613064989 0.6644205676975989 0.16016485210023187 -0.33831843630145236 -0.5755660325801953 Outlier sod-outlier=0.034330399583279825
ID=44 -1.424423647951798 -2.4911697232300045 -1.5880725190780192 -0.9491725823395564 -1.4222782404795191 -2.66918728795164 -1.8356335335577711 -1.3061491656193616 -1.727552716939738 -2.6064831626781864 -1.8160870661818918 -0.9238821477083445 -1.0888109625896534 -2.1970699971449887 -1.4513126088030244 -1.010091888328173 -1.0949866398013235 -2.4008853650924293 -1.4454033814965077 -0.7201399298675824 -1.3265807816087873 -2.5989892171614435 -1.6183477737126566 -0.7053483716147082 -0.7360820917785119 -1.6962868323869624 -1.692242818055403 -1.4373816100600618 -0.7430290898184343 -1.5570347857675209 -1.6854946619646496 -1.1529510112814734 -1.0609414706542957 -2.1101768274258177 -1.4970926922968077 -1.1469335181418867 Outlier sod-outlier=0.057611751543482116
ID=43 -2.0727480711947868 -3.527817706502483 1.5304800061151094 3.930936904462658 -2.319640157644809 -3.706330697097964 1.5436580311822652 3.4332644266248535 -2.0542396234010716 -3.4484494311889424 1.249047047847248 3.1066793872628176 -2.137841769488831 -3.728453128811985 1.09455087784975 3.2079319684333267 -2.156882020265498 -3.5741324678315833 1.1008308366814608 2.92358687620431 -1.819501265139574 -3.39337698239186 1.1163054394196192 2.894573633720071 -2.2553547117093795 -3.428235356877852 1.1068096586941343 2.8991795151476123 -1.9630478268603129 -3.3211714847729112 1.1161391573573345 2.9263348572902195 -1.9647025383624308 -3.521470303887957 1.1253964133768914 2.9240598164851637 Outlier sod-outlier=0.03788926381058181
ID=42 0.43950906887179503 -0.29591517041769744 -0.9765916317852489 -0.7338736343923998 0.12771052553325404 -0.289858290498308 -0.7296835669155773 -1.018911978210621 0.15089699521293107 -0.2610057003982225 -0.46742805600907034 -0.7117473300782834 0.5250825864860053 -0.053133612811193796 -0.4208440546816633 -0.5811403096744613 0.21196152076996844 -0.05439115961412196 -0.4147847693768538 -0.8630311771645193 0.562947738592562 -0.2158259214701952 -0.4029463456538673 -0.8465217835886212 0.4633436607984888 0.03566169210392721 -0.17101864590891538 -0.5131964522289181 0.4769896472234442 -0.21872418652205214 -0.40648791836113507 -0.5088532425596272 0.8287407618263508 0.03744368023395893 -0.39930655503805 -0.504145096884984 Outlier sod-outlier=0.03889575099082816
ID=41 -0.4519370130873147 -1.4545217399575263 -0.6708511881388637 -0.08797679055093031 -0.443337967208294 -1.4490185713089057 -0.6682419021021222 -0.37262830654095547 -0.42080509109440295 -1.163112416659747 -0.8965468319731499 -0.6410357242015963 -0.20116951059804106 -1.5232614192115104 -0.7239230411879459 -0.15218873102074942 -0.5231968195513833 -1.2893881098658628 -0.7179078905885168 -0.1485749406798345 -0.5050466423908094 -1.2546406913868933 -0.4637164170568068 -0.4230015476668824 -0.09638835707077818 -0.8601737515982572 -0.4144145134523534 -0.08664945630685181 -0.09235243006276578 -1.131208686007599 -0.40648791836113507 -0.0794547300783963 -0.4036606941392881 -1.1284074524956342 -0.582270911247843 -0.3613032254945612 Outlier sod-outlier=0.05369039692601469
ID=40 -0.7760992247088092 -0.2349358772840222 0.30751823152956875 0.1990884733786117 -0.443337967208294 -0.47288359799471813 0.31482473491316115 0.991748333650561 -0.42080509109440295 -0.20086525264745425 0.63602022504142 1.2681776344689542 -1.8150630596736996 -1.7682827202782299 -0.1783808654766372 0.7057144262866744 -0.7682495996585005 -0.48664009220223126 -0.17228627240752348 -0.005683693382897567 -0.1764329867036182 -0.2158259214701952 0.32629451118140623 0.4946256301635515 -1.5356992601631791 -2.174065735694794 -0.11016967902305588 0.7664445355372808 -1.2310365846351858 -1.131208686007599 -0.8328234995623065 -0.5804196613064989 -0.6501409853324159 -0.3920804212979964 -0.09436596135506174 -0.07561948271371553 Outlier sod-outlier=0.08240560607601768
ID=39 -1.3433830950464245 -2.1252939644279536 -1.7715167852658502 -0.9491725823395564 -1.3406998843735838 -1.8760776221338626 -1.774191868744316 -0.9471026813584361 -0.992507177401737 -1.6442359986658934 -1.5095736547789778 -0.9238821477083445 -1.9764524145812654 -2.6871125992784277 -1.996854784514333 -0.65263223945008 -1.7484607200869695 -2.3391355175798423 -1.991024999677501 -1.29170491905533 -1.080120539843394 -1.865708203102598 -1.800657987921475 -1.2700420195103599 -1.855546127517046 -2.7115670019161047 -1.8747897187129816 -1.0108346141379954 -1.6377094969824786 -2.3478546853216615 -1.6245895789359108 -1.0098181737877296 -1.0609414706542957 -1.9260950696264083 -1.6190689297700032 -1.218354453837098 Outlier sod-outlier=0.06293100729172874
ID=38 -1.3433830950464245 -2.308231843828979 0.4909624977173998 1.634414793026322 -1.3406998843735838 -2.3031366729588196 0.25338307009970595 0.8481297399461909 -1.564209263709071 -2.786904505930491 0.8199282718831683 2.399563328495947 -2.2992311243963974 -3.5446871530119455 1.3976298643560325 3.4938996875358015 -1.9935135001940867 -3.388882925293822 1.1008308366814608 2.92358687620431 -1.7373478512177762 -2.8434162218477255 0.8124550824049219 1.6945996319418113 -2.3353164285478463 -3.5476800827048103 1.3502055262375723 3.752273506991745 -2.12571699179923 -3.807829884498536 1.6642849046159836 3.9998311384932967 -2.129022732491183 -3.6441914757542295 1.369348888323282 3.995373851913335 Outlier sod-outlier=0.07435574280870995
ID=37 -2.0727480711947868 -3.7107555859035086 1.8973685384907715 4.433301116339357 -2.319640157644809 -3.706330697097964 1.9123080200629965 4.438594582555445 -2.0542396234010716 -3.628870774441247 1.9233765529336586 4.167353475413123 -1.8150630596736996 -3.2384105266785466 1.09455087784975 3.7083754768626576 -2.4019348003726155 -3.882881705394518 2.0102002003164494 4.4953905964706165 -2.148114920826765 -3.698910738249712 2.027856510463711 4.165134341485287 -0.7360820917785119 -1.9948986469543573 0.25492412229210115 1.4062650294203802 -1.9630478268603129 -3.5036683846700205 1.7251899876447223 4.071397557240168 -2.2933429266199346 -3.6441914757542295 1.7352776007428679 4.352478530389392 Outlier sod-outlier=0.12053904006042308
ID=36 0.5205496217771686 -0.2349358772840222 -0.6097030994095867 -0.5903410024276289 0.5356023060629312 -0.22884985466617128 -0.42247524284830135 -0.5880561970975107 -0.09411818463306924 -0.44142704365052743 -0.8352441496925671 -0.8531705418316575 0.44438790903222236 -0.23689958861123336 -0.6633072438866894 -0.7956160990013172 0.45701430087708567 -0.23964070215188307 -0.6572832663461842 -0.5058030589221769 0.4807943246707641 -0.2158259214701952 -0.4029463456538673 -0.49358825365383885 0.6232670944754223 -0.38239484829042547 -0.84035728165337 -0.8686522821639734 0.3143204822845271 -0.4012210864191615 -0.5892031674473514 -0.8666853362939861 0.6644205676975989 -0.1466380775654505 -0.33831843630145236 -0.5755660325801953 Outlier sod-outlier=0.031394687965704465
ID=35 -0.5329775659926883 -0.783749515487099 -0.2428145670339245 0.34262110534338275 -0.7696513916320358 -1.2659932638124953 0.25338307009970595 0.8481297399461909 -1.0741789040170704 -1.4638146554135885 0.2682041313579232 1.1267544227155801 -0.44325354295938985 -0.23689958861123336 0.30654551293341503 0.4197467071841997 -0.7682495996585005 -1.1658884148406887 -0.17228627240752348 0.4229900485079133 -1.080120539843394 -1.3157474425584637 0.32629451118140623 0.9887325720722467 -0.1763500739092449 0.03566169210392721 0.6200179236072582 0.19771520764119238 -0.98703283722681 -1.0095440860761926 0.08075274586877523 0.2068109449090909 -0.9787813735899197 -1.0056862806293612 0.08859839485473123 0.2100642600671301 Outlier sod-outlier=0.057158976150272774
ID=34 -0.12777480146582026 -0.783749515487099 -0.4262588332217556 -0.6621073184100144 -0.443337967208294 -1.4490185713089057 -0.6682419021021222 -0.37262830654095547 -0.7474919975557367 -1.8246573419181982 -0.40612537372848756 -0.07534287718809989 -0.5239482204131728 -1.0332188170780716 -0.7239230411879459 -0.7241241692256986 -0.1964597794085603 -0.7953893297651664 -0.7179078905885168 -0.4343574352737084 -0.1764329867036182 -0.7657866820143294 -0.7067967026685646 -0.4230015476668824 -0.09638835707077818 -0.8601737515982572 -0.5969614141099319 -0.5842876182159291 -0.09235243006276578 -0.644550286281974 -0.5892031674473514 -0.3657204050658835 -0.07502030588178442 -0.4534410072311329 -0.39930655503805 -0.3613032254945612 Outlier sod-outlier=0.0377467072027444
ID=33 -1.1002614363303036 -1.698438912492227 -1.4046282528901881 -0.6621073184100144 -1.4222782404795191 -1.6930523146374523 -1.1597752206097638 -0.9471026813584361 -0.42080509109440295 -1.6442359986658934 -0.8965468319731499 -0.9238821477083445 0.12160919921709065 -0.5431762149446326 -0.48145985198291985 -0.438156450123224 -0.7682495996585005 -1.5363874999162108 -1.2029048845271775 -0.7201399298675824 -1.080120539843394 -1.743494700759457 -1.6183477737126566 -0.987695195562534 0.2234585102830887 -0.20322775954998862 -0.17101864590891538 -0.08664945630685181 0.23298589981506848 -0.644550286281974 -0.8328234995623065 -0.3657204050658835 -0.7323010823967919 -1.5579315540275895 -1.2531402173504171 -0.861249775361041 Outlier sod-outlier=0.061679503975891475
ID=32 1.5740768095470257 1.2285671579241826 0.857851030093062 0.7014526852553102 1.1882291549104147 0.6862766828158794 0.31482473491316115 0.20184606827652518 0.5592556282895982 -0.20086525264745425 -0.40612537372848756 -0.5703241183249093 1.3320293610238345 0.8656962661890041 0.6096244994396977 0.2052709178573438 0.7837513410199086 0.31610792546140026 0.07021222456180684 -0.005683693382897567 0.4807943246707641 -0.2158259214701952 -0.15986606004210946 -0.49358825365383885 0.9431139618292892 0.39399586958480093 0.13322618852038215 -0.08664945630685181 0.6396588121623613 0.38959881313497907 -0.34558283533239625 -0.5804196613064989 0.33578017944009525 -0.3920804212979964 -0.33831843630145236 -0.861249775361041 Outlier sod-outlier=0.039147332043690926
ID=31 -1.7485858595732926 -2.857045482032056 0.2463701428002917 2.2803116368677916 -2.319640157644809 -3.8283475687622373 1.727983025622631 4.725831769964185 -2.544269983093072 -3.8694325654443205 2.107284599775407 4.662334716549933 -1.330894994951002 -2.625857274011748 -0.9663862303929721 -0.7241241692256986 -1.6667764600512638 -3.0183838402183 0.2520860972888046 1.423228779586472 -2.148114920826765 -3.821124240592853 1.0555353680166797 3.7416141055635483 -1.0559289591323788 -2.233788098608273 -1.083753149196808 -0.5842876182159291 -1.0683674196962687 -2.652016185150177 -0.5892031674473514 0.7077758761371935 -1.636062150104927 -3.3373885460885475 0.6374914634841101 2.5669551380091065 Outlier sod-outlier=0.15759448030294868
ID=30 0.2774279630610478 -0.9057081017544494 0.12407396534173766 0.1990884733786117 -1.58543495269139 -3.1572547746087336 0.9292413830477132 2.5715528643986327 -2.299254803247072 -3.749151669942784 1.555560459250162 3.8845070519063754 0.6057772639397883 0.19188768825552563 0.003466526427132387 -0.438156450123224 -0.6865653396227948 -1.721637042453972 0.2520860972888046 1.137446284992598 -2.148114920826765 -3.39337698239186 1.359385725031377 4.165134341485287 0.9431139618292892 0.21482878084436408 -0.23186761279477489 -0.08664945630685181 -0.09235243006276578 -0.5228856863505678 -0.40648791836113507 -0.0794547300783963 -1.3895818589117994 -2.4783403430246365 0.8204558196939031 1.9955876524474152 Outlier sod-outlier=0.12140138881091102
ID=29 -1.1002614363303036 -2.308231843828979 -2.2607014951000663 -2.743330481899194 -1.4222782404795191 -2.3031366729588196 -2.2657251872519577 -2.455097915254323 -1.0741789040170704 -2.426061819425881 -1.9999951130236402 -2.408825871118773 -1.0888109625896534 -2.3808359729450284 -2.0574705818155894 -2.582914343391783 -1.0949866398013235 -2.215635822554668 -2.294148120889164 -2.577726144727763 -1.080120539843394 -2.354562212475162 -2.2868185591449905 -2.540602727275576 -1.2958141096477789 -2.41295518734871 -1.935638685598841 -1.935019771969139 -1.3123711671046443 -2.287022385355958 -1.6854946619646496 -2.22644729248455 -1.3074217618474233 -2.4783403430246365 -2.2899382358725773 -2.5039312963509035 Outlier sod-outlier=0.11792749779036038
ID=28 -1.9106669653840398 -2.4911697232300045 0.06292587661246063 1.4908821610615508 -1.3406998843735838 -1.143976392148222 -0.1767085835944805 -0.08539111913221513 -0.7474919975557367 -0.20086525264745425 0.329506813638506 0.20750354631864834 -2.2992311243963974 -3.850963779345345 0.8520876886447237 3.7798674066382763 -2.0751977602297926 -3.388882925293822 0.8583323397121304 2.9950324998527784 -1.819501265139574 -1.743494700759457 -0.15986606004210946 0.7063857481244209 -2.0154695611939792 -3.2490682681374152 0.37662205606382015 3.112453013108645 -1.8003786619213957 -2.9561776849786927 -0.10196250321744113 2.067537832327758 -1.5539020530405512 -2.2328979992920908 -0.09436596135506174 0.7814317456288213 Outlier sod-outlier=0.13193506501289323
ID=27 0.6015901746825423 -0.29591517041769744 -0.5485550106803097 -0.9491725823395564 -0.36175961110235855 -1.2659932638124953 -1.528425209490495 -1.5215770561759168 -0.992507177401737 -2.0652191329212717 -2.42911388898772 -2.4795374769954597 0.20230387667087357 -1.0332188170780716 -1.5725442034055372 -1.5820273265331224 -0.7682495996585005 -1.9068865849917331 -2.233523496646831 -2.7206173920246997 -1.4087341955305852 -2.4767757148183027 -3.0160594159802643 -3.599403317079923 -0.1763500739092449 -0.7407290257712992 -1.205451082968527 -1.2241081120990285 -0.7430290898184343 -1.4962024858018177 -1.8682099110508659 -2.011748036243935 -1.0609414706542957 -2.1715374133589544 -2.2899382358725773 -2.289668489265269 Outlier sod-outlier=0.1281738348573953
ID=26 -1.3433830950464245 -2.4911697232300045 -1.282332075431634 -0.37504205448047234 -1.9117483771151318 -2.3031366729588196 -0.8525668965424877 -0.37262830654095547 -1.6458809903244045 -2.2456404761735764 -1.2643629256566467 -0.3581893006948481 -1.572979027312351 -2.3808359729450284 -1.087617824995485 -0.5096483798988427 -1.8301449801226752 -2.4008853650924293 -1.3241541330118425 -0.7915855535160508 -1.5730410233741807 -2.354562212475162 -1.557577702309717 -0.7759350776016647 -1.5356992601631791 -2.174065735694794 -1.570544884283684 -1.650655108021095 -1.2310365846351858 -2.226190085390255 -1.5636844959071718 -1.3676502675220887 -1.5539020530405512 -2.2328979992920908 -1.0701758611406242 -1.3611963252275208 Outlier sod-outlier=0.05890411524620762
ID=25 -0.12777480146582026 -1.7594182056259022 -0.8542954543266948 -0.37504205448047234 -1.0959648160557776 -2.3031366729588196 -1.0983335557963085 -0.37262830654095547 -1.0741789040170704 -2.2456404761735764 -1.2643629256566467 -0.5703241183249093 -0.44325354295938985 -1.5232614192115104 -0.4208440546816633 -0.00920487146951214 -1.0133023797656178 -1.9686364325043202 -0.8997817633155145 -0.005683693382897567 -0.9979671259215962 -2.1712419589604504 -0.889106916877383 5.186882548563154E-4 -0.33627350758617836 -1.099063203252173 -0.5969614141099319 -0.08664945630685181 -0.6616945073489757 -1.5570347857675209 -0.5892031674473514 -0.0794547300783963 -0.9787813735899197 -2.2328979992920908 -1.0701758611406242 -0.28988228979934977 Outlier sod-outlier=0.10866906294008537
ID=24 0.2774279630610478 -0.173956584150347 -0.12051838957537046 -0.08797679055093031 -0.36175961110235855 -1.143976392148222 -0.6068002372886669 -0.08539111913221513 -0.6658202709404033 -1.5239551031643568 -0.5900334205702359 -0.07534287718809989 0.6057772639397883 0.19188768825552563 0.003466526427132387 0.06228705830610651 0.29364578080567416 -0.5483899397148183 -0.23291089664985606 0.06576193026557091 -0.3407398145472138 -1.0102136867006113 -1.010647059683262 0.07110539424181277 0.2234585102830887 -0.26295012246346755 -0.23186761279477489 -0.371014120254896 0.5583242296929027 -0.03622728662494279 -0.22377266927491868 -0.0794547300783963 0.5822604706332231 -0.023916905699177548 -0.21634219882825706 -0.3613032254945612 Outlier sod-outlier=0.055246664927627316
ID=23 -1.2623425421410508 -2.2472525506953036 -2.0161091401829583 -2.16919995404011 -1.2591215282676484 -2.242128237126683 -1.774191868744316 -1.880623540436842 -1.2375223572477374 -2.185500028422808 -1.5708763370595606 -1.0653053594617186 -1.572979027312351 -2.503346623478388 -1.996854784514333 -2.010978905186834 -1.585092200015558 -2.3391355175798423 -1.7485265027081707 -2.0061611555400147 -1.5730410233741807 -2.4767757148183027 -1.4968076309067777 -1.1994553135234034 -1.0559289591323788 -2.592122276089147 -1.570544884283684 -1.863928605982128 -1.393705749574103 -2.652016185150177 -1.807304828022127 -1.8686151987501913 -1.3895818589117994 -2.4783403430246365 -1.3751164548236126 -0.9326707110562524 Outlier sod-outlier=0.041896343467934104
ID=22 -1.2623425421410508 -2.186273257561629 -1.5880725190780192 -1.308004162251484 -1.2591215282676484 -1.9370860579659992 -1.5898668743039504 -1.5933863530281018 -1.2375223572477374 -2.3057809239243445 -1.9999951130236402 -2.0552678417353376 -1.2502003174972192 -2.2583253224116686 -1.5725442034055372 -1.3675515372062663 -1.258355159872735 -2.2773856700672552 -1.3241541330118425 -1.0773680481099246 -1.2444273676869895 -2.2323487101320207 -1.9829682021302932 -1.8347356674060116 -1.5356992601631791 -2.592122276089147 -1.9964876524847006 -1.721746274008106 -1.3123711671046443 -2.287022385355958 -1.259159080763478 -1.2245174300283452 -1.3074217618474233 -2.294258585225227 -1.2531402173504171 -1.218354453837098 Outlier sod-outlier=0.036314376979423996
ID=21 -1.424423647951798 -2.308231843828979 -0.9154435430559719 -0.6621073184100144 -1.4222782404795191 -2.4861619804552295 -1.1597752206097638 -0.6598654939496957 -1.0741789040170704 -1.8246573419181982 -1.141757561095481 -0.9238821477083445 -1.330894994951002 -2.3808359729450284 -0.9663862303929721 -0.15218873102074942 -1.6667764600512638 -2.6478847551427775 -0.7179078905885168 -0.1485749406798345 -1.3265807816087873 -2.1712419589604504 -0.7067967026685646 -0.4230015476668824 -1.615660977001646 -2.41295518734871 -1.083753149196808 -0.371014120254896 -1.6377094969824786 -2.287022385355958 -0.5892031674473514 -0.5804196613064989 -1.636062150104927 -2.294258585225227 -1.2531402173504171 -0.861249775361041 Outlier sod-outlier=0.0905403584496813
ID=20 -2.1537886241001605 -3.6497762927698334 1.163591473739447 3.643871640533116 -2.1564834454329382 -3.523305389601554 1.175008042301534 3.6486923171814087 -2.462598256477739 -3.4484494311889424 1.187744365566665 3.601660628399627 -2.460620479303963 -3.728453128811985 1.458245661657289 3.7798674066382763 -2.3202505403369096 -3.5741324678315833 1.1614554609237933 3.7809343599859315 -2.312421748670361 -3.3322702312202894 1.1770755108225588 3.953374223524418 -2.2553547117093795 -3.428235356877852 1.8978462282103077 3.894455838965767 -2.288386156738147 -3.6861652845671298 1.542474738558506 3.9282647197464247 -2.0468626354268067 -3.7055520616873663 1.918241956952661 4.209636658998969 Outlier sod-outlier=0.041912968981471024
ID=19 0.5205496217771686 0.1919191746517042 -0.4262588332217556 -0.37504205448047234 0.5356023060629312 0.1982091961587857 -0.42247524284830135 -0.37262830654095547 -0.09411818463306924 -0.8624101779059056 -0.40612537372848756 -0.07534287718809989 0.44438790903222236 0.008121712455486062 -0.4208440546816633 -0.29517259057198675 0.45701430087708567 -0.23964070215188307 -0.17228627240752348 -0.005683693382897567 0.4807943246707641 -0.2158259214701952 -0.4029463456538673 -0.2818281356929695 0.3034202271215554 -0.38239484829042547 -0.5969614141099319 -0.5842876182159291 0.3143204822845271 -0.4012210864191615 -0.5892031674473514 -0.29415398631901174 0.6644205676975989 -0.1466380775654505 -0.33831843630145236 -0.28988228979934977 Outlier sod-outlier=0.026814871389976815
ID=18 0.43950906887179503 -0.2349358772840222 -0.4262588332217556 -0.3032757384980868 -0.7696513916320358 -1.754060750469589 0.06905807565934032 0.7045111462418208 -2.0542396234010716 -3.2680280879366372 1.187744365566665 3.743083840153001 0.6057772639397883 -0.17564426334455352 -0.36022825738040676 -0.29517259057198675 -0.03309125933714881 -0.6718896347399923 -0.35416014513452126 -0.2914661879767715 -1.2444273676869895 -2.5989892171614435 0.9339952252108009 2.3298799858244195 0.6232670944754223 -0.024060670809551744 -0.23186761279477489 -0.15774062229386285 0.9649971420401956 -0.03622728662494279 -0.22377266927491868 -0.4372868238127553 -0.32150059707491224 -1.4352103821613165 0.027610276118133575 0.3529061314575529 Outlier sod-outlier=0.16841449584190005
ID=17 -2.5589913886270286 -3.527817706502483 0.918999118822339 2.352077952850177 -2.319640157644809 -3.8283475687622373 0.9292413830477132 2.858790051807373 -2.0542396234010716 -3.628870774441247 0.39080949591908876 1.7631588756057635 -2.37992580185018 -3.728453128811985 0.2459297156321585 2.4215207409015216 -2.4019348003726155 -3.882881705394518 0.7977077154697978 2.4234675106650307 -2.3945751625921585 -3.821124240592853 0.5086047253902246 2.400466691811376 -2.2553547117093795 -3.428235356877852 0.25492412229210115 1.6906296933684244 -2.288386156738147 -3.625332984601427 0.5679934100986855 1.7097057385933987 -2.5398232178130624 -3.6441914757542295 0.5765033447475125 2.281271395228261 Outlier sod-outlier=0.0809841526344184
ID=16 -1.424423647951798 -2.308231843828979 -1.4046282528901881 -1.308004162251484 -1.0959648160557776 -2.66918728795164 -1.5898668743039504 -1.880623540436842 -1.4008658104784042 -2.6064831626781864 -1.8160870661818918 -1.8431330241052761 -1.330894994951002 -2.3808359729450284 -1.633160000706794 -1.2245676776550292 -1.0949866398013235 -2.4008853650924293 -0.960406387557847 -1.0059224244614562 -1.3265807816087873 -2.5989892171614435 -1.8614280593244144 -1.4818021374712291 -1.2958141096477789 -2.41295518734871 -1.935638685598841 -1.4373816100600618 -1.3123711671046443 -2.4695192852530674 -1.502779412878433 -0.8666853362939861 -1.636062150104927 -2.4783403430246365 -1.2531402173504171 -0.861249775361041 Outlier sod-outlier=0.04934608132128752
ID=15 -0.7760992247088092 0.1919191746517042 0.0017777878831835969 0.1990884733786117 -0.7696513916320358 0.1982091961587857 0.25338307009970595 0.20184606827652518 -0.7474919975557367 0.22011788160792384 0.5747175427608372 0.8439079992088319 -1.330894994951002 -1.2782401181447909 0.2459297156321585 0.6342224965110557 -1.0949866398013235 -0.3013905496644701 0.009587600319474261 0.06576193026557091 -0.5050466423908094 -0.03250566795548377 0.7516850110019825 0.6357990421374644 -2.095431278032446 -3.428235356877852 0.6200179236072582 3.112453013108645 -1.8817132443908542 -2.4695192852530674 0.08075274586877523 1.4950064823527833 -1.3074217618474233 -1.1284074524956342 -0.15535408009165938 -0.07561948271371553 Outlier sod-outlier=0.05662264278518174
ID=14 1.249914597925531 0.6797535197211058 0.2463701428002917 0.34262110534338275 0.9434940865926084 0.44224293948733256 0.25338307009970595 0.05822747457215502 0.9676142613662654 0.460679672610997 0.2682041313579232 0.06608033456527422 0.5250825864860053 0.19188768825552563 0.003466526427132387 -0.08069680124513079 0.9471198610913202 0.6866070105369225 0.5552092185004676 -0.07712931703136604 1.302328463888742 0.9452023507896438 0.569374796793164 0.21227880621572567 1.1030373955062225 0.7523300470656746 0.25492412229210115 0.055532875667170294 1.1276663069791129 0.5112634130663853 0.5070883270699467 0.3499437824028345 1.1573811500838544 0.7737707114315967 0.5155152260109148 0.6385898742383985 Outlier sod-outlier=0.03070644610096621
ID=13 0.6015901746825423 -0.05199799788299662 -0.5485550106803097 0.0555558414138407 0.9434940865926084 0.1982091961587857 0.007616410845885115 -0.1572004159844002 0.6409273549049317 0.22011788160792384 0.022993402235592 0.06608033456527422 0.20230387667087357 -0.2981549138779132 -0.6633072438866894 -0.65263223945008 0.5386985609127914 -0.05439115961412196 -0.4147847693768538 -0.36291181162523994 0.562947738592562 0.21192133673079813 -0.22063613144504893 -0.352414841679926 -0.49619694126311176 -0.7407290257712992 -1.205451082968527 -1.5084727760470729 0.1516513173456099 -0.7662148862133802 -0.9546336656197841 -1.0098181737877296 0.8287407618263508 -0.26935924943172346 -0.21634219882825706 -0.14704041840892693 Outlier sod-outlier=0.05542304910694081
ID=12 -1.1002614363303036 -1.942356085026928 0.6132586751759539 1.2755832131143943 -1.9117483771151318 -2.85221259544805 1.175008042301534 2.5715528643986327 -2.1359113500164053 -3.2680280879366372 1.187744365566665 3.318814204892879 -2.460620479303963 -3.3609211772119063 1.1551666751510064 3.4938996875358015 -2.3202505403369096 -3.5741324678315833 1.4645785821354562 3.995271230931337 -2.312421748670361 -3.5155904847350006 1.480925867837256 3.953374223524418 -2.2553547117093795 -3.428235356877852 1.8978462282103077 3.6100911750177227 -2.288386156738147 -3.5036683846700205 1.2379493234148122 3.9282647197464247 -2.2933429266199346 -3.7055520616873663 1.2473726508500866 4.209636658998969 Outlier sod-outlier=0.06686008463503966
ID=11 -2.1537886241001605 -3.3448798271014573 1.8362204497614945 3.3568063766035743 -2.1564834454329382 -3.523305389601554 1.4822163663688102 3.1460272392161133 -2.1359113500164053 -3.2680280879366372 1.187744365566665 3.318814204892879 -2.0571470920350485 -3.5446871530119455 1.1551666751510064 3.2794238982089454 -2.0751977602297926 -3.5741324678315833 0.8583323397121304 3.280814994446652 -2.0659615069049675 -3.5155904847350006 0.8732251538078614 2.9651603397070274 -2.0154695611939792 -3.2490682681374152 1.2285075924658533 3.112453013108645 -2.288386156738147 -3.5036683846700205 1.2379493234148122 2.854768438543348 -2.0468626354268067 -3.3373885460885475 1.2473726508500866 3.1383226235707977 Outlier sod-outlier=0.040382438793971305
ID=10 -1.5865047537625452 -2.2472525506953036 -2.4441457612878974 -2.743330481899194 -1.2591215282676484 -1.998094493798136 -2.2042835224385025 -2.1678607278455826 -0.992507177401737 -1.9449382374197348 -1.9999951130236402 -1.8431330241052761 -0.6853375753207387 -1.8907933708115896 -1.754391595309307 -1.5105353967575037 -1.0133023797656178 -1.9068865849917331 -1.7485265027081707 -1.5060417900007355 -0.9979671259215962 -1.865708203102598 -1.4968076309067777 -1.1994553135234034 -0.7360820917785119 -1.6365644694734836 -0.9012062485392295 -0.371014120254896 -1.0683674196962687 -2.043693185493146 -1.3809692468209556 -0.6519860800533708 -1.0609414706542957 -2.0488162414926814 -1.131163979877222 -0.9326707110562524 Outlier sod-outlier=0.07503656511943846
ID=9 -2.315869729910908 -3.7107555859035086 1.4693319173858324 4.505067432321742 -2.319640157644809 -3.523305389601554 1.175008042301534 4.294975988851075 -2.299254803247072 -3.4484494311889424 1.494257776969579 4.23806508128981 -2.0571470920350485 -3.728453128811985 1.8825562427660847 4.2088189852919875 -2.0751977602297926 -3.759382010369344 1.8889509518317844 4.209608101876743 -2.0659615069049675 -3.5155904847350006 1.9063163676578323 4.165134341485287 -2.095431278032446 -3.607402445618289 2.0195441619820267 4.178820502913811 -2.12571699179923 -3.6861652845671298 2.0297154027884163 4.214530394733912 -2.129022732491183 -3.7055520616873663 2.040218194425856 4.495320401779814 Outlier sod-outlier=0.0839967945331282
ID=8 -1.0192208834249301 -1.1496252742891502 -0.6097030994095867 0.1990884733786117 -1.58543495269139 -1.8150691863017259 -0.8525668965424877 0.20184606827652518 -1.8092244435550713 -2.365921371675113 -1.0804548788148982 0.20750354631864834 -0.6853375753207387 -0.7881975160113521 0.003466526427132387 0.3482547774085811 -1.3400394199084407 -1.2893881098658628 -0.23291089664985606 0.3515444248594448 -1.3265807816087873 -1.4379609449016046 -0.5244864884597462 0.07110539424181277 -0.7360820917785119 -0.7407290257712992 0.011528254748663131 0.4820798715892366 -1.0683674196962687 -1.0095440860761926 -0.22377266927491868 0.49307661989657814 -1.0609414706542957 -1.1897680384287705 -0.21634219882825706 0.2100642600671301 Outlier sod-outlier=0.06326848178731583
ID=7 -1.5865047537625452 -2.613128309497355 -0.4262588332217556 0.7014526852553102 -1.014386459949842 -2.181119801294546 -0.914008561355943 0.20184606827652518 -0.7474919975557367 -1.2232528644105154 -0.8965468319731499 -0.4996125124482222 -0.3625588655056069 -0.6656868654779924 -0.6026914465854329 -0.8671080287769359 -0.03309125933714881 0.13085838292363916 -0.8391571390731819 -0.5772486825706453 0.31648749682716854 0.15081458555922767 -0.09909598863916999 -0.2818281356929695 0.3034202271215554 -0.024060670809551744 0.011528254748663131 0.055532875667170294 0.3143204822845271 0.4504311131006822 0.26346799495499157 0.06367810741534731 0.6644205676975989 0.46696778176591425 0.2715627510645242 -0.14704041840892693 Outlier sod-outlier=0.08490285011156737
ID=6 0.5205496217771686 -0.2349358772840222 -0.1816664783046475 -0.5903410024276289 0.5356023060629312 -0.22884985466617128 -0.42247524284830135 -0.5880561970975107 0.2325687218282645 -0.020443909395149354 -0.16091464460615637 -0.5703241183249093 0.44438790903222236 0.008121712455486062 -0.1783808654766372 -0.5096483798988427 0.45701430087708567 0.0073586878984650715 -0.4147847693768538 -0.5058030589221769 0.8094079803579554 -0.2158259214701952 -0.15986606004210946 -0.7759350776016647 0.6232670944754223 0.15510641793088512 -0.3535655465664939 -0.5842876182159291 0.6396588121623613 0.1462696132721666 -0.34558283533239625 -0.29415398631901174 0.6644205676975989 0.16016485210023187 -0.33831843630145236 -0.5755660325801953 Outlier sod-outlier=0.03558728572479474
ID=5 -1.0192208834249301 -1.393542446823851 -1.343480164160911 -0.5903410024276289 -0.6880730355261003 -1.3880101354767689 -1.3441002150501293 -0.8752933845062509 -0.33913336447906955 -1.3435337599120518 -1.0804548788148982 -0.8531705418316575 -1.0081162851358703 -1.8907933708115896 -1.0270020276942287 -0.438156450123224 -1.0133023797656178 -2.153885975042081 -1.26352950876951 -0.7201399298675824 -1.5730410233741807 -2.293455461303591 -1.4968076309067777 -0.7053483716147082 -1.6956226938401124 -2.233788098608273 -1.1446021160826674 -0.371014120254896 -1.719044079451937 -2.652016185150177 -1.1373489147060005 -0.0794547300783963 -1.9647025383624308 -3.030585616422865 -1.5580808110334055 -0.3613032254945612 Outlier sod-outlier=0.1086270916520718
ID=4 0.9257523863040367 0.1919191746517042 0.0017777878831835969 -0.15974310653331583 0.6171806621688667 0.44224293948733256 0.007616410845885115 -0.44443760339314053 0.6409273549049317 0.22011788160792384 0.022993402235592 -0.4289009065715352 0.5250825864860053 0.4369089893222451 0.003466526427132387 -0.3666645203476054 0.9471198610913202 -0.05439115961412196 0.009587600319474261 -0.36291181162523994 0.9737148082015509 0.21192133673079813 0.022444154166708932 -0.07006801773210014 0.4633436607984888 0.27455114375784306 0.011528254748663131 0.055532875667170294 0.8023279771012785 0.2679342132035728 -0.22377266927491868 -0.1510211488252681 0.8287407618263508 -0.023916905699177548 0.027610276118133575 -0.4327241611897726 Outlier sod-outlier=0.03632550177955663
ID=3 -1.1002614363303036 -0.29591517041769744 0.2463701428002917 0.1990884733786117 -0.7696513916320358 0.1982091961587857 0.007616410845885115 0.20184606827652518 -0.7474919975557367 0.22011788160792384 0.2682041313579232 0.20750354631864834 -2.137841769488831 -2.8096232498117875 0.7308560940422107 2.4215207409015216 -1.3400394199084407 -1.2893881098658628 0.2520860972888046 0.6373269194533187 -1.080120539843394 -0.2769326726417657 0.022444154166708932 0.07110539424181277 -2.415278145386313 -3.667124808531768 0.8634137911506962 3.894455838965767 -2.12571699179923 -3.5036683846700205 0.6288984931274243 3.141034113530835 -1.882542441298055 -2.4783403430246365 0.08859839485473123 1.4956411025809355 Outlier sod-outlier=0.11719278204594887
ID=2 -0.3708964601819411 -1.4545217399575263 0.0017777878831835969 0.34262110534338275 -1.8301700210091965 -3.2182632104408704 1.1135663774880789 3.720501614033594 -2.3809265298624056 -3.749151669942784 2.0459819174948244 4.450199898919871 0.20230387667087357 -0.2981549138779132 -0.4208440546816633 -0.3666645203476054 -0.7682495996585005 -2.092136127529494 0.2520860972888046 1.423228779586472 -1.9838080929831696 -3.5155904847350006 1.7240061534490139 4.023960929511374 0.7831905281523557 0.27455114375784306 0.25492412229210115 0.055532875667170294 0.8023279771012785 0.5112634130663853 0.019847662840036445 0.3499437824028345 0.5001003735688471 -0.26935924943172346 -0.46029467377464767 -0.14704041840892693 Outlier sod-outlier=0.14675903154454722
ID=1 -2.1537886241001605 -3.3448798271014573 1.163591473739447 3.3568063766035743 -2.1564834454329382 -3.6453222612658274 1.175008042301534 3.6486923171814087 -2.1359113500164053 -3.4484494311889424 1.187744365566665 3.601660628399627 -2.2992311243963974 -3.5446871530119455 1.458245661657289 3.994343195965132 -2.483619060408321 -3.759382010369344 1.4645785821354562 3.7809343599859315 -2.312421748670361 -3.5155904847350006 1.1770755108225588 3.7416141055635483 -2.2553547117093795 -3.607402445618289 1.2285075924658533 4.178820502913811 -2.288386156738147 -3.5036683846700205 1.9079052367309388 3.9282647197464247 -2.2933429266199346 -3.7055520616873663 1.552313244533075 3.9239529162181235 Outlier sod-outlier=0.039837212740860176
