0.016 6.389776357827476E-4 0.0
0.0176 0.001597444089456869 0.0
0.019200000000000002 0.003514376996805111 0.0
0.0208 0.007987220447284348 0.0
0.0224 0.014696485623003205 0.0
0.024 0.02811501597444085 0.0
0.0256 0.038977635782747516 0.0
0.027200000000000002 0.04313099041533536 3.194888178913738E-4
0.0288 0.05431309904153339 0.0
0.030400000000000003 0.06357827476038319 3.194888178913738E-4
0.032 0.06900958466453652 3.194888178913738E-4
0.033600000000000005 0.06293929712460045 3.194888178913738E-4
0.0352 0.06964856230031927 6.389776357827476E-4
0.0368 0.05846645367412123 6.389776357827476E-4
0.038400000000000004 0.05239616613418516 0.001597444089456869
0.04 0.04888178913738006 0.001597444089456869
0.0416 0.04440894568690085 6.389776357827476E-4
0.0432 0.04440894568690085 3.194888178913738E-4
0.044800000000000006 0.038658146964856144 0.0
0.0464 0.02907348242811497 6.389776357827476E-4
0.048 0.026198083067092617 3.194888178913738E-4
0.049600000000000005 0.020766773162939286 3.194888178913738E-4
0.0512 0.026198083067092617 0.0
0.0528 0.012140575079872212 3.194888178913738E-4
0.054400000000000004 0.013099041533546334 3.194888178913738E-4
0.05600000000000001 0.013099041533546334 9.584664536741214E-4
0.0576 0.009265175718849845 6.389776357827476E-4
0.0592 0.007987220447284348 3.194888178913738E-4
0.06080000000000001 0.006709265175718852 0.0
0.0624 0.008306709265175722 6.389776357827476E-4
0.064 0.006709265175718852 3.194888178913738E-4
0.0656 0.006070287539936103 0.0
0.0672 0.004472843450479233 3.194888178913738E-4
0.0688 0.0031948881789137375 0.0
0.0704 0.003514376996805111 0.0
0.07200000000000001 0.005111821086261981 0.0
0.0736 0.004472843450479233 3.194888178913738E-4
0.0752 0.00255591054313099 6.389776357827476E-4
0.07680000000000001 0.0028753993610223638 3.194888178913738E-4
0.0784 0.0022364217252396163 0.0
0.08 0.0012779552715654952 0.0
0.0816 9.584664536741214E-4 3.194888178913738E-4
0.08320000000000001 0.0022364217252396163 6.389776357827476E-4
0.0848 0.0022364217252396163 3.194888178913738E-4
0.0864 0.0028753993610223638 0.0
0.08800000000000001 0.0012779552715654952 0.0
0.08960000000000001 3.194888178913738E-4 0.0
0.0912 9.584664536741214E-4 3.194888178913738E-4
0.09280000000000001 0.0022364217252396163 0.0
0.09440000000000001 0.0 0.0
0.096 9.584664536741214E-4 0.0
0.0976 9.584664536741214E-4 0.0
0.09920000000000001 6.389776357827476E-4 0.0
0.10080000000000001 9.584664536741214E-4 0.0
0.1024 0.0 0.0
0.10400000000000001 3.194888178913738E-4 3.194888178913738E-4
0.10560000000000001 6.389776357827476E-4 0.0
0.1072 3.194888178913738E-4 0.0
0.10880000000000001 0.0 6.389776357827476E-4
0.11040000000000001 0.0012779552715654952 0.0
0.112 0.0 0.0
0.1136 0.0 0.0
0.11520000000000001 3.194888178913738E-4 0.0
0.11680000000000001 3.194888178913738E-4 3.194888178913738E-4
0.1184 0.0 3.194888178913738E-4
0.12000000000000001 0.0 3.194888178913738E-4
0.12160000000000001 0.0 3.194888178913738E-4
0.1232 0.0 0.0
0.12480000000000001 0.0 0.0
0.1264 0.0 0.0
0.128 0.0 3.194888178913738E-4
0.1296 3.194888178913738E-4 0.0
0.1312 0.0 3.194888178913738E-4
0.1328 0.0 0.0
0.1344 0.0 0.0
0.136 0.0 0.0
0.1376 0.0 0.0
0.1392 0.0 0.0
0.1408 0.0 0.0
0.1424 0.0 0.0
0.144 3.194888178913738E-4 0.0
0.1456 0.0 0.0
0.1472 0.0 3.194888178913738E-4
0.1488 0.0 0.0
0.1504 0.0 3.194888178913738E-4
0.152 0.0 0.0
0.1536 0.0 0.0
0.1552 0.0 0.0
0.1568 0.0 3.194888178913738E-4
0.15839999999999999 0.0 0.0
0.16 0.0 0.0
0.1616 0.0 0.0
0.16319999999999998 0.0 0.0
0.1648 0.0 0.0
0.1664 0.0 0.0
0.168 0.0 3.194888178913738E-4
