# ROCAUC: 0.7889496602994662
# False Positive Rate True Positive Rate
0.0 0.0
0.0 0.06779661016949153
3.2562683165092806E-4 0.06779661016949153
3.2562683165092806E-4 0.0847457627118644
6.512536633018561E-4 0.0847457627118644
6.512536633018561E-4 0.1694915254237288
0.0026050146532074245 0.1694915254237288
0.0026050146532074245 0.2033898305084746
0.003581895148160209 0.2033898305084746
0.003581895148160209 0.22033898305084745
0.010420058612829698 0.22033898305084745
0.010420058612829698 0.23728813559322035
0.0162813415825464 0.23728813559322035
0.0162813415825464 0.2542372881355932
0.017583848909150115 0.2542372881355932
0.017583848909150115 0.2711864406779661
0.019863236730706613 0.2711864406779661
0.019863236730706613 0.288135593220339
0.020840117225659396 0.288135593220339
0.020840117225659396 0.3050847457627119
0.027352653858677956 0.3050847457627119
0.027352653858677956 0.3220338983050847
0.02800390752197981 0.3220338983050847
0.02800390752197981 0.3389830508474576
0.029306414848583526 0.3389830508474576
0.029306414848583526 0.3559322033898305
0.02995766851188538 0.3559322033898305
0.02995766851188538 0.3728813559322034
0.04916965157929014 0.3728813559322034
0.04916965157929014 0.3898305084745763
0.0638228590035819 0.3898305084745763
0.0638228590035819 0.4067796610169492
0.0651253663301856 0.4067796610169492
0.0651253663301856 0.423728813559322
0.07163790296320417 0.423728813559322
0.07163790296320417 0.4406779661016949
0.08498860306089222 0.4406779661016949
0.08498860306089222 0.4576271186440678
0.09117551286225986 0.4576271186440678
0.09117551286225986 0.4745762711864407
0.09378052751546728 0.4745762711864407
0.09378052751546728 0.4915254237288136
0.09833930315858028 0.4915254237288136
0.09833930315858028 0.5084745762711864
0.10745685444480627 0.5084745762711864
0.10745685444480627 0.5254237288135594
0.10973624226636275 0.5254237288135594
0.10973624226636275 0.5423728813559322
0.12276131553239988 0.5423728813559322
0.12276131553239988 0.559322033898305
0.13057635949202215 0.559322033898305
0.13057635949202215 0.576271186440678
0.1751872354281993 0.576271186440678
0.1751872354281993 0.5932203389830508
0.20481927710843376 0.5932203389830508
0.20481927710843376 0.6101694915254238
0.23314881146206448 0.6101694915254238
0.23314881146206448 0.6271186440677966
0.239986974926734 0.6271186440677966
0.239986974926734 0.6440677966101694
0.2816672093780528 0.6440677966101694
0.2816672093780528 0.6610169491525424
0.33702377075871054 0.6610169491525424
0.33702377075871054 0.6779661016949152
0.3373493975903615 0.6779661016949152
0.3373493975903615 0.6949152542372882
0.3715402149137089 0.6949152542372882
0.3715402149137089 0.711864406779661
0.3826115271898405 0.711864406779661
0.3826115271898405 0.7288135593220338
0.38847281015955715 0.7288135593220338
0.38847281015955715 0.7457627118644068
0.39759036144578314 0.7457627118644068
0.39759036144578314 0.7627118644067796
0.41354607619667866 0.7627118644067796
0.41354607619667866 0.7796610169491526
0.42103549332464996 0.7796610169491526
0.42103549332464996 0.7966101694915254
0.42982741777922506 0.7966101694915254
0.42982741777922506 0.8135593220338984
0.46271572777596875 0.8135593220338984
0.46271572777596875 0.8305084745762712
0.4685770107456855 0.8305084745762712
0.4685770107456855 0.847457627118644
0.47053077173559105 0.847457627118644
0.47053077173559105 0.864406779661017
0.5213285574731358 0.864406779661017
0.5213285574731358 0.8813559322033898
0.5216541843047867 0.8813559322033898
0.5216541843047867 0.8983050847457628
0.5503093454900684 0.8983050847457628
0.5503093454900684 0.9322033898305084
0.6069684141973299 0.9322033898305084
0.6069684141973299 0.9491525423728814
0.729078476066428 0.9491525423728814
0.729078476066428 0.9661016949152542
0.7619667860631717 0.9661016949152542
0.7619667860631717 0.9830508474576272
0.8941712797134485 0.9830508474576272
0.8941712797134485 1.0
1.0 1.0
