0.013600000000000001 0.7715686274510207 0.013333333333333348
0.0408 0.1466666666666661 0.0
0.068 0.03901960784313723 0.0
0.0952 0.013333333333333346 0.0
0.12240000000000001 0.001372549019607843 3.92156862745098E-4
0.1496 5.88235294117647E-4 0.0033333333333333322
0.1768 0.005294117647058825 0.0017647058823529408
0.20400000000000001 1.96078431372549E-4 1.96078431372549E-4
0.23120000000000002 3.92156862745098E-4 0.0
0.2584 1.96078431372549E-4 0.0
0.2856 0.0 0.0
0.3128 0.0 0.0
0.34 0.0 0.0
0.3672 1.96078431372549E-4 0.0
0.39440000000000003 1.96078431372549E-4 0.0
0.42160000000000003 0.0 0.0
0.44880000000000003 0.0 0.0
0.47600000000000003 0.0 0.0
0.5032000000000001 0.0 0.0
0.5304 0.0 0.0
0.5576000000000001 0.0 0.0
0.5848 0.0 0.0
0.6120000000000001 0.0 0.0
0.6392 0.0 0.0
0.6664000000000001 0.0 0.0
0.6936 0.0 0.0
0.7208000000000001 1.96078431372549E-4 0.0
0.748 0.0 0.0
0.7752000000000001 0.0 0.0
0.8024 0.0 0.0
0.8296000000000001 0.0 0.0
0.8568 1.96078431372549E-4 0.0
0.8840000000000001 0.0 0.0
0.9112 0.0 0.0
0.9384000000000001 0.0 0.0
0.9656 0.0 0.0
0.9928000000000001 1.96078431372549E-4 0.0
1.02 0.0 0.0
1.0472000000000001 1.96078431372549E-4 0.0
1.0744 0.0 0.0
1.1016000000000001 0.0 0.0
1.1288 0.0 0.0
1.1560000000000001 0.0 0.0
1.1832 0.0 0.0
1.2104000000000001 0.0 0.0
1.2376 1.96078431372549E-4 0.0
1.2648000000000001 0.0 0.0
1.292 0.0 0.0
1.3192000000000002 0.0 0.0
1.3464 0.0 0.0
1.3736000000000002 0.0 1.96078431372549E-4
1.4008 0.0 1.96078431372549E-4
1.4280000000000002 0.0 0.0
1.4552 0.0 0.0
1.4824000000000002 0.0 0.0
1.5096 0.0 0.0
1.5368000000000002 0.0 0.0
1.564 1.96078431372549E-4 0.0
1.5912000000000002 1.96078431372549E-4 0.0
1.6184 0.0 0.0
1.6456000000000002 0.0 0.0
1.6728 0.0 0.0
1.7000000000000002 0.0 0.0
1.7272 0.0 0.0
1.7544000000000002 0.0 0.0
1.7816 0.0 0.0
1.8088000000000002 0.0 0.0
1.836 0.0 0.0
1.8632000000000002 0.0 0.0
1.8904 0.0 1.96078431372549E-4
