# ROCAUC: 0.800816
# False Positive Rate True Positive Rate
0.0 0.0
0.0 0.01
4.0E-4 0.01
4.0E-4 0.03
0.0024000000000000002 0.03
0.0024000000000000002 0.04
0.0028 0.04
0.0028 0.06
0.003 0.06
0.003 0.08
0.0034000000000000002 0.08
0.0034000000000000002 0.09
0.004 0.09
0.004 0.1
0.0074 0.1
0.0074 0.11
0.008 0.11
0.008 0.13
0.0082 0.13
0.0082 0.14
0.008400000000000001 0.14
0.008400000000000001 0.18
0.0086 0.18
0.0086 0.3
0.0094 0.3
0.0094 0.31
0.009600000000000001 0.31
0.009600000000000001 0.32
0.28700000000000003 0.32
0.28700000000000003 0.34
0.2874 0.34
0.2874 0.36
0.29000000000000004 0.36
0.29000000000000004 1.0
1.0 1.0
