0.008 0.24200000000000016 0.0
0.024 0.23400000000000015 0.0
0.04 0.13600000000000007 0.0
0.056 0.12800000000000006 0.0
0.07200000000000001 0.08800000000000002 0.0
0.088 0.034 0.0
0.10400000000000001 0.041999999999999996 0.0
0.12 0.032 0.0
0.136 0.02 0.0
0.152 0.004 0.0
0.168 0.004 0.0
0.184 0.004 0.0
0.2 0.006 0.004
0.216 0.004 0.002
0.232 0.0 0.0
0.248 0.002 0.002
0.264 0.0 0.0
0.28 0.0 0.0
0.296 0.0 0.0
0.312 0.0 0.0
0.328 0.0 0.0
0.34400000000000003 0.0 0.0
0.36 0.0 0.0
0.376 0.0 0.0
0.392 0.0 0.004
0.40800000000000003 0.0 0.0
0.424 0.0 0.0
0.44 0.0 0.0
0.456 0.0 0.0
0.47200000000000003 0.0 0.0
0.488 0.0 0.0
0.504 0.0 0.0
0.52 0.0 0.002
0.536 0.0 0.0
0.552 0.0 0.0
0.5680000000000001 0.0 0.0
0.584 0.0 0.0
0.6 0.0 0.0
0.616 0.0 0.0
0.632 0.0 0.0
0.648 0.0 0.0
0.664 0.0 0.0
0.68 0.0 0.0
0.6960000000000001 0.0 0.0
0.712 0.0 0.0
0.728 0.0 0.0
0.744 0.0 0.002
0.76 0.0 0.002
0.776 0.0 0.0
0.792 0.0 0.0
0.808 0.0 0.0
0.8240000000000001 0.0 0.0
0.84 0.0 0.0
0.856 0.0 0.0
0.872 0.0 0.0
0.888 0.0 0.0
0.904 0.0 0.0
0.92 0.0 0.0
0.936 0.0 0.0
0.9520000000000001 0.0 0.0
0.968 0.0 0.0
0.984 0.0 0.0
1.0 0.0 0.0
1.016 0.0 0.0
1.032 0.0 0.0
1.048 0.0 0.0
1.064 0.0 0.0
1.08 0.0 0.0
1.096 0.0 0.0
1.112 0.0 0.0
1.1280000000000001 0.0 0.0
1.1440000000000001 0.0 0.0
1.16 0.0 0.0
1.176 0.0 0.0
1.192 0.0 0.0
1.208 0.0 0.002
