PR-AUC score 0.270454
0.000000, 0.000000
0.000000, 0.000000
0.002500, 0.500000
0.005000, 0.666667
0.007500, 0.750000
0.010000, 0.800000
0.010000, 0.666667
0.012500, 0.714286
0.012500, 0.625000
0.012500, 0.555556
0.015000, 0.600000
0.017500, 0.636364
0.017500, 0.583333
0.017500, 0.538462
0.017500, 0.500000
0.017500, 0.466667
0.017500, 0.437500
0.017500, 0.411765
0.017500, 0.388889
0.017500, 0.368421
0.017500, 0.350000
0.017500, 0.333333
0.017500, 0.318182
0.017500, 0.304348
0.017500, 0.291667
0.017500, 0.280000
0.017500, 0.269231
0.017500, 0.259259
0.017500, 0.250000
0.017500, 0.241379
0.017500, 0.233333
0.017500, 0.225806
0.017500, 0.218750
0.017500, 0.212121
0.017500, 0.205882
0.017500, 0.200000
0.017500, 0.194444
0.017500, 0.189189
0.017500, 0.184211
0.017500, 0.179487
0.017500, 0.175000
0.017500, 0.170732
0.017500, 0.166667
0.017500, 0.162791
0.017500, 0.159091
0.017500, 0.155556
0.017500, 0.152174
0.017500, 0.148936
0.017500, 0.145833
0.017500, 0.142857
0.017500, 0.140000
0.017500, 0.137255
0.017500, 0.134615
0.017500, 0.132075
0.017500, 0.129630
0.017500, 0.127273
0.017500, 0.125000
0.017500, 0.122807
0.017500, 0.120690
0.017500, 0.118644
0.017500, 0.116667
0.020000, 0.131148
0.020000, 0.129032
0.020000, 0.126984
0.020000, 0.125000
0.020000, 0.123077
0.022500, 0.136364
0.025000, 0.149254
0.025000, 0.147059
0.025000, 0.144928
0.025000, 0.142857
0.025000, 0.140845
0.025000, 0.138889
0.025000, 0.136986
0.025000, 0.135135
0.025000, 0.133333
0.025000, 0.131579
0.025000, 0.126582
0.025000, 0.125000
0.025000, 0.123457
0.025000, 0.121951
0.025000, 0.120482
0.025000, 0.119048
0.025000, 0.117647
0.025000, 0.116279
0.025000, 0.114943
0.025000, 0.113636
0.025000, 0.112360
0.025000, 0.111111
0.025000, 0.109890
0.025000, 0.108696
0.025000, 0.107527
0.025000, 0.106383
0.025000, 0.105263
0.025000, 0.104167
0.027500, 0.113402
0.027500, 0.112245
0.027500, 0.111111
0.027500, 0.110000
0.027500, 0.108911
0.027500, 0.107843
0.027500, 0.106796
0.027500, 0.105769
0.027500, 0.104762
0.027500, 0.103774
0.027500, 0.102804
0.027500, 0.101852
0.027500, 0.100917
0.027500, 0.100000
0.027500, 0.099099
0.027500, 0.098214
0.027500, 0.097345
0.027500, 0.096491
0.027500, 0.095652
0.027500, 0.094828
0.027500, 0.094017
0.027500, 0.093220
0.027500, 0.092437
0.027500, 0.091667
0.027500, 0.090909
0.027500, 0.090164
0.027500, 0.089431
0.027500, 0.088710
0.027500, 0.088000
0.027500, 0.087302
0.027500, 0.086614
0.027500, 0.085938
0.027500, 0.085271
0.027500, 0.084615
0.027500, 0.083969
0.027500, 0.083333
0.027500, 0.082707
0.027500, 0.082090
0.027500, 0.081481
0.027500, 0.080882
0.027500, 0.080292
0.027500, 0.079710
0.027500, 0.079137
0.027500, 0.078571
0.027500, 0.078014
0.030000, 0.084507
0.032500, 0.090909
0.035000, 0.097222
0.037500, 0.103448
0.040000, 0.109589
0.042500, 0.115646
0.045000, 0.121622
0.045000, 0.120805
0.047500, 0.126667
0.050000, 0.132450
0.052500, 0.138158
0.055000, 0.143791
0.057500, 0.149351
0.060000, 0.154839
0.062500, 0.160256
0.065000, 0.165605
0.067500, 0.170886
0.067500, 0.169811
0.070000, 0.175000
0.072500, 0.180124
0.075000, 0.185185
0.077500, 0.190184
0.080000, 0.195122
0.082500, 0.200000
0.085000, 0.204819
0.087500, 0.209581
0.090000, 0.214286
0.092500, 0.218935
0.095000, 0.223529
0.097500, 0.228070
0.100000, 0.232558
0.102500, 0.236994
0.105000, 0.241379
0.107500, 0.245714
0.110000, 0.250000
0.112500, 0.254237
0.115000, 0.258427
0.117500, 0.262570
0.120000, 0.266667
0.122500, 0.270718
0.125000, 0.274725
0.127500, 0.278689
0.130000, 0.282609
0.132500, 0.286486
0.135000, 0.290323
0.137500, 0.294118
0.140000, 0.297872
0.142500, 0.301587
0.145000, 0.305263
0.147500, 0.308901
0.150000, 0.312500
0.152500, 0.316062
0.155000, 0.319588
0.157500, 0.323077
0.160000, 0.326531
0.162500, 0.329949
0.165000, 0.333333
0.167500, 0.336683
0.170000, 0.340000
0.172500, 0.343284
0.175000, 0.346535
0.177500, 0.349754
0.180000, 0.352941
0.182500, 0.356098
0.185000, 0.359223
0.187500, 0.362319
0.190000, 0.365385
0.192500, 0.368421
0.195000, 0.371429
0.197500, 0.374408
0.200000, 0.377358
0.202500, 0.380282
0.205000, 0.383178
0.207500, 0.386047
0.210000, 0.388889
0.212500, 0.391705
0.215000, 0.394495
0.217500, 0.397260
0.220000, 0.400000
0.222500, 0.402715
0.225000, 0.405405
0.227500, 0.408072
0.230000, 0.410714
0.232500, 0.413333
0.235000, 0.415929
0.235000, 0.414097
0.235000, 0.412281
0.235000, 0.410480
0.237500, 0.413043
0.240000, 0.415584
0.242500, 0.418103
0.245000, 0.420601
0.247500, 0.423077
0.247500, 0.421277
0.247500, 0.419492
0.247500, 0.417722
0.247500, 0.415966
0.247500, 0.414226
0.247500, 0.412500
0.247500, 0.410788
0.247500, 0.409091
0.247500, 0.407407
0.247500, 0.405738
0.247500, 0.404082
0.247500, 0.402439
0.247500, 0.400810
0.247500, 0.399194
0.247500, 0.397590
0.247500, 0.396000
0.247500, 0.394422
0.247500, 0.392857
0.247500, 0.391304
0.247500, 0.389764
0.247500, 0.388235
0.247500, 0.386719
0.247500, 0.385214
0.247500, 0.383721
0.247500, 0.382239
0.247500, 0.380769
0.247500, 0.379310
0.247500, 0.377863
0.247500, 0.376426
0.247500, 0.375000
0.247500, 0.373585
0.247500, 0.372180
0.247500, 0.370787
0.247500, 0.369403
0.247500, 0.368030
0.247500, 0.366667
0.247500, 0.365314
0.247500, 0.363971
0.247500, 0.362637
0.247500, 0.361314
0.247500, 0.360000
0.247500, 0.358696
0.247500, 0.357401
0.247500, 0.356115
0.247500, 0.354839
0.247500, 0.353571
0.247500, 0.352313
0.247500, 0.351064
0.247500, 0.349823
0.247500, 0.348592
0.247500, 0.347368
0.247500, 0.346154
0.247500, 0.344948
0.247500, 0.343750
0.247500, 0.342561
0.247500, 0.341379
0.247500, 0.340206
0.247500, 0.339041
0.247500, 0.337884
0.247500, 0.336735
0.247500, 0.335593
0.247500, 0.334459
0.247500, 0.333333
0.247500, 0.332215
0.247500, 0.331104
0.247500, 0.330000
0.247500, 0.328904
0.247500, 0.327815
0.247500, 0.326733
0.247500, 0.325658
0.247500, 0.324590
0.247500, 0.323529
0.247500, 0.322476
0.247500, 0.321429
0.247500, 0.320388
0.247500, 0.319355
0.247500, 0.318328
0.247500, 0.317308
0.247500, 0.316294
0.247500, 0.315287
0.247500, 0.314286
0.247500, 0.313291
0.247500, 0.312303
0.247500, 0.311321
0.247500, 0.310345
0.247500, 0.309375
0.247500, 0.308411
0.247500, 0.307453
0.247500, 0.306502
0.247500, 0.305556
0.247500, 0.304615
0.247500, 0.303681
0.247500, 0.302752
0.247500, 0.301829
0.247500, 0.300912
0.247500, 0.300000
0.247500, 0.299094
0.247500, 0.298193
0.247500, 0.297297
0.247500, 0.296407
0.247500, 0.295522
0.247500, 0.294643
0.247500, 0.293769
0.247500, 0.292899
0.247500, 0.292035
0.247500, 0.291176
0.247500, 0.290323
0.247500, 0.289474
0.247500, 0.288630
0.247500, 0.287791
0.247500, 0.286957
0.247500, 0.286127
0.247500, 0.285303
0.247500, 0.284483
0.247500, 0.283668
0.247500, 0.282857
0.247500, 0.282051
0.247500, 0.281250
0.247500, 0.280453
0.247500, 0.279661
0.247500, 0.278873
0.247500, 0.278090
0.247500, 0.277311
0.247500, 0.276536
0.247500, 0.275766
0.247500, 0.275000
0.247500, 0.274238
0.250000, 0.276243
0.250000, 0.274725
0.250000, 0.273973
0.250000, 0.272480
0.250000, 0.271739
0.250000, 0.270270
0.250000, 0.269542
0.250000, 0.268817
0.250000, 0.268097
0.250000, 0.267380
0.250000, 0.266667
0.250000, 0.265957
0.250000, 0.265252
0.250000, 0.264550
0.250000, 0.263852
0.250000, 0.263158
0.250000, 0.262467
0.250000, 0.261780
0.250000, 0.261097
0.250000, 0.260417
0.250000, 0.259740
0.250000, 0.259067
0.250000, 0.258398
0.250000, 0.257732
0.250000, 0.257069
0.250000, 0.256410
0.250000, 0.255754
0.250000, 0.255102
0.250000, 0.254453
0.250000, 0.253807
0.250000, 0.253165
0.250000, 0.252525
0.250000, 0.251889
0.250000, 0.251256
0.250000, 0.250627
0.250000, 0.250000
0.250000, 0.249377
0.250000, 0.248756
0.250000, 0.248139
0.250000, 0.247525
0.250000, 0.246914
0.250000, 0.246305
0.250000, 0.245700
0.250000, 0.245098
0.250000, 0.244499
0.250000, 0.243902
0.250000, 0.243309
0.250000, 0.242718
0.250000, 0.242131
0.250000, 0.241546
0.250000, 0.240964
0.250000, 0.240385
0.250000, 0.239808
0.250000, 0.239234
0.250000, 0.238663
0.250000, 0.238095
0.250000, 0.237530
0.250000, 0.236967
0.250000, 0.235294
0.250000, 0.234742
0.250000, 0.234192
0.250000, 0.233645
0.250000, 0.233100
0.250000, 0.232558
0.250000, 0.232019
0.250000, 0.231481
0.250000, 0.230415
0.250000, 0.228833
0.250000, 0.228311
0.250000, 0.227790
0.250000, 0.227273
0.250000, 0.226757
0.250000, 0.226244
0.250000, 0.225734
0.250000, 0.225225
0.250000, 0.224719
0.250000, 0.224215
0.250000, 0.223214
0.250000, 0.222717
0.250000, 0.222222
0.250000, 0.221729
0.250000, 0.221239
0.250000, 0.220751
0.250000, 0.220264
0.250000, 0.218341
0.250000, 0.217865
0.250000, 0.217391
0.250000, 0.216920
0.250000, 0.216450
0.250000, 0.215983
0.250000, 0.215517
0.250000, 0.215054
0.250000, 0.214592
0.250000, 0.214133
0.250000, 0.213675
0.250000, 0.213220
0.250000, 0.212766
0.250000, 0.212314
0.250000, 0.211864
0.250000, 0.211416
0.250000, 0.210970
0.250000, 0.210526
0.250000, 0.210084
0.250000, 0.209644
0.250000, 0.209205
0.250000, 0.208768
0.250000, 0.208333
0.250000, 0.207900
0.250000, 0.207469
0.250000, 0.207039
0.250000, 0.206612
0.250000, 0.206186
0.250000, 0.205761
0.250000, 0.205339
0.250000, 0.204918
0.250000, 0.204499
0.250000, 0.204082
0.250000, 0.203666
0.250000, 0.203252
0.250000, 0.202840
0.250000, 0.202429
0.250000, 0.202020
0.250000, 0.201613
0.250000, 0.200803
0.250000, 0.200401
0.250000, 0.200000
0.250000, 0.199203
0.250000, 0.198413
0.250000, 0.198020
0.250000, 0.197628
0.250000, 0.197239
0.250000, 0.196850
0.250000, 0.196464
0.250000, 0.196078
0.250000, 0.195695
0.250000, 0.195312
0.250000, 0.194553
0.250000, 0.194175
0.250000, 0.193798
0.250000, 0.193424
0.250000, 0.193050
0.250000, 0.192678
0.250000, 0.192308
0.250000, 0.191939
0.250000, 0.191571
0.250000, 0.191205
0.250000, 0.190840
0.250000, 0.190476
0.250000, 0.190114
0.250000, 0.189753
0.250000, 0.189394
0.250000, 0.188679
0.250000, 0.188324
0.250000, 0.187970
0.250000, 0.187617
0.250000, 0.187266
0.250000, 0.186916
0.250000, 0.186567
0.250000, 0.186220
0.250000, 0.185874
0.250000, 0.185529
0.250000, 0.185185
0.250000, 0.184843
0.250000, 0.184502
0.250000, 0.184162
0.250000, 0.183824
0.250000, 0.183486
0.250000, 0.183150
0.250000, 0.182815
0.250000, 0.182482
0.250000, 0.182149
0.250000, 0.181818
0.250000, 0.181488
0.250000, 0.181159
0.250000, 0.180832
0.250000, 0.180505
0.250000, 0.180180
0.250000, 0.179856
0.250000, 0.179211
0.250000, 0.178891
0.250000, 0.178571
0.250000, 0.178253
0.250000, 0.177936
0.250000, 0.177620
0.250000, 0.177305
0.250000, 0.176991
0.250000, 0.176678
0.250000, 0.176367
0.250000, 0.176056
0.250000, 0.175747
0.250000, 0.175439
0.250000, 0.175131
0.250000, 0.174825
0.250000, 0.174520
0.250000, 0.174216
0.250000, 0.173913
0.250000, 0.173611
0.250000, 0.173310
0.250000, 0.173010
0.250000, 0.172712
0.250000, 0.172414
0.250000, 0.172117
0.250000, 0.171821
0.250000, 0.171527
0.250000, 0.171233
0.250000, 0.170940
0.250000, 0.170648
0.250000, 0.170358
0.250000, 0.170068
0.250000, 0.169779
0.250000, 0.169492
0.250000, 0.169205
0.250000, 0.168919
0.250000, 0.168634
0.250000, 0.168350
0.250000, 0.167785
0.250000, 0.167504
0.250000, 0.167224
0.250000, 0.166945
0.250000, 0.166667
0.250000, 0.166389
0.250000, 0.166113
0.250000, 0.165837
0.250000, 0.165563
0.250000, 0.165289
0.250000, 0.164745
0.250000, 0.164474
0.250000, 0.164204
0.250000, 0.163934
0.250000, 0.163666
0.250000, 0.163399
0.250000, 0.163132
0.250000, 0.162866
0.250000, 0.162602
0.250000, 0.162338
0.250000, 0.162075
0.250000, 0.161812
0.250000, 0.161551
0.250000, 0.161290
0.250000, 0.161031
0.250000, 0.160772
0.250000, 0.160514
0.250000, 0.160256
0.250000, 0.160000
0.250000, 0.159744
0.250000, 0.159490
0.250000, 0.159236
0.250000, 0.158983
0.250000, 0.158730
0.250000, 0.158479
0.250000, 0.158228
0.250000, 0.157978
0.250000, 0.157729
0.250000, 0.157480
0.250000, 0.156986
0.250000, 0.156740
0.250000, 0.156495
0.250000, 0.156250
0.250000, 0.156006
0.250000, 0.155763
0.250000, 0.155521
0.250000, 0.155280
0.250000, 0.155039
0.250000, 0.154799
0.250000, 0.154560
0.250000, 0.154321
0.250000, 0.154083
0.250000, 0.153846
0.250000, 0.153610
0.250000, 0.153374
0.250000, 0.153139
0.250000, 0.152905
0.250000, 0.152672
0.250000, 0.152207
0.250000, 0.151976
0.250000, 0.151745
0.250000, 0.151515
0.250000, 0.151286
0.250000, 0.151057
0.250000, 0.150830
0.250000, 0.150602
0.250000, 0.150376
0.250000, 0.150150
0.250000, 0.149701
0.250000, 0.149477
0.250000, 0.149254
0.250000, 0.149031
0.250000, 0.148810
0.250000, 0.148588
0.250000, 0.148368
0.250000, 0.148148
0.250000, 0.147929
0.250000, 0.147710
0.250000, 0.147493
0.250000, 0.147275
0.250000, 0.147059
0.250000, 0.146843
0.250000, 0.146628
0.250000, 0.146413
0.250000, 0.146199
0.250000, 0.145985
0.250000, 0.145773
0.250000, 0.145560
0.250000, 0.145349
0.250000, 0.145138
0.250000, 0.144928
0.250000, 0.144718
0.250000, 0.144509
0.250000, 0.144300
0.250000, 0.144092
0.250000, 0.143885
0.250000, 0.143678
0.250000, 0.143472
0.250000, 0.143266
0.250000, 0.143062
0.250000, 0.142857
0.250000, 0.142653
0.250000, 0.142450
0.250000, 0.142248
0.250000, 0.142045
0.250000, 0.141844
0.250000, 0.141643
0.250000, 0.141443
0.250000, 0.141243
0.250000, 0.141044
0.250000, 0.140845
0.250000, 0.140647
0.250000, 0.140449
0.250000, 0.140252
0.250000, 0.140056
0.250000, 0.139860
0.250000, 0.139665
0.250000, 0.139470
0.250000, 0.139276
0.250000, 0.139082
0.250000, 0.138889
0.250000, 0.138696
0.250000, 0.138504
0.250000, 0.138313
0.250000, 0.138122
0.250000, 0.137931
0.250000, 0.137741
0.250000, 0.137552
0.250000, 0.137363
0.250000, 0.137174
0.250000, 0.136986
0.250000, 0.136799
0.250000, 0.136612
0.250000, 0.136426
0.250000, 0.136240
0.250000, 0.136054
0.250000, 0.135870
0.335000, 0.174026
0.800000, 0.334728
0.800000, 0.334378
0.800000, 0.334029
0.800000, 0.333681
0.800000, 0.333333
0.800000, 0.332986
0.800000, 0.332640
0.870000, 0.351515
0.870000, 0.351160
0.870000, 0.350806
0.870000, 0.350453
0.870000, 0.350101
0.870000, 0.349749
0.870000, 0.349398
0.870000, 0.349047
0.870000, 0.348697
0.870000, 0.348348
0.870000, 0.348000
0.870000, 0.347652
0.870000, 0.347305
0.870000, 0.346959
0.870000, 0.346614
0.882500, 0.349851
0.882500, 0.349505
0.882500, 0.349159
0.882500, 0.348814
0.882500, 0.348470
0.882500, 0.348126
0.882500, 0.347783
0.885000, 0.348425
0.885000, 0.348083
0.885000, 0.347741
0.885000, 0.347399
0.887500, 0.348039
0.887500, 0.347698
0.887500, 0.347358
0.887500, 0.347019
0.887500, 0.346680
0.887500, 0.346341
0.887500, 0.346004
0.887500, 0.345667
0.887500, 0.345331
0.887500, 0.344995
0.887500, 0.344660
0.887500, 0.344326
0.887500, 0.343992
0.887500, 0.343659
0.887500, 0.343327
0.887500, 0.342995
0.887500, 0.342664
0.887500, 0.342334
0.887500, 0.342004
0.890000, 0.342637
0.890000, 0.342308
0.890000, 0.341979
0.890000, 0.341651
0.890000, 0.341323
0.890000, 0.340996
0.890000, 0.340670
0.890000, 0.340344
0.890000, 0.340019
0.890000, 0.339695
0.890000, 0.339371
0.890000, 0.339048
0.892500, 0.339676
0.892500, 0.339354
0.892500, 0.339031
0.892500, 0.338710
0.892500, 0.338389
0.892500, 0.338068
0.892500, 0.337748
0.892500, 0.337429
0.892500, 0.337110
0.892500, 0.336792
0.892500, 0.336475
0.892500, 0.336158
0.892500, 0.335842
0.892500, 0.335526
0.892500, 0.335211
0.892500, 0.334897
0.892500, 0.334583
0.892500, 0.334270
0.892500, 0.333957
0.892500, 0.333645
0.892500, 0.333333
0.892500, 0.333022
0.892500, 0.332712
0.892500, 0.332402
0.892500, 0.332093
0.892500, 0.331784
0.892500, 0.331476
0.892500, 0.331169
0.892500, 0.330862
0.892500, 0.330556
0.892500, 0.330250
0.892500, 0.329945
0.892500, 0.329640
0.892500, 0.329336
0.892500, 0.329032
0.892500, 0.328729
0.892500, 0.328427
0.892500, 0.328125
0.892500, 0.327824
0.892500, 0.327523
0.892500, 0.327223
0.892500, 0.326923
0.892500, 0.326624
0.892500, 0.326325
0.892500, 0.326027
0.892500, 0.325730
0.892500, 0.325433
0.892500, 0.325137
0.892500, 0.324841
0.892500, 0.324545
0.892500, 0.324251
0.892500, 0.323956
0.892500, 0.323663
0.895000, 0.324275
0.895000, 0.323982
0.895000, 0.323689
0.897500, 0.324300
0.900000, 0.324910
0.900000, 0.324324
0.900000, 0.324032
0.900000, 0.323450
0.900000, 0.323160
0.900000, 0.322870
0.902500, 0.323477
0.902500, 0.323187
0.905000, 0.323792
0.912500, 0.325602
0.912500, 0.325312
0.912500, 0.325022
0.915000, 0.325623
0.920000, 0.326821
0.920000, 0.326531
0.922500, 0.327128
0.922500, 0.326838
0.922500, 0.326549
0.922500, 0.326260
0.922500, 0.325972
0.922500, 0.325684
0.922500, 0.325397
0.925000, 0.325991
0.925000, 0.325704
0.927500, 0.326297
0.927500, 0.326011
0.927500, 0.325724
0.927500, 0.325439
0.927500, 0.325153
0.927500, 0.324869
0.927500, 0.324584
0.927500, 0.324301
0.927500, 0.324017
0.927500, 0.323735
0.927500, 0.323452
0.927500, 0.323171
0.930000, 0.323760
0.930000, 0.323478
0.930000, 0.323197
0.930000, 0.322917
0.930000, 0.322637
0.930000, 0.322357
0.930000, 0.322078
0.930000, 0.321799
0.930000, 0.321521
0.932500, 0.322107
0.935000, 0.322692
0.935000, 0.322414
0.937500, 0.322997
0.940000, 0.323580
0.942500, 0.324162
0.942500, 0.323883
0.945000, 0.324464
0.945000, 0.324185
0.947500, 0.324764
0.950000, 0.325342
0.952500, 0.325920
0.955000, 0.326496
0.957500, 0.327071
0.960000, 0.327645
0.962500, 0.328218
0.962500, 0.327939
0.965000, 0.328511
0.967500, 0.329082
0.967500, 0.328523
0.967500, 0.328244
0.967500, 0.327966
0.970000, 0.328535
0.972500, 0.329103
0.972500, 0.328825
0.972500, 0.328547
0.975000, 0.329114
0.977500, 0.329680
0.977500, 0.329402
0.980000, 0.329966
0.980000, 0.329689
0.980000, 0.329412
0.980000, 0.329135
0.980000, 0.328859
0.980000, 0.328583
0.980000, 0.328308
0.980000, 0.328033
0.980000, 0.327759
0.980000, 0.327485
0.982500, 0.328047
0.985000, 0.328607
0.985000, 0.328333
0.987500, 0.328893
0.987500, 0.328619
0.987500, 0.328346
0.987500, 0.328073
0.987500, 0.327801
0.987500, 0.327529
0.987500, 0.327258
0.987500, 0.326987
0.987500, 0.326716
0.987500, 0.326446
0.987500, 0.326177
0.987500, 0.325908
0.987500, 0.325639
0.987500, 0.325371
0.987500, 0.325103
0.987500, 0.324836
0.987500, 0.324569
0.987500, 0.324302
0.987500, 0.324036
0.987500, 0.323770
0.987500, 0.323505
0.987500, 0.323241
0.987500, 0.322976
0.987500, 0.322712
0.987500, 0.322449
0.987500, 0.322186
0.987500, 0.321923
0.987500, 0.321661
0.987500, 0.321400
0.987500, 0.321138
0.987500, 0.320877
0.987500, 0.320617
0.987500, 0.320097
0.987500, 0.319579
0.987500, 0.319063
0.987500, 0.318805
0.987500, 0.318548
0.987500, 0.318292
0.987500, 0.318035
0.987500, 0.317780
0.987500, 0.317524
0.987500, 0.317269
0.987500, 0.317014
0.987500, 0.316760
0.987500, 0.316506
0.987500, 0.316253
0.987500, 0.316000
0.987500, 0.315747
0.987500, 0.315495
0.987500, 0.315243
0.987500, 0.314992
0.987500, 0.314741
0.987500, 0.314490
0.987500, 0.314240
0.987500, 0.313990
0.987500, 0.313741
0.987500, 0.313492
0.987500, 0.313243
0.987500, 0.312995
0.987500, 0.312747
0.990000, 0.313291
0.990000, 0.313043
0.990000, 0.312796
0.990000, 0.312549
0.990000, 0.312303
0.990000, 0.312057
0.990000, 0.311811
0.990000, 0.311566
0.990000, 0.311321
0.990000, 0.311076
0.990000, 0.310832
0.990000, 0.310588
0.990000, 0.310345
0.990000, 0.310102
0.990000, 0.309859
0.990000, 0.309617
0.990000, 0.309375
0.990000, 0.309133
0.990000, 0.308892
0.990000, 0.308652
0.990000, 0.308411
0.990000, 0.308171
0.990000, 0.307932
0.990000, 0.307692
0.990000, 0.307453
0.990000, 0.307215
0.990000, 0.306977
0.990000, 0.306739
0.990000, 0.306502
0.990000, 0.306265
0.990000, 0.306028
0.990000, 0.305792
0.990000, 0.305556
0.990000, 0.305320
0.990000, 0.305085
0.990000, 0.304850
0.990000, 0.304615
0.990000, 0.304381
0.990000, 0.304147
0.990000, 0.303914
0.990000, 0.303681
0.990000, 0.303448
0.990000, 0.303216
0.990000, 0.302984
0.990000, 0.302752
0.990000, 0.302521
0.990000, 0.302290
0.990000, 0.302059
0.990000, 0.301829
0.990000, 0.301599
0.990000, 0.301370
0.990000, 0.301141
0.990000, 0.300912
0.990000, 0.300683
0.990000, 0.300455
0.990000, 0.300227
0.990000, 0.300000
0.990000, 0.299773
0.990000, 0.299546
0.990000, 0.299320
0.990000, 0.299094
0.990000, 0.298868
0.990000, 0.298643
0.990000, 0.298417
0.990000, 0.298193
0.990000, 0.297968
0.990000, 0.297744
0.990000, 0.297521
0.990000, 0.297297
0.990000, 0.297074
0.990000, 0.296852
0.990000, 0.296629
0.990000, 0.296407
0.990000, 0.296185
0.990000, 0.295964
0.990000, 0.295743
0.990000, 0.295522
0.990000, 0.295302
0.990000, 0.295082
0.990000, 0.294862
0.990000, 0.294643
0.990000, 0.294424
0.990000, 0.294205
0.990000, 0.293987
0.990000, 0.293769
0.990000, 0.293551
0.990000, 0.293333
0.990000, 0.293116
0.990000, 0.292899
0.990000, 0.292683
0.990000, 0.292467
0.990000, 0.292251
0.990000, 0.292035
0.990000, 0.291820
0.990000, 0.291605
0.990000, 0.291391
0.990000, 0.291176
0.990000, 0.290963
0.990000, 0.290749
0.990000, 0.290536
0.990000, 0.290323
0.990000, 0.290110
0.990000, 0.289898
0.990000, 0.289685
0.990000, 0.289474
0.990000, 0.289262
0.990000, 0.289051
0.990000, 0.288840
0.990000, 0.288630
0.990000, 0.288420
0.990000, 0.288210
0.990000, 0.288000
0.990000, 0.287791
0.990000, 0.287582
0.990000, 0.287373
0.990000, 0.287165
0.990000, 0.286957
0.990000, 0.286749
0.990000, 0.286541
0.990000, 0.286334
0.990000, 0.285921
0.990000, 0.285714
0.990000, 0.285508
0.990000, 0.285303
0.990000, 0.285097
0.990000, 0.284892
0.990000, 0.284687
0.990000, 0.284483
0.990000, 0.284279
0.990000, 0.283871
0.990000, 0.283668
0.990000, 0.283465
0.990000, 0.283262
0.990000, 0.283059
0.990000, 0.282857
0.990000, 0.282655
0.990000, 0.282454
0.990000, 0.282252
0.990000, 0.282051
0.990000, 0.281851
0.990000, 0.281650
0.990000, 0.281450
0.990000, 0.281250
0.990000, 0.281050
0.990000, 0.280851
0.990000, 0.280652
0.990000, 0.280453
0.990000, 0.280255
0.990000, 0.280057
0.990000, 0.279661
0.990000, 0.279464
0.990000, 0.279267
0.990000, 0.279070
0.990000, 0.278873
0.990000, 0.278677
0.990000, 0.278481
0.990000, 0.278285
0.990000, 0.278090
0.990000, 0.277895
0.990000, 0.277700
0.990000, 0.277505
0.990000, 0.277311
0.990000, 0.277117
0.990000, 0.276923
0.990000, 0.276730
0.990000, 0.276536
0.990000, 0.276343
0.990000, 0.276151
0.990000, 0.275958
0.990000, 0.275766
0.990000, 0.275574
0.990000, 0.275382
0.990000, 0.275191
0.990000, 0.275000
0.990000, 0.274809
0.990000, 0.274619
0.990000, 0.274428
0.990000, 0.274238
0.990000, 0.274048
0.990000, 0.273859
0.990000, 0.273670
0.990000, 0.273481
0.990000, 0.273292
0.990000, 0.273103
0.990000, 0.272915
0.990000, 0.272727
0.990000, 0.272540
0.990000, 0.272352
0.990000, 0.272165
0.990000, 0.271978
0.990000, 0.271605
0.990000, 0.271233
0.990000, 0.271047
0.990000, 0.270862
0.990000, 0.270677
0.990000, 0.270492
0.990000, 0.270307
0.990000, 0.270123
0.990000, 0.269939
0.990000, 0.269755
0.990000, 0.269571
0.990000, 0.269388
0.990000, 0.269205
0.990000, 0.268839
0.990000, 0.268293
0.990000, 0.268111
0.990000, 0.267930
0.990000, 0.267748
0.990000, 0.267568
0.990000, 0.267387
0.990000, 0.267206
0.990000, 0.267026
0.990000, 0.266846
0.990000, 0.266667
0.990000, 0.265772
0.990000, 0.265060
0.990000, 0.264883
0.990000, 0.264706
0.990000, 0.264529
0.990000, 0.264352
0.990000, 0.264176
0.990000, 0.264000
0.990000, 0.263824
0.990000, 0.263648
0.990000, 0.263473
0.990000, 0.263298
0.990000, 0.263123
0.990000, 0.262948
0.990000, 0.262599
0.990000, 0.262252
0.990000, 0.261905
0.990000, 0.261732
0.990000, 0.261559
0.990000, 0.261386
0.990000, 0.261214
0.990000, 0.261042
0.990000, 0.260870
0.990000, 0.260698
0.990000, 0.260526
0.990000, 0.260355
0.990000, 0.260184
0.990000, 0.260013
0.990000, 0.259843
0.990000, 0.259502
0.990000, 0.259332
0.990000, 0.259162
0.990000, 0.258824
0.990000, 0.258654
0.990000, 0.258486
0.990000, 0.258317
0.990000, 0.258149
0.990000, 0.257980
0.990000, 0.257812
0.990000, 0.257645
0.990000, 0.257477
0.990000, 0.257310
0.990000, 0.257143
0.990000, 0.256976
0.990000, 0.256809
0.990000, 0.256643
0.990000, 0.256477
0.990000, 0.256311
0.990000, 0.256145
0.990000, 0.255979
0.990000, 0.255814
0.990000, 0.255649
0.990000, 0.255484
0.990000, 0.255319
0.990000, 0.255155
0.990000, 0.254990
0.990000, 0.254826
0.990000, 0.254662
0.990000, 0.254499
0.990000, 0.254335
0.990000, 0.254172
0.990000, 0.254009
0.990000, 0.253846
0.990000, 0.253684
0.990000, 0.253521
0.990000, 0.253359
0.990000, 0.253197
0.990000, 0.252874
0.990000, 0.252712
0.990000, 0.252551
0.990000, 0.252390
0.990000, 0.252229
0.990000, 0.252069
0.990000, 0.251908
0.990000, 0.251588
0.990000, 0.251429
0.990000, 0.251269
0.990000, 0.251110
0.990000, 0.250951
0.990000, 0.250792
0.990000, 0.250633
0.990000, 0.250474
0.990000, 0.250316
0.990000, 0.250158
0.990000, 0.250000
0.990000, 0.249842
0.990000, 0.249685
0.990000, 0.249527
0.990000, 0.249370
0.990000, 0.249213
0.990000, 0.249057
0.990000, 0.248900
0.990000, 0.248744
0.990000, 0.248588
0.990000, 0.248432
0.990000, 0.248276
0.990000, 0.248120
0.990000, 0.247965
0.990000, 0.247655
0.990000, 0.247500
0.990000, 0.247345
0.990000, 0.247191
0.990000, 0.247037
0.990000, 0.246883
0.990000, 0.246729
0.990000, 0.246575
0.990000, 0.246422
0.990000, 0.246269
0.990000, 0.246116
0.990000, 0.245963
0.990000, 0.245810
0.990000, 0.245658
0.990000, 0.245505
0.990000, 0.245353
0.990000, 0.245201
0.990000, 0.245050
0.990000, 0.244898
0.990000, 0.244747
0.990000, 0.244595
0.990000, 0.244444
0.990000, 0.244294
0.990000, 0.244143
0.990000, 0.243993
0.990000, 0.243842
0.990000, 0.243692
0.990000, 0.243542
0.990000, 0.243393
0.990000, 0.243243
0.990000, 0.243094
0.990000, 0.242945
0.990000, 0.242796
0.990000, 0.242647
0.990000, 0.242498
0.990000, 0.242350
0.990000, 0.242202
0.990000, 0.241758
0.990000, 0.241611
0.990000, 0.241463
0.990000, 0.241316
0.990000, 0.241169
0.990000, 0.241023
0.990000, 0.240876
0.990000, 0.240729
0.990000, 0.240583
0.990000, 0.240437
0.990000, 0.240291
0.990000, 0.240146
0.990000, 0.240000
0.990000, 0.239855
0.990000, 0.239709
0.990000, 0.239564
0.990000, 0.239420
0.990000, 0.239275
0.990000, 0.239130
0.990000, 0.238986
0.990000, 0.238842
0.990000, 0.238698
0.990000, 0.238554
0.990000, 0.238411
0.990000, 0.238124
0.990000, 0.237981
0.990000, 0.237838
0.990000, 0.237695
0.990000, 0.237552
0.990000, 0.237410
0.990000, 0.237268
0.990000, 0.237126
0.990000, 0.236984
0.990000, 0.236842
0.990000, 0.236701
0.990000, 0.236418
0.990000, 0.236277
0.990000, 0.236136
0.990000, 0.235995
0.990000, 0.235855
0.990000, 0.235714
0.990000, 0.235574
0.990000, 0.235154
0.990000, 0.235015
0.990000, 0.234875
0.990000, 0.234736
0.990000, 0.234597
0.990000, 0.234458
0.990000, 0.234320
0.990000, 0.234043
0.990000, 0.233904
0.990000, 0.233766
0.990000, 0.233628
0.990000, 0.233491
0.990000, 0.233353
0.990000, 0.233216
0.990000, 0.233078
0.990000, 0.232941
0.990000, 0.232804
0.990000, 0.232667
0.990000, 0.232531
0.990000, 0.232394
0.990000, 0.232258
0.990000, 0.232122
0.990000, 0.231986
0.990000, 0.231850
0.990000, 0.231714
0.990000, 0.231579
0.990000, 0.231444
0.990000, 0.231308
0.990000, 0.231173
0.990000, 0.231039
0.990000, 0.230904
0.990000, 0.230769
0.990000, 0.230635
0.990000, 0.230501
0.990000, 0.230366
0.990000, 0.230233
0.990000, 0.230099
0.990000, 0.229965
0.990000, 0.229698
0.990000, 0.229565
0.990000, 0.229299
0.990000, 0.229167
0.990000, 0.229034
0.990000, 0.228769
0.990000, 0.228637
0.990000, 0.228505
0.990000, 0.228374
0.990000, 0.228242
0.990000, 0.227979
0.990000, 0.227848
0.990000, 0.227717
0.990000, 0.227586
0.990000, 0.227455
0.990000, 0.227325
0.990000, 0.227194
0.990000, 0.227064
0.990000, 0.226934
0.990000, 0.226804
0.990000, 0.226674
0.990000, 0.226545
0.990000, 0.226286
0.990000, 0.226156
0.990000, 0.226027
0.990000, 0.225770
0.990000, 0.225641
0.990000, 0.225513
0.990000, 0.225384
0.990000, 0.225256
0.990000, 0.225000
0.990000, 0.224872
0.990000, 0.224745
0.990000, 0.224617
0.990000, 0.224490
0.990000, 0.224363
0.990000, 0.224236
0.990000, 0.224109
0.990000, 0.223729
0.990000, 0.223602
0.990000, 0.223476
0.990000, 0.223350
0.990000, 0.223224
0.990000, 0.223099
0.990000, 0.222973
0.990000, 0.222847
0.990000, 0.222472
0.990000, 0.222347
0.990000, 0.222222
0.990000, 0.222098
0.990000, 0.221973
0.990000, 0.221849
0.990000, 0.221725
0.990000, 0.221600
0.990000, 0.221477
0.990000, 0.221353
0.990000, 0.221229
0.990000, 0.221106
0.990000, 0.220982
0.990000, 0.220859
0.990000, 0.220613
0.990000, 0.220490
0.990000, 0.220367
0.990000, 0.220122
0.990000, 0.220000
0.990000, 0.219878
0.990000, 0.219756
0.990000, 0.219634
0.990000, 0.219512
0.990000, 0.219391
0.990000, 0.219269
0.990000, 0.219148
0.990000, 0.219027
0.990000, 0.218905
0.990000, 0.218785
0.990000, 0.218664
0.990000, 0.218543
0.990000, 0.218423
0.990000, 0.218302
0.990000, 0.218182
0.990000, 0.217942
0.990000, 0.217822
0.990000, 0.217702
0.990000, 0.217582
0.990000, 0.217463
0.990000, 0.217344
0.990000, 0.217224
0.990000, 0.217105
0.990000, 0.216986
0.990000, 0.216867
0.990000, 0.216749
0.990000, 0.216630
0.990000, 0.216512
0.990000, 0.216393
0.990000, 0.216275
0.990000, 0.216157
0.990000, 0.216039
0.990000, 0.215921
0.990000, 0.215804
0.990000, 0.215686
0.990000, 0.215569
0.990000, 0.215452
0.990000, 0.215334
0.990000, 0.215217
0.990000, 0.215100
0.990000, 0.214984
0.990000, 0.214867
0.990000, 0.214751
0.990000, 0.214634
0.990000, 0.214518
0.990000, 0.214402
0.990000, 0.214286
0.990000, 0.214054
0.990000, 0.213938
0.990000, 0.213823
0.990000, 0.213708
0.990000, 0.213592
0.990000, 0.213477
0.990000, 0.213362
0.990000, 0.213247
0.990000, 0.213132
0.990000, 0.213018
0.990000, 0.212903
0.990000, 0.212789
0.990000, 0.212675
0.990000, 0.212560
0.990000, 0.212446
0.990000, 0.212332
0.990000, 0.212219
0.990000, 0.212105
0.990000, 0.211991
0.990000, 0.211878
0.990000, 0.211765
0.990000, 0.211652
0.990000, 0.211538
0.990000, 0.211426
0.990000, 0.211313
0.990000, 0.211200
0.990000, 0.211087
0.990000, 0.210975
0.990000, 0.210863
0.990000, 0.210750
0.990000, 0.210638
0.990000, 0.210526
0.990000, 0.210414
0.990000, 0.210303
0.990000, 0.210191
0.990000, 0.210080
0.990000, 0.209968
0.990000, 0.209746
0.990000, 0.209635
0.990000, 0.209524
0.990000, 0.209413
0.990000, 0.209302
0.990000, 0.209192
0.990000, 0.209081
0.990000, 0.208971
0.990000, 0.208861
0.990000, 0.208751
0.990000, 0.208641
0.990000, 0.208421
0.990000, 0.208311
0.990000, 0.208202
0.990000, 0.208092
0.990000, 0.207874
0.990000, 0.207765
0.990000, 0.207547
0.990000, 0.207438
0.990000, 0.207330
0.990000, 0.207221
0.990000, 0.207113
0.990000, 0.207005
0.990000, 0.206897
0.990000, 0.206789
0.990000, 0.206573
0.990000, 0.206465
0.990000, 0.206357
0.990000, 0.206250
0.990000, 0.206143
0.990000, 0.206035
0.990000, 0.205928
0.990000, 0.205821
0.990000, 0.205501
0.990000, 0.205394
0.990000, 0.205288
0.990000, 0.205181
0.990000, 0.205075
0.990000, 0.204863
0.990000, 0.204757
0.990000, 0.204651
0.990000, 0.204545
0.990000, 0.204440
0.990000, 0.204334
0.990000, 0.204229
0.990000, 0.204124
0.990000, 0.204019
0.990000, 0.203913
0.990000, 0.203809
0.990000, 0.203704
0.990000, 0.203599
0.990000, 0.203494
0.990000, 0.203390
0.990000, 0.203285
0.990000, 0.203181
0.990000, 0.203077
0.990000, 0.202973
0.990000, 0.202869
0.990000, 0.202765
0.990000, 0.202558
0.990000, 0.202454
0.990000, 0.202351
0.990000, 0.202247
0.990000, 0.202144
0.990000, 0.202041
0.990000, 0.201938
0.990000, 0.201835
0.990000, 0.201732
0.990000, 0.201629
0.990000, 0.201527
0.990000, 0.201424
0.990000, 0.201322
0.990000, 0.201220
0.990000, 0.201117
0.990000, 0.201015
0.990000, 0.200913
0.990000, 0.200811
0.990000, 0.200710
0.990000, 0.200608
0.990000, 0.200506
0.990000, 0.200405
0.990000, 0.200303
0.990000, 0.200202
0.990000, 0.200101
0.990000, 0.200000
0.990000, 0.199899
0.990000, 0.199798
0.990000, 0.199697
0.990000, 0.199597
0.990000, 0.199496
0.990000, 0.199396
0.990000, 0.199295
0.990000, 0.199195
0.990000, 0.199095
0.990000, 0.198995
0.990000, 0.198895
0.990000, 0.198795
0.990000, 0.198695
0.990000, 0.198596
0.990000, 0.198496
0.990000, 0.198397
0.990000, 0.198198
0.990000, 0.198099
0.990000, 0.198000
0.990000, 0.197901
0.990000, 0.197703
0.990000, 0.197605
0.990000, 0.197506
0.990000, 0.197408
0.990000, 0.197015
0.990000, 0.196917
0.990000, 0.196819
0.990000, 0.196721
0.990000, 0.196624
0.990000, 0.196526
0.990000, 0.196429
0.990000, 0.196331
0.990000, 0.196234
0.990000, 0.196137
0.990000, 0.196040
0.990000, 0.195943
0.990000, 0.195749
0.990000, 0.195556
0.990000, 0.195459
0.990000, 0.195363
0.990000, 0.195266
0.990000, 0.195170
0.990000, 0.195074
0.990000, 0.194978
0.990000, 0.194882
0.990000, 0.194786
0.990000, 0.194690
0.990000, 0.194595
0.990000, 0.194499
0.990000, 0.194404
0.990000, 0.194308
0.990000, 0.194213
0.990000, 0.194118
0.990000, 0.194023
0.990000, 0.193928
0.990000, 0.193833
0.990000, 0.193738
0.990000, 0.193643
0.990000, 0.193548
0.990000, 0.193454
0.990000, 0.193171
0.990000, 0.193077
0.990000, 0.192982
0.990000, 0.192888
0.990000, 0.192795
0.990000, 0.192701
0.990000, 0.192607
0.990000, 0.192513
0.990000, 0.192420
0.990000, 0.192326
0.990000, 0.192233
0.990000, 0.192140
0.990000, 0.192047
0.990000, 0.191953
0.990000, 0.191860
0.990000, 0.191768
0.990000, 0.191675
0.990000, 0.191489
0.990000, 0.191304
0.990000, 0.191212
0.990000, 0.191120
0.990000, 0.191027
0.990000, 0.190935
0.990000, 0.190843
0.990000, 0.190751
0.990000, 0.190660
0.990000, 0.190568
0.990000, 0.190476
0.990000, 0.190385
0.990000, 0.190293
0.990000, 0.190202
0.990000, 0.190110
0.990000, 0.190019
0.990000, 0.189928
0.990000, 0.189837
0.990000, 0.189746
0.990000, 0.189655
0.990000, 0.189564
0.990000, 0.189474
0.990000, 0.189383
0.990000, 0.189293
0.990000, 0.189202
0.990000, 0.189112
0.990000, 0.189021
0.990000, 0.188931
0.990000, 0.188841
0.990000, 0.188751
0.990000, 0.188661
0.990000, 0.188571
0.990000, 0.188482
0.990000, 0.188392
0.990000, 0.188302
0.990000, 0.188213
0.990000, 0.188124
0.990000, 0.188034
0.990000, 0.187945
0.990000, 0.187856
0.990000, 0.187767
0.990000, 0.187678
0.990000, 0.187500
0.990000, 0.187411
0.990000, 0.187323
0.990000, 0.187234
0.990000, 0.187146
0.990000, 0.187057
0.990000, 0.186969
0.990000, 0.186792
0.990000, 0.186704
0.990000, 0.186616
0.990000, 0.186528
0.990000, 0.186353
0.990000, 0.186265
0.990000, 0.186178
0.990000, 0.186090
0.990000, 0.186003
0.990000, 0.185915
0.990000, 0.185741
0.990000, 0.185654
0.990000, 0.185480
0.990000, 0.185393
0.990000, 0.185307
0.990000, 0.185220
0.990000, 0.185133
0.990000, 0.185047
0.990000, 0.184960
0.990000, 0.184874
0.990000, 0.184788
0.990000, 0.184701
0.990000, 0.184615
0.990000, 0.184529
0.990000, 0.184443
0.990000, 0.184358
0.990000, 0.184272
0.990000, 0.184186
0.990000, 0.184100
0.990000, 0.184015
0.990000, 0.183929
0.990000, 0.183844
0.990000, 0.183759
0.990000, 0.183673
0.990000, 0.183588
0.990000, 0.183503
0.990000, 0.183418
0.990000, 0.183333
0.990000, 0.183248
0.990000, 0.183164
0.990000, 0.183079
0.990000, 0.182994
0.990000, 0.182910
0.990000, 0.182825
0.990000, 0.182741
0.990000, 0.182657
0.990000, 0.182573
0.990000, 0.182404
0.990000, 0.182320
0.990000, 0.182237
0.990000, 0.182153
0.990000, 0.182069
0.990000, 0.181985
0.990000, 0.181902
0.990000, 0.181818
0.990000, 0.181735
0.990000, 0.181651
0.990000, 0.181568
0.990000, 0.181402
0.990000, 0.181319
0.990000, 0.181236
0.990000, 0.181153
0.990000, 0.181070
0.990000, 0.180987
0.990000, 0.180905
0.990000, 0.180822
0.990000, 0.180739
0.990000, 0.180657
0.990000, 0.180575
0.990000, 0.180492
0.990000, 0.180410
0.990000, 0.180328
0.990000, 0.180246
0.990000, 0.180164
0.990000, 0.180082
0.990000, 0.180000
0.990000, 0.179918
0.990000, 0.179837
0.990000, 0.179755
0.990000, 0.179673
0.990000, 0.179592
0.990000, 0.179510
0.990000, 0.179429
0.990000, 0.179348
0.990000, 0.179267
0.990000, 0.179186
0.990000, 0.179104
0.990000, 0.179024
0.990000, 0.178943
0.990000, 0.178862
0.990000, 0.178781
0.990000, 0.178459
0.990000, 0.178378
0.990000, 0.178298
0.990000, 0.178218
0.990000, 0.178138
0.990000, 0.178058
0.990000, 0.177978
0.990000, 0.177898
0.990000, 0.177818
0.990000, 0.177738
0.990000, 0.177658
0.990000, 0.177578
0.990000, 0.177499
0.990000, 0.177419
0.990000, 0.177340
0.990000, 0.177261
0.990000, 0.177181
0.990000, 0.177102
0.990000, 0.177023
0.990000, 0.176944
0.990000, 0.176865
0.990000, 0.176786
0.990000, 0.176707
0.990000, 0.176628
0.990000, 0.176549
0.990000, 0.176471
0.990000, 0.176392
0.990000, 0.176313
0.990000, 0.176235
0.990000, 0.176157
0.990000, 0.176078
0.990000, 0.175766
0.990000, 0.175688
0.990000, 0.175610
0.990000, 0.175532
0.990000, 0.175454
0.990000, 0.175376
0.990000, 0.175299
0.990000, 0.175221
0.990000, 0.175144
0.990000, 0.175066
0.990000, 0.174989
0.990000, 0.174912
0.990000, 0.174834
0.990000, 0.174757
0.990000, 0.174680
0.990000, 0.174603
0.990000, 0.174526
0.990000, 0.174449
0.990000, 0.174373
0.990000, 0.174296
0.990000, 0.174219
0.990000, 0.174142
0.990000, 0.174066
0.990000, 0.173989
0.990000, 0.173913
0.990000, 0.173837
0.990000, 0.173760
0.990000, 0.173684
0.990000, 0.173608
0.990000, 0.173532
0.990000, 0.173456
0.990000, 0.173380
0.990000, 0.173304
0.990000, 0.173228
0.990000, 0.173153
0.990000, 0.173077
0.990000, 0.173001
0.990000, 0.172926
0.990000, 0.172850
0.990000, 0.172775
0.990000, 0.172700
0.990000, 0.172624
0.990000, 0.172549
0.990000, 0.172474
0.990000, 0.172399
0.990000, 0.172324
0.990000, 0.172249
0.990000, 0.172174
0.990000, 0.172099
0.990000, 0.172024
0.990000, 0.171950
0.990000, 0.171875
0.990000, 0.171800
0.990000, 0.171726
0.990000, 0.171651
0.990000, 0.171577
0.990000, 0.171503
0.990000, 0.171429
0.990000, 0.171354
0.990000, 0.171280
0.990000, 0.171206
0.990000, 0.171132
0.990000, 0.171058
0.990000, 0.170984
0.990000, 0.170911
0.990000, 0.170837
0.990000, 0.170763
0.990000, 0.170690
0.990000, 0.170616
0.990000, 0.170543
0.990000, 0.170469
0.990000, 0.170396
0.990000, 0.170323
0.990000, 0.170249
0.990000, 0.170176
0.990000, 0.170103
0.990000, 0.170030
0.990000, 0.169957
0.990000, 0.169884
0.990000, 0.169811
0.990000, 0.169739
0.990000, 0.169666
0.990000, 0.169593
0.990000, 0.169521
0.990000, 0.169448
0.990000, 0.169376
0.990000, 0.169303
0.990000, 0.169231
0.990000, 0.169158
0.990000, 0.169086
0.990000, 0.169014
0.990000, 0.168942
0.990000, 0.168798
0.990000, 0.168726
0.990000, 0.168654
0.990000, 0.168582
0.990000, 0.168511
0.990000, 0.168439
0.990000, 0.168367
0.990000, 0.168296
0.990000, 0.168224
0.990000, 0.168153
0.990000, 0.168081
0.990000, 0.168010
0.990000, 0.167939
0.990000, 0.167868
0.990000, 0.167797
0.990000, 0.167726
0.990000, 0.167655
0.990000, 0.167584
0.990000, 0.167513
0.990000, 0.167442
0.990000, 0.167371
0.990000, 0.167300
0.990000, 0.167230
0.990000, 0.167159
0.990000, 0.167089
0.990000, 0.167018
0.990000, 0.166948
0.990000, 0.166877
0.990000, 0.166807
0.990000, 0.166737
0.990000, 0.166667
0.990000, 0.166597
0.990000, 0.166526
0.990000, 0.166456
0.990000, 0.166387
0.990000, 0.166317
0.990000, 0.166247
0.990000, 0.166177
0.990000, 0.166107
0.990000, 0.166038
0.990000, 0.165968
0.990000, 0.165899
0.990000, 0.165829
0.990000, 0.165760
0.990000, 0.165690
0.990000, 0.165621
0.990000, 0.165552
0.990000, 0.165483
0.990000, 0.165414
0.990000, 0.165344
0.990000, 0.165275
0.990000, 0.165207
0.990000, 0.165138
0.990000, 0.165069
0.990000, 0.165000
0.990000, 0.164931
0.990000, 0.164863
0.990000, 0.164794
0.990000, 0.164725
0.990000, 0.164657
0.990000, 0.164589
0.990000, 0.164520
0.990000, 0.164452
0.990000, 0.164384
0.990000, 0.164315
0.990000, 0.164247
0.990000, 0.164179
0.990000, 0.164111
0.990000, 0.164043
0.990000, 0.163975
0.990000, 0.163907
0.990000, 0.163839
0.990000, 0.163772
0.990000, 0.163704
0.990000, 0.163636
0.990000, 0.163569
0.990000, 0.163501
0.990000, 0.163434
0.990000, 0.163366
0.990000, 0.163299
0.990000, 0.163232
0.990000, 0.163164
0.990000, 0.163097
0.990000, 0.163030
0.990000, 0.162963
0.990000, 0.162896
0.990000, 0.162829
0.990000, 0.162762
0.990000, 0.162695
0.990000, 0.162628
0.990000, 0.162562
0.990000, 0.162495
0.990000, 0.162428
0.990000, 0.162362
0.990000, 0.162295
0.990000, 0.162229
0.990000, 0.162162
0.990000, 0.162096
0.990000, 0.162029
0.990000, 0.161963
0.990000, 0.161897
0.990000, 0.161831
0.990000, 0.161765
0.990000, 0.161699
0.990000, 0.161633
0.990000, 0.161567
0.990000, 0.161501
0.990000, 0.161435
0.990000, 0.161369
0.990000, 0.161303
0.990000, 0.161238
0.990000, 0.161172
0.990000, 0.161107
0.990000, 0.161041
0.990000, 0.160976
0.990000, 0.160910
0.990000, 0.160845
0.990000, 0.160780
0.990000, 0.160714
0.990000, 0.160649
0.990000, 0.160584
0.990000, 0.160519
0.990000, 0.160454
0.990000, 0.160389
0.990000, 0.160324
0.990000, 0.160259
0.990000, 0.160194
0.990000, 0.160129
0.990000, 0.160065
0.990000, 0.160000
0.990000, 0.159935
0.990000, 0.159871
0.990000, 0.159806
0.990000, 0.159742
0.990000, 0.159677
0.990000, 0.159613
0.990000, 0.159549
0.990000, 0.159484
0.990000, 0.159420
0.990000, 0.159356
0.990000, 0.159292
0.990000, 0.159228
0.990000, 0.159164
0.990000, 0.159100
0.990000, 0.159036
0.990000, 0.158972
0.990000, 0.158909
0.990000, 0.158845
0.990000, 0.158781
0.990000, 0.158717
0.990000, 0.158654
0.990000, 0.158590
0.990000, 0.158527
0.990000, 0.158463
0.990000, 0.158400
0.990000, 0.158337
0.990000, 0.158273
0.990000, 0.158210
0.990000, 0.158147
0.990000, 0.158084
0.990000, 0.158021
0.990000, 0.157958
0.990000, 0.157895
0.990000, 0.157832
0.990000, 0.157769
0.990000, 0.157706
0.990000, 0.157643
0.990000, 0.157581
0.990000, 0.157518
0.990000, 0.157455
0.990000, 0.157393
0.990000, 0.157330
0.990000, 0.157268
0.990000, 0.157205
0.990000, 0.157143
0.990000, 0.157081
0.990000, 0.157018
0.990000, 0.156956
0.990000, 0.156894
0.990000, 0.156832
0.990000, 0.156770
0.990000, 0.156708
0.990000, 0.156646
0.990000, 0.156584
0.990000, 0.156522
0.990000, 0.156460
0.990000, 0.156398
0.990000, 0.156336
0.990000, 0.156275
0.990000, 0.156213
0.990000, 0.156151
0.990000, 0.156090
0.990000, 0.156028
0.990000, 0.155967
0.990000, 0.155906
0.990000, 0.155844
0.990000, 0.155783
0.990000, 0.155722
0.990000, 0.155660
0.990000, 0.155599
0.990000, 0.155538
0.990000, 0.155477
0.990000, 0.155416
0.990000, 0.155355
0.990000, 0.155294
0.990000, 0.155233
0.990000, 0.155172
0.990000, 0.155112
0.990000, 0.155051
0.990000, 0.154990
0.990000, 0.154930
0.990000, 0.154869
0.990000, 0.154808
0.990000, 0.154748
0.990000, 0.154688
0.990000, 0.154627
0.990000, 0.154567
0.990000, 0.154506
0.990000, 0.154446
0.990000, 0.154386
0.990000, 0.154326
0.990000, 0.154266
0.990000, 0.154206
0.990000, 0.154146
0.990000, 0.154086
0.990000, 0.154026
0.990000, 0.153966
0.990000, 0.153906
0.990000, 0.153846
0.990000, 0.153786
0.990000, 0.153727
0.990000, 0.153667
0.990000, 0.153607
0.990000, 0.153548
0.990000, 0.153488
0.990000, 0.153429
0.990000, 0.153369
0.990000, 0.153310
0.990000, 0.153251
0.990000, 0.153191
0.990000, 0.153132
0.990000, 0.153073
0.990000, 0.153014
0.990000, 0.152955
0.990000, 0.152896
0.990000, 0.152837
0.990000, 0.152778
0.990000, 0.152719
0.990000, 0.152660
0.990000, 0.152601
0.990000, 0.152542
0.990000, 0.152484
0.990000, 0.152425
0.990000, 0.152366
0.990000, 0.152308
0.990000, 0.152249
0.990000, 0.152191
0.990000, 0.152132
0.990000, 0.152074
0.990000, 0.152015
0.990000, 0.151957
0.990000, 0.151899
0.990000, 0.151840
0.990000, 0.151782
0.990000, 0.151724
0.990000, 0.151666
0.990000, 0.151608
0.990000, 0.151550
0.990000, 0.151492
0.990000, 0.151434
0.990000, 0.151376
0.990000, 0.151318
0.990000, 0.151261
0.990000, 0.151203
0.990000, 0.151145
0.990000, 0.151087
0.990000, 0.151030
0.990000, 0.150972
0.990000, 0.150915
0.990000, 0.150857
0.990000, 0.150800
0.990000, 0.150742
0.990000, 0.150685
0.990000, 0.150628
0.990000, 0.150570
0.990000, 0.150513
0.990000, 0.150456
0.990000, 0.150399
0.990000, 0.150342
0.990000, 0.150285
0.990000, 0.150228
0.990000, 0.150171
0.990000, 0.150114
0.990000, 0.150057
0.990000, 0.150000
0.990000, 0.149943
0.990000, 0.149886
0.990000, 0.149830
0.990000, 0.149773
0.990000, 0.149716
0.990000, 0.149660
0.990000, 0.149603
0.990000, 0.149547
0.990000, 0.149490
0.990000, 0.149434
0.990000, 0.149378
0.990000, 0.149321
0.990000, 0.149209
0.990000, 0.149153
0.990000, 0.149096
0.990000, 0.149040
0.990000, 0.148984
0.990000, 0.148928
0.990000, 0.148872
0.990000, 0.148816
0.990000, 0.148760
0.990000, 0.148704
0.990000, 0.148649
0.990000, 0.148593
0.990000, 0.148537
0.990000, 0.148481
0.990000, 0.148426
0.990000, 0.148370
0.990000, 0.148315
0.990000, 0.148259
0.990000, 0.148204
0.990000, 0.148148
0.990000, 0.148093
0.990000, 0.148037
0.990000, 0.147982
0.990000, 0.147927
0.990000, 0.147872
0.990000, 0.147816
0.990000, 0.147761
0.990000, 0.147706
0.990000, 0.147651
0.990000, 0.147596
0.990000, 0.147541
0.990000, 0.147486
0.990000, 0.147431
0.990000, 0.147376
0.990000, 0.147321
0.990000, 0.147267
0.990000, 0.147212
0.990000, 0.147157
0.990000, 0.147103
0.990000, 0.147048
0.990000, 0.146993
0.990000, 0.146939
0.990000, 0.146884
0.990000, 0.146830
0.990000, 0.146775
0.990000, 0.146721
0.990000, 0.146667
0.990000, 0.146612
0.990000, 0.146558
0.990000, 0.146504
0.990000, 0.146450
0.990000, 0.146396
0.990000, 0.146341
0.990000, 0.146287
0.990000, 0.146233
0.990000, 0.146179
0.990000, 0.146125
0.990000, 0.146072
0.990000, 0.146018
0.990000, 0.145964
0.990000, 0.145910
0.990000, 0.145856
0.990000, 0.145803
0.990000, 0.145749
0.990000, 0.145695
0.990000, 0.145642
0.990000, 0.145588
0.990000, 0.145535
0.990000, 0.145481
0.990000, 0.145428
0.990000, 0.145374
0.990000, 0.145321
0.990000, 0.145268
0.990000, 0.145215
0.990000, 0.145161
0.990000, 0.145108
0.990000, 0.145055
0.990000, 0.145002
0.990000, 0.144949
0.990000, 0.144896
0.990000, 0.144843
0.990000, 0.144790
0.990000, 0.144737
0.990000, 0.144684
0.990000, 0.144631
0.990000, 0.144578
0.990000, 0.144526
0.990000, 0.144473
0.990000, 0.144420
0.990000, 0.144367
0.990000, 0.144315
0.990000, 0.144262
0.990000, 0.144210
0.990000, 0.144157
0.990000, 0.144105
0.990000, 0.144052
0.990000, 0.144000
0.990000, 0.143948
0.990000, 0.143895
0.990000, 0.143843
0.990000, 0.143791
0.990000, 0.143739
0.990000, 0.143687
0.990000, 0.143634
0.990000, 0.143582
0.990000, 0.143530
0.990000, 0.143478
0.990000, 0.143426
0.990000, 0.143374
0.990000, 0.143322
0.990000, 0.143271
0.990000, 0.143219
0.990000, 0.143167
0.990000, 0.143115
0.990000, 0.143064
0.990000, 0.143012
0.990000, 0.142960
0.990000, 0.142909
0.990000, 0.142857
0.990000, 0.142806
0.990000, 0.142754
0.990000, 0.142703
0.990000, 0.142651
0.990000, 0.142600
0.990000, 0.142549
0.990000, 0.142497
0.990000, 0.142446
0.990000, 0.142395
0.990000, 0.142344
0.990000, 0.142292
0.990000, 0.142241
0.990000, 0.142190
0.990000, 0.142139
0.990000, 0.142088
0.990000, 0.142037
0.990000, 0.141986
0.990000, 0.141935
0.990000, 0.141885
0.990000, 0.141834
0.990000, 0.141783
0.990000, 0.141732
0.990000, 0.141682
0.990000, 0.141631
0.990000, 0.141580
0.990000, 0.141530
0.990000, 0.141479
0.990000, 0.141429
0.990000, 0.141378
0.990000, 0.141328
0.990000, 0.141277
0.990000, 0.141227
0.990000, 0.141176
0.990000, 0.141126
0.990000, 0.141076
0.990000, 0.141026
0.990000, 0.140975
0.990000, 0.140925
0.990000, 0.140875
0.990000, 0.140825
0.990000, 0.140775
0.990000, 0.140725
0.990000, 0.140675
0.990000, 0.140625
0.990000, 0.140575
0.990000, 0.140525
0.990000, 0.140475
0.990000, 0.140426
0.990000, 0.140376
0.990000, 0.140326
0.992500, 0.140631
0.992500, 0.140581
0.992500, 0.140531
0.992500, 0.140481
0.992500, 0.140432
0.992500, 0.140382
0.992500, 0.140332
0.992500, 0.140283
0.992500, 0.140233
0.992500, 0.140184
0.992500, 0.140134
0.992500, 0.140085
0.992500, 0.140035
0.992500, 0.139986
0.992500, 0.139937
0.992500, 0.139887
0.992500, 0.139838
0.992500, 0.139789
0.992500, 0.139740
0.992500, 0.139690
0.992500, 0.139641
0.992500, 0.139592
0.992500, 0.139543
0.992500, 0.139494
0.992500, 0.139445
0.992500, 0.139396
0.992500, 0.139347
0.992500, 0.139298
0.992500, 0.139249
0.992500, 0.139201
0.992500, 0.139152
0.992500, 0.139103
0.992500, 0.139054
0.992500, 0.139006
0.992500, 0.138957
0.992500, 0.138908
0.992500, 0.138860
0.992500, 0.138811
0.992500, 0.138763
0.992500, 0.138714
0.992500, 0.138666
0.992500, 0.138569
0.992500, 0.138521
0.992500, 0.138472
0.992500, 0.138424
0.992500, 0.138376
0.992500, 0.138328
0.992500, 0.138279
0.992500, 0.138231
0.992500, 0.138183
0.992500, 0.138135
0.992500, 0.138087
0.992500, 0.138039
0.992500, 0.137991
0.992500, 0.137943
0.992500, 0.137895
0.992500, 0.137847
0.992500, 0.137799
0.992500, 0.137752
0.992500, 0.137704
0.992500, 0.137656
0.992500, 0.137608
0.992500, 0.137561
0.992500, 0.137513
0.992500, 0.137418
0.992500, 0.137370
0.992500, 0.137323
0.992500, 0.137275
0.992500, 0.137228
0.992500, 0.137180
0.992500, 0.137133
0.992500, 0.137086
0.992500, 0.137038
0.992500, 0.136991
0.992500, 0.136944
0.992500, 0.136897
0.992500, 0.136849
0.992500, 0.136802
0.992500, 0.136755
0.992500, 0.136661
0.992500, 0.136614
0.992500, 0.136567
0.992500, 0.136520
0.992500, 0.136473
0.992500, 0.136426
0.992500, 0.136332
0.992500, 0.136286
0.992500, 0.136239
0.992500, 0.136192
0.992500, 0.136145
0.992500, 0.136099
0.992500, 0.136052
0.992500, 0.136005
0.992500, 0.135959
0.992500, 0.135912
0.992500, 0.135866
0.992500, 0.135819
0.992500, 0.135773
0.992500, 0.135726
0.992500, 0.135680
0.992500, 0.135634
0.992500, 0.135587
0.992500, 0.135541
0.992500, 0.135495
0.992500, 0.135449
0.992500, 0.135402
0.992500, 0.135356
0.992500, 0.135310
0.992500, 0.135264
0.992500, 0.135218
0.992500, 0.135172
0.992500, 0.135080
0.992500, 0.135034
0.992500, 0.134988
0.992500, 0.134942
0.992500, 0.134896
0.992500, 0.134851
0.992500, 0.134805
0.992500, 0.134759
0.992500, 0.134713
0.992500, 0.134668
0.992500, 0.134622
0.992500, 0.134576
0.992500, 0.134531
0.992500, 0.134485
0.992500, 0.134440
0.992500, 0.134394
0.992500, 0.134349
0.992500, 0.134303
0.992500, 0.134258
0.992500, 0.134212
0.992500, 0.134167
0.992500, 0.134076
0.992500, 0.134031
0.992500, 0.133986
0.992500, 0.133941
0.992500, 0.133895
0.992500, 0.133850
0.992500, 0.133805
0.992500, 0.133760
0.992500, 0.133715
0.992500, 0.133670
0.992500, 0.133625
0.995000, 0.133917
0.995000, 0.133872
0.995000, 0.133826
0.995000, 0.133782
0.995000, 0.133737
0.995000, 0.133647
0.995000, 0.133602
0.995000, 0.133557
0.995000, 0.133512
0.995000, 0.133467
0.995000, 0.133423
0.995000, 0.133378
0.995000, 0.133333
0.995000, 0.133289
0.995000, 0.133244
0.995000, 0.133199
0.995000, 0.133155
0.995000, 0.133110
0.995000, 0.133066
0.995000, 0.133021
0.995000, 0.132977
0.995000, 0.132933
0.995000, 0.132888
0.995000, 0.132844
0.995000, 0.132799
0.995000, 0.132755
0.995000, 0.132711
0.995000, 0.132667
0.995000, 0.132622
0.995000, 0.132578
0.995000, 0.132534
0.995000, 0.132490
0.995000, 0.132446
0.995000, 0.132402
0.995000, 0.132358
0.995000, 0.132314
0.995000, 0.132270
0.995000, 0.132226
0.995000, 0.132182
0.995000, 0.132094
0.995000, 0.132050
0.995000, 0.132007
0.995000, 0.131963
0.995000, 0.131919
0.995000, 0.131875
0.995000, 0.131832
0.995000, 0.131744
0.995000, 0.131701
0.997500, 0.131988
0.997500, 0.131944
0.997500, 0.131901
0.997500, 0.131857
0.997500, 0.131814
0.997500, 0.131770
0.997500, 0.131727
0.997500, 0.131683
0.997500, 0.131553
0.997500, 0.131380
0.997500, 0.131293
1.000000, 0.131579
