0.019999999999999997 0.009584664536741217 0.0
0.0252 0.0760383386581468 0.0
0.030399999999999996 0.15527156549520715 6.389776357827476E-4
0.0356 0.18690095846645302 6.389776357827476E-4
0.040799999999999996 0.13418530351437657 0.0012779552715654952
0.046 0.1188498402555907 9.584664536741214E-4
0.051199999999999996 0.0760383386581468 6.389776357827476E-4
0.0564 0.0562300319488817 3.194888178913738E-4
0.061599999999999995 0.04089456869009583 9.584664536741214E-4
0.0668 0.028434504792332282 3.194888178913738E-4
0.072 0.022044728434504807 6.389776357827476E-4
0.07719999999999999 0.015335463258785948 3.194888178913738E-4
0.0824 0.011821086261980833 3.194888178913738E-4
0.0876 0.011182108626198084 6.389776357827476E-4
0.0928 0.006709265175718848 6.389776357827476E-4
0.09799999999999999 0.006389776357827475 6.389776357827476E-4
0.1032 0.0038338658146964853 9.584664536741214E-4
0.1084 0.006389776357827475 6.389776357827476E-4
0.11359999999999999 0.0035143769968051116 6.389776357827476E-4
0.11879999999999999 0.003194888178913738 6.389776357827476E-4
0.124 0.0022364217252396168 3.194888178913738E-4
0.12919999999999998 3.194888178913738E-4 3.194888178913738E-4
0.1344 0.0012779552715654952 3.194888178913738E-4
0.1396 6.389776357827476E-4 3.194888178913738E-4
0.14479999999999998 0.001597444089456869 3.194888178913738E-4
0.15 0.0012779552715654952 0.0
0.1552 3.194888178913738E-4 0.0
0.1604 3.194888178913738E-4 0.0
0.1656 0.0 0.0
0.17079999999999998 0.0 0.0
0.176 3.194888178913738E-4 0.0
0.1812 0.0 0.0
0.18639999999999998 0.0 0.0
0.1916 0.0 3.194888178913738E-4
0.1968 0.0 3.194888178913738E-4
0.20199999999999999 0.0 0.0
0.2072 0.0 0.0
0.21239999999999998 0.0 0.0
0.2176 0.0 6.389776357827476E-4
0.2228 0.0 3.194888178913738E-4
0.22799999999999998 0.0 3.194888178913738E-4
0.2332 0.0 3.194888178913738E-4
0.2384 0.0 0.0
0.24359999999999998 0.0 3.194888178913738E-4
0.2488 0.0 3.194888178913738E-4
0.254 0.0 6.389776357827476E-4
0.2592 0.0 6.389776357827476E-4
0.26439999999999997 0.0 0.0
0.26959999999999995 0.0 0.0
0.27479999999999993 0.0 6.389776357827476E-4
0.28 0.0 0.0
0.2852 0.0 0.0
0.2904 0.0 0.0
0.2956 0.0 0.0
0.30079999999999996 0.0 0.0
0.30599999999999994 0.0 0.0
0.31120000000000003 0.0 0.0
0.3164 0.0 0.0
0.3216 0.0 0.0
0.3268 0.0 3.194888178913738E-4
0.33199999999999996 0.0 0.0
0.33719999999999994 0.0 3.194888178913738E-4
