# ROCAUC: 0.866967641523492
# False Positive Rate True Positive Rate
0.0 0.0
0.0 0.288135593220339
0.0039075219798111365 0.288135593220339
0.0039075219798111365 0.3050847457627119
0.004558775643112993 0.3050847457627119
0.004558775643112993 0.3220338983050847
0.005861282969716705 0.3220338983050847
0.005861282969716705 0.3559322033898305
0.00846629762292413 0.3559322033898305
0.00846629762292413 0.3898305084745763
0.009117551286225985 0.3898305084745763
0.009117551286225985 0.4067796610169492
0.012373819602735266 0.4067796610169492
0.012373819602735266 0.423728813559322
0.014327580592640835 0.423728813559322
0.014327580592640835 0.4406779661016949
0.01823510257245197 0.4406779661016949
0.01823510257245197 0.4576271186440678
0.02149137088896125 0.4576271186440678
0.02149137088896125 0.4745762711864407
0.02507326603712146 0.4745762711864407
0.02507326603712146 0.5254237288135594
0.02800390752197981 0.5254237288135594
0.02800390752197981 0.5423728813559322
0.029306414848583526 0.5423728813559322
0.029306414848583526 0.559322033898305
0.033213936828394665 0.559322033898305
0.033213936828394665 0.576271186440678
0.035493324649951155 0.576271186440678
0.035493324649951155 0.5932203389830508
0.04135460761966786 0.5932203389830508
0.04135460761966786 0.6101694915254238
0.04265711494627158 0.6101694915254238
0.04265711494627158 0.6271186440677966
0.05047215890589385 0.6271186440677966
0.05047215890589385 0.6440677966101694
0.06317160534028005 0.6440677966101694
0.06317160534028005 0.6610169491525424
0.0823835884076848 0.6610169491525424
0.0823835884076848 0.6779661016949152
0.08954737870400521 0.6779661016949152
0.08954737870400521 0.6949152542372882
0.12080755454249431 0.6949152542372882
0.12080755454249431 0.711864406779661
0.13187886681862587 0.711864406779661
0.13187886681862587 0.7288135593220338
0.13774014978834256 0.7288135593220338
0.13774014978834256 0.7457627118644068
0.16183653533051123 0.7457627118644068
0.16183653533051123 0.7627118644067796
0.18202539889286878 0.7627118644067796
0.18202539889286878 0.7796610169491526
0.24324324324324326 0.7796610169491526
0.24324324324324326 0.7966101694915254
0.2751546727450342 0.7966101694915254
0.2751546727450342 0.8135593220338984
0.3331162487788994 0.8135593220338984
0.3331162487788994 0.8305084745762712
0.3933572126343211 0.8305084745762712
0.3933572126343211 0.847457627118644
0.42103549332464996 0.847457627118644
0.42103549332464996 0.864406779661017
0.4503419081732335 0.864406779661017
0.4503419081732335 0.8813559322033898
0.5034190817323347 0.8813559322033898
0.5034190817323347 0.9152542372881356
0.5464018235102572 0.9152542372881356
0.5464018235102572 0.9322033898305084
0.5877564311299251 0.9322033898305084
0.5877564311299251 0.9491525423728814
0.5945945945945946 0.9491525423728814
0.5945945945945946 0.9661016949152542
0.7691305763594921 0.9661016949152542
0.7691305763594921 0.9830508474576272
0.810159557147509 0.9830508474576272
0.810159557147509 1.0
1.0 1.0
