PR-AUC score 0.142511
0.000000, 0.000000
0.000000, 0.000000
0.000000, 0.000000
0.000000, 0.000000
0.000000, 0.000000
0.016949, 0.200000
0.033898, 0.333333
0.033898, 0.285714
0.050847, 0.375000
0.067797, 0.444444
0.067797, 0.400000
0.067797, 0.363636
0.067797, 0.333333
0.067797, 0.307692
0.067797, 0.285714
0.067797, 0.266667
0.067797, 0.250000
0.067797, 0.235294
0.067797, 0.222222
0.067797, 0.210526
0.084746, 0.250000
0.084746, 0.238095
0.084746, 0.227273
0.084746, 0.217391
0.101695, 0.250000
0.101695, 0.240000
0.101695, 0.230769
0.118644, 0.259259
0.118644, 0.250000
0.118644, 0.241379
0.118644, 0.233333
0.135593, 0.258065
0.135593, 0.250000
0.152542, 0.272727
0.152542, 0.264706
0.152542, 0.257143
0.152542, 0.250000
0.169492, 0.270270
0.169492, 0.263158
0.169492, 0.256410
0.169492, 0.250000
0.169492, 0.243902
0.186441, 0.261905
0.186441, 0.255814
0.203390, 0.272727
0.203390, 0.266667
0.203390, 0.260870
0.203390, 0.255319
0.203390, 0.250000
0.203390, 0.244898
0.220339, 0.260000
0.220339, 0.254902
0.237288, 0.269231
0.237288, 0.264151
0.237288, 0.259259
0.237288, 0.254545
0.237288, 0.250000
0.237288, 0.245614
0.237288, 0.241379
0.237288, 0.237288
0.254237, 0.250000
0.254237, 0.245902
0.254237, 0.241935
0.254237, 0.238095
0.254237, 0.234375
0.254237, 0.230769
0.254237, 0.227273
0.254237, 0.223881
0.254237, 0.220588
0.254237, 0.217391
0.254237, 0.214286
0.254237, 0.211268
0.254237, 0.208333
0.254237, 0.205479
0.271186, 0.216216
0.271186, 0.213333
0.271186, 0.210526
0.288136, 0.220779
0.288136, 0.217949
0.288136, 0.215190
0.288136, 0.212500
0.288136, 0.209877
0.288136, 0.207317
0.305085, 0.216867
0.322034, 0.226190
0.322034, 0.223529
0.322034, 0.220930
0.322034, 0.218391
0.322034, 0.215909
0.322034, 0.213483
0.322034, 0.211111
0.322034, 0.208791
0.322034, 0.206522
0.322034, 0.204301
0.322034, 0.202128
0.322034, 0.200000
0.322034, 0.197917
0.322034, 0.195876
0.322034, 0.193878
0.322034, 0.191919
0.322034, 0.190000
0.322034, 0.188119
0.322034, 0.186275
0.322034, 0.184466
0.338983, 0.192308
0.355932, 0.200000
0.355932, 0.198113
0.355932, 0.196262
0.355932, 0.194444
0.372881, 0.201835
0.372881, 0.200000
0.372881, 0.198198
0.372881, 0.196429
0.372881, 0.194690
0.389831, 0.201754
0.389831, 0.200000
0.389831, 0.198276
0.389831, 0.196581
0.389831, 0.194915
0.389831, 0.193277
0.389831, 0.191667
0.389831, 0.190083
0.389831, 0.188525
0.389831, 0.186992
0.389831, 0.185484
0.389831, 0.184000
0.389831, 0.182540
0.389831, 0.181102
0.389831, 0.179688
0.389831, 0.178295
0.389831, 0.176923
0.389831, 0.175573
0.389831, 0.174242
0.406780, 0.180451
0.406780, 0.179104
0.406780, 0.177778
0.406780, 0.176471
0.406780, 0.175182
0.406780, 0.173913
0.406780, 0.172662
0.406780, 0.171429
0.406780, 0.170213
0.406780, 0.169014
0.406780, 0.167832
0.406780, 0.166667
0.406780, 0.165517
0.406780, 0.164384
0.406780, 0.163265
0.406780, 0.162162
0.406780, 0.161074
0.406780, 0.160000
0.406780, 0.158940
0.406780, 0.157895
0.423729, 0.163399
0.440678, 0.168831
0.440678, 0.167742
0.457627, 0.173077
0.457627, 0.171975
0.457627, 0.170886
0.457627, 0.169811
0.457627, 0.168750
0.457627, 0.167702
0.457627, 0.166667
0.457627, 0.165644
0.457627, 0.164634
0.457627, 0.163636
0.457627, 0.162651
0.457627, 0.161677
0.457627, 0.160714
0.474576, 0.165680
0.474576, 0.164706
0.474576, 0.163743
0.474576, 0.162791
0.474576, 0.161850
0.474576, 0.160920
0.474576, 0.160000
0.474576, 0.159091
0.474576, 0.158192
0.474576, 0.157303
0.474576, 0.156425
0.474576, 0.155556
0.474576, 0.154696
0.474576, 0.153846
0.474576, 0.153005
0.474576, 0.152174
0.474576, 0.151351
0.474576, 0.150538
0.474576, 0.149733
0.474576, 0.148936
0.474576, 0.148148
0.474576, 0.147368
0.474576, 0.146597
0.474576, 0.145833
0.474576, 0.145078
0.474576, 0.144330
0.474576, 0.143590
0.474576, 0.142857
0.474576, 0.142132
0.474576, 0.141414
0.474576, 0.140704
0.474576, 0.140000
0.474576, 0.139303
0.474576, 0.138614
0.474576, 0.137931
0.474576, 0.137255
0.474576, 0.136585
0.474576, 0.135922
0.474576, 0.135266
0.474576, 0.134615
0.491525, 0.138756
0.491525, 0.138095
0.491525, 0.137441
0.491525, 0.136792
0.491525, 0.136150
0.491525, 0.135514
0.491525, 0.134884
0.491525, 0.134259
0.491525, 0.133641
0.491525, 0.133028
0.491525, 0.132420
0.491525, 0.131818
0.508475, 0.135747
0.508475, 0.135135
0.508475, 0.134529
0.508475, 0.133929
0.508475, 0.133333
0.508475, 0.132743
0.508475, 0.132159
0.508475, 0.131579
0.508475, 0.131004
0.508475, 0.130435
0.508475, 0.129870
0.508475, 0.129310
0.508475, 0.128755
0.508475, 0.128205
0.508475, 0.127660
0.508475, 0.127119
0.508475, 0.126582
0.508475, 0.126050
0.508475, 0.125523
0.508475, 0.125000
0.508475, 0.124481
0.508475, 0.123967
0.508475, 0.123457
0.508475, 0.122951
0.508475, 0.122449
0.508475, 0.121951
0.508475, 0.121457
0.508475, 0.120968
0.525424, 0.124498
0.525424, 0.124000
0.525424, 0.123506
0.525424, 0.123016
0.525424, 0.122530
0.525424, 0.122047
0.525424, 0.121569
0.525424, 0.121094
0.525424, 0.120623
0.525424, 0.120155
0.525424, 0.119691
0.525424, 0.119231
0.525424, 0.118774
0.525424, 0.118321
0.525424, 0.117871
0.525424, 0.117424
0.525424, 0.116981
0.525424, 0.116541
0.525424, 0.116105
0.525424, 0.115672
0.525424, 0.115242
0.542373, 0.118519
0.542373, 0.118081
0.542373, 0.117647
0.542373, 0.117216
0.542373, 0.116788
0.542373, 0.116364
0.542373, 0.115942
0.542373, 0.115523
0.542373, 0.115108
0.542373, 0.114695
0.542373, 0.114286
0.542373, 0.113879
0.542373, 0.113475
0.542373, 0.113074
0.542373, 0.112676
0.542373, 0.112281
0.542373, 0.111888
0.542373, 0.111498
0.542373, 0.111111
0.542373, 0.110727
0.542373, 0.110345
0.542373, 0.109966
0.542373, 0.109589
0.559322, 0.112628
0.559322, 0.112245
0.559322, 0.111864
0.576271, 0.114865
0.576271, 0.114478
0.576271, 0.114094
0.576271, 0.113712
0.576271, 0.113333
0.576271, 0.112957
0.576271, 0.112583
0.576271, 0.112211
0.576271, 0.111842
0.576271, 0.111475
0.576271, 0.111111
0.576271, 0.110749
0.576271, 0.110390
0.576271, 0.110032
0.593220, 0.112903
0.593220, 0.112540
0.593220, 0.112179
0.593220, 0.111821
0.593220, 0.111465
0.593220, 0.111111
0.593220, 0.110759
0.593220, 0.110410
0.593220, 0.110063
0.593220, 0.109718
0.593220, 0.109375
0.593220, 0.109034
0.593220, 0.108696
0.593220, 0.108359
0.593220, 0.108025
0.593220, 0.107692
0.593220, 0.107362
0.593220, 0.107034
0.593220, 0.106707
0.593220, 0.106383
0.593220, 0.106061
0.593220, 0.105740
0.610169, 0.108434
0.610169, 0.108108
0.610169, 0.107784
0.610169, 0.107463
0.610169, 0.107143
0.610169, 0.106825
0.610169, 0.106509
0.610169, 0.106195
0.610169, 0.105882
0.627119, 0.108504
0.627119, 0.108187
0.644068, 0.110787
0.644068, 0.110465
0.644068, 0.110145
0.644068, 0.109827
0.644068, 0.109510
0.644068, 0.109195
0.644068, 0.108883
0.644068, 0.108571
0.644068, 0.108262
0.644068, 0.107955
0.644068, 0.107649
0.644068, 0.107345
0.644068, 0.107042
0.644068, 0.106742
0.644068, 0.106443
0.644068, 0.106145
0.644068, 0.105850
0.644068, 0.105556
0.644068, 0.105263
0.644068, 0.104972
0.644068, 0.104683
0.644068, 0.104396
0.644068, 0.104110
0.644068, 0.103825
0.644068, 0.103542
0.644068, 0.103261
0.644068, 0.102981
0.644068, 0.102703
0.644068, 0.102426
0.644068, 0.102151
0.644068, 0.101877
0.661017, 0.104278
0.661017, 0.104000
0.661017, 0.103723
0.661017, 0.103448
0.661017, 0.103175
0.661017, 0.102902
0.661017, 0.102632
0.661017, 0.102362
0.661017, 0.102094
0.661017, 0.101828
0.661017, 0.101562
0.661017, 0.101299
0.661017, 0.101036
0.661017, 0.100775
0.661017, 0.100515
0.661017, 0.100257
0.661017, 0.100000
0.661017, 0.099744
0.661017, 0.099490
0.661017, 0.099237
0.661017, 0.098985
0.661017, 0.098734
0.661017, 0.098485
0.661017, 0.098237
0.661017, 0.097990
0.661017, 0.097744
0.661017, 0.097500
0.661017, 0.097257
0.661017, 0.097015
0.661017, 0.096774
0.661017, 0.096535
0.661017, 0.096296
0.661017, 0.096059
0.661017, 0.095823
0.661017, 0.095588
0.661017, 0.095355
0.661017, 0.095122
0.661017, 0.094891
0.661017, 0.094660
0.661017, 0.094431
0.661017, 0.094203
0.661017, 0.093976
0.661017, 0.093750
0.661017, 0.093525
0.661017, 0.093301
0.661017, 0.093079
0.661017, 0.092857
0.661017, 0.092637
0.677966, 0.094787
0.677966, 0.094563
0.677966, 0.094340
0.677966, 0.094118
0.677966, 0.093897
0.677966, 0.093677
0.677966, 0.093458
0.677966, 0.093240
0.677966, 0.093023
0.677966, 0.092807
0.677966, 0.092593
0.677966, 0.092379
0.677966, 0.092166
0.677966, 0.091954
0.677966, 0.091743
0.677966, 0.091533
0.677966, 0.091324
0.677966, 0.091116
0.677966, 0.090909
0.677966, 0.090703
0.677966, 0.090498
0.677966, 0.090293
0.677966, 0.090090
0.677966, 0.089888
0.677966, 0.089686
0.694915, 0.091723
0.694915, 0.091518
0.694915, 0.091314
0.694915, 0.091111
0.694915, 0.090909
0.694915, 0.090708
0.694915, 0.090508
0.694915, 0.090308
0.694915, 0.090110
0.694915, 0.089912
0.694915, 0.089716
0.694915, 0.089520
0.694915, 0.089325
0.694915, 0.089130
0.694915, 0.088937
0.694915, 0.088745
0.694915, 0.088553
0.694915, 0.088362
0.694915, 0.088172
0.694915, 0.087983
0.694915, 0.087794
0.694915, 0.087607
0.694915, 0.087420
0.694915, 0.087234
0.694915, 0.087049
0.694915, 0.086864
0.694915, 0.086681
0.694915, 0.086498
0.694915, 0.086316
0.694915, 0.086134
0.694915, 0.085954
0.694915, 0.085774
0.694915, 0.085595
0.694915, 0.085417
0.694915, 0.085239
0.694915, 0.085062
0.694915, 0.084886
0.694915, 0.084711
0.694915, 0.084536
0.694915, 0.084362
0.694915, 0.084189
0.694915, 0.084016
0.694915, 0.083845
0.694915, 0.083673
0.694915, 0.083503
0.694915, 0.083333
0.694915, 0.083164
0.694915, 0.082996
0.694915, 0.082828
0.694915, 0.082661
0.694915, 0.082495
0.694915, 0.082329
0.694915, 0.082164
0.694915, 0.082000
0.694915, 0.081836
0.694915, 0.081673
0.694915, 0.081511
0.694915, 0.081349
0.694915, 0.081188
0.694915, 0.081028
0.694915, 0.080868
0.694915, 0.080709
0.694915, 0.080550
0.694915, 0.080392
0.694915, 0.080235
0.694915, 0.080078
0.694915, 0.079922
0.694915, 0.079767
0.694915, 0.079612
0.694915, 0.079457
0.694915, 0.079304
0.694915, 0.079151
0.694915, 0.078998
0.694915, 0.078846
0.694915, 0.078695
0.694915, 0.078544
0.694915, 0.078394
0.694915, 0.078244
0.694915, 0.078095
0.694915, 0.077947
0.694915, 0.077799
0.694915, 0.077652
0.694915, 0.077505
0.694915, 0.077358
0.694915, 0.077213
0.694915, 0.077068
0.694915, 0.076923
0.694915, 0.076779
0.694915, 0.076636
0.694915, 0.076493
0.694915, 0.076350
0.694915, 0.076208
0.694915, 0.076067
0.694915, 0.075926
0.694915, 0.075786
0.694915, 0.075646
0.694915, 0.075506
0.694915, 0.075368
0.694915, 0.075229
0.694915, 0.075092
0.694915, 0.074954
0.694915, 0.074818
0.694915, 0.074681
0.694915, 0.074545
0.694915, 0.074410
0.694915, 0.074275
0.694915, 0.074141
0.694915, 0.074007
0.694915, 0.073874
0.694915, 0.073741
0.694915, 0.073609
0.694915, 0.073477
0.694915, 0.073345
0.694915, 0.073214
0.694915, 0.073084
0.694915, 0.072954
0.694915, 0.072824
0.694915, 0.072695
0.694915, 0.072566
0.694915, 0.072438
0.694915, 0.072310
0.694915, 0.072183
0.694915, 0.072056
0.694915, 0.071930
0.694915, 0.071804
0.694915, 0.071678
0.694915, 0.071553
0.694915, 0.071429
0.694915, 0.071304
0.694915, 0.071181
0.694915, 0.071057
0.694915, 0.070934
0.694915, 0.070812
0.694915, 0.070690
0.694915, 0.070568
0.694915, 0.070447
0.694915, 0.070326
0.694915, 0.070205
0.694915, 0.070085
0.694915, 0.069966
0.694915, 0.069847
0.694915, 0.069728
0.694915, 0.069610
0.694915, 0.069492
0.694915, 0.069374
0.694915, 0.069257
0.694915, 0.069140
0.694915, 0.069024
0.694915, 0.068908
0.694915, 0.068792
0.694915, 0.068677
0.694915, 0.068562
0.694915, 0.068447
0.694915, 0.068333
0.694915, 0.068220
0.694915, 0.068106
0.694915, 0.067993
0.694915, 0.067881
0.694915, 0.067769
0.694915, 0.067657
0.694915, 0.067545
0.694915, 0.067434
0.694915, 0.067323
0.694915, 0.067213
0.694915, 0.067103
0.694915, 0.066993
0.694915, 0.066884
0.694915, 0.066775
0.694915, 0.066667
0.694915, 0.066558
0.694915, 0.066451
0.694915, 0.066343
0.694915, 0.066236
0.694915, 0.066129
0.694915, 0.066023
0.694915, 0.065916
0.694915, 0.065811
0.694915, 0.065705
0.694915, 0.065600
0.694915, 0.065495
0.694915, 0.065391
0.694915, 0.065287
0.694915, 0.065183
0.694915, 0.065079
0.694915, 0.064976
0.694915, 0.064873
0.694915, 0.064771
0.694915, 0.064669
0.694915, 0.064567
0.694915, 0.064465
0.694915, 0.064364
0.694915, 0.064263
0.694915, 0.064163
0.694915, 0.064062
0.694915, 0.063963
0.694915, 0.063863
0.694915, 0.063764
0.694915, 0.063665
0.694915, 0.063566
0.694915, 0.063467
0.694915, 0.063369
0.694915, 0.063272
0.694915, 0.063174
0.694915, 0.063077
0.694915, 0.062980
0.694915, 0.062883
0.694915, 0.062787
0.694915, 0.062691
0.694915, 0.062595
0.694915, 0.062500
0.694915, 0.062405
0.694915, 0.062310
0.694915, 0.062215
0.694915, 0.062121
0.694915, 0.062027
0.694915, 0.061934
0.694915, 0.061840
0.694915, 0.061747
0.694915, 0.061654
0.694915, 0.061562
0.694915, 0.061469
0.694915, 0.061377
0.694915, 0.061286
0.694915, 0.061194
0.694915, 0.061103
0.694915, 0.061012
0.694915, 0.060921
0.694915, 0.060831
0.694915, 0.060741
0.694915, 0.060651
0.694915, 0.060561
0.694915, 0.060472
0.694915, 0.060383
0.694915, 0.060294
0.694915, 0.060206
0.694915, 0.060117
0.694915, 0.060029
0.694915, 0.059942
0.694915, 0.059854
0.694915, 0.059767
0.694915, 0.059680
0.694915, 0.059593
0.694915, 0.059507
0.694915, 0.059420
0.694915, 0.059334
0.694915, 0.059249
0.694915, 0.059163
0.694915, 0.059078
0.694915, 0.058993
0.694915, 0.058908
0.694915, 0.058824
0.694915, 0.058739
0.694915, 0.058655
0.694915, 0.058571
0.694915, 0.058488
0.694915, 0.058405
0.694915, 0.058321
0.694915, 0.058239
0.694915, 0.058156
0.694915, 0.058074
0.694915, 0.057992
0.694915, 0.057910
0.694915, 0.057828
0.694915, 0.057746
0.694915, 0.057665
0.694915, 0.057584
0.694915, 0.057504
0.694915, 0.057423
0.694915, 0.057343
0.694915, 0.057263
0.694915, 0.057183
0.694915, 0.057103
0.694915, 0.057024
0.694915, 0.056944
0.694915, 0.056865
0.694915, 0.056787
0.694915, 0.056708
0.694915, 0.056630
0.694915, 0.056552
0.694915, 0.056474
0.694915, 0.056396
0.694915, 0.056319
0.694915, 0.056241
0.694915, 0.056164
0.694915, 0.056088
0.694915, 0.056011
0.694915, 0.055935
0.694915, 0.055858
0.694915, 0.055782
0.694915, 0.055707
0.694915, 0.055631
0.694915, 0.055556
0.694915, 0.055480
0.694915, 0.055405
0.694915, 0.055331
0.694915, 0.055256
0.694915, 0.055182
0.694915, 0.055108
0.694915, 0.055034
0.694915, 0.054960
0.694915, 0.054886
0.694915, 0.054813
0.694915, 0.054740
0.694915, 0.054667
0.711864, 0.055925
0.711864, 0.055851
0.711864, 0.055777
0.711864, 0.055703
0.711864, 0.055629
0.711864, 0.055556
0.711864, 0.055482
0.711864, 0.055409
0.711864, 0.055336
0.711864, 0.055263
0.711864, 0.055191
0.711864, 0.055118
0.711864, 0.055046
0.711864, 0.054974
0.711864, 0.054902
0.711864, 0.054830
0.711864, 0.054759
0.711864, 0.054688
0.711864, 0.054616
0.711864, 0.054545
0.711864, 0.054475
0.711864, 0.054404
0.711864, 0.054334
0.711864, 0.054264
0.711864, 0.054194
0.711864, 0.054124
0.711864, 0.054054
0.711864, 0.053985
0.711864, 0.053915
0.711864, 0.053846
0.711864, 0.053777
0.711864, 0.053708
0.711864, 0.053640
0.711864, 0.053571
0.711864, 0.053503
0.711864, 0.053435
0.711864, 0.053367
0.711864, 0.053299
0.711864, 0.053232
0.711864, 0.053165
0.711864, 0.053097
0.711864, 0.053030
0.711864, 0.052963
0.711864, 0.052897
0.711864, 0.052830
0.711864, 0.052764
0.711864, 0.052698
0.711864, 0.052632
0.711864, 0.052566
0.711864, 0.052500
0.711864, 0.052434
0.711864, 0.052369
0.711864, 0.052304
0.711864, 0.052239
0.711864, 0.052174
0.711864, 0.052109
0.711864, 0.052045
0.711864, 0.051980
0.711864, 0.051916
0.711864, 0.051852
0.711864, 0.051788
0.711864, 0.051724
0.711864, 0.051661
0.711864, 0.051597
0.711864, 0.051534
0.711864, 0.051471
0.711864, 0.051408
0.711864, 0.051345
0.711864, 0.051282
0.711864, 0.051220
0.711864, 0.051157
0.711864, 0.051095
0.711864, 0.051033
0.711864, 0.050971
0.711864, 0.050909
0.711864, 0.050847
0.711864, 0.050786
0.711864, 0.050725
0.711864, 0.050663
0.711864, 0.050602
0.711864, 0.050542
0.711864, 0.050481
0.711864, 0.050420
0.711864, 0.050360
0.711864, 0.050299
0.711864, 0.050239
0.711864, 0.050179
0.711864, 0.050119
0.728814, 0.051251
0.728814, 0.051190
0.728814, 0.051130
0.728814, 0.051069
0.728814, 0.051008
0.728814, 0.050948
0.728814, 0.050888
0.728814, 0.050827
0.728814, 0.050767
0.728814, 0.050708
0.728814, 0.050648
0.728814, 0.050588
0.728814, 0.050529
0.728814, 0.050469
0.728814, 0.050410
0.728814, 0.050351
0.728814, 0.050292
0.728814, 0.050234
0.728814, 0.050175
0.728814, 0.050117
0.728814, 0.050058
0.728814, 0.050000
0.728814, 0.049942
0.745763, 0.051044
0.745763, 0.050985
0.745763, 0.050926
0.745763, 0.050867
0.745763, 0.050808
0.745763, 0.050750
0.745763, 0.050691
0.745763, 0.050633
0.745763, 0.050575
0.745763, 0.050517
0.745763, 0.050459
0.745763, 0.050401
0.745763, 0.050343
0.745763, 0.050286
0.745763, 0.050228
0.762712, 0.051311
0.762712, 0.051253
0.762712, 0.051195
0.762712, 0.051136
0.762712, 0.051078
0.762712, 0.051020
0.762712, 0.050963
0.762712, 0.050905
0.762712, 0.050847
0.762712, 0.050790
0.762712, 0.050733
0.762712, 0.050676
0.762712, 0.050619
0.762712, 0.050562
0.762712, 0.050505
0.762712, 0.050448
0.762712, 0.050392
0.762712, 0.050336
0.762712, 0.050279
0.762712, 0.050223
0.762712, 0.050167
0.762712, 0.050111
0.762712, 0.050056
0.762712, 0.050000
0.762712, 0.049945
0.762712, 0.049889
0.762712, 0.049834
0.762712, 0.049779
0.762712, 0.049724
0.762712, 0.049669
0.762712, 0.049614
0.762712, 0.049559
0.762712, 0.049505
0.762712, 0.049451
0.762712, 0.049396
0.762712, 0.049342
0.762712, 0.049288
0.762712, 0.049234
0.762712, 0.049180
0.762712, 0.049127
0.762712, 0.049073
0.762712, 0.049020
0.762712, 0.048966
0.762712, 0.048913
0.762712, 0.048860
0.762712, 0.048807
0.762712, 0.048754
0.762712, 0.048701
0.762712, 0.048649
0.762712, 0.048596
0.762712, 0.048544
0.762712, 0.048491
0.762712, 0.048439
0.762712, 0.048387
0.762712, 0.048335
0.762712, 0.048283
0.762712, 0.048232
0.762712, 0.048180
0.762712, 0.048128
0.762712, 0.048077
0.762712, 0.048026
0.762712, 0.047974
0.762712, 0.047923
0.762712, 0.047872
0.762712, 0.047821
0.762712, 0.047771
0.762712, 0.047720
0.762712, 0.047669
0.762712, 0.047619
0.762712, 0.047569
0.762712, 0.047518
0.762712, 0.047468
0.762712, 0.047418
0.762712, 0.047368
0.762712, 0.047319
0.762712, 0.047269
0.762712, 0.047219
0.762712, 0.047170
0.762712, 0.047120
0.762712, 0.047071
0.762712, 0.047022
0.762712, 0.046973
0.762712, 0.046924
0.762712, 0.046875
0.762712, 0.046826
0.762712, 0.046778
0.762712, 0.046729
0.762712, 0.046680
0.762712, 0.046632
0.762712, 0.046584
0.762712, 0.046536
0.762712, 0.046488
0.762712, 0.046440
0.762712, 0.046392
0.762712, 0.046344
0.762712, 0.046296
0.762712, 0.046249
0.762712, 0.046201
0.762712, 0.046154
0.762712, 0.046107
0.762712, 0.046059
0.762712, 0.046012
0.762712, 0.045965
0.762712, 0.045918
0.762712, 0.045872
0.762712, 0.045825
0.762712, 0.045778
0.762712, 0.045732
0.762712, 0.045685
0.762712, 0.045639
0.762712, 0.045593
0.762712, 0.045547
0.762712, 0.045501
0.762712, 0.045455
0.762712, 0.045409
0.762712, 0.045363
0.762712, 0.045317
0.762712, 0.045272
0.762712, 0.045226
0.762712, 0.045181
0.762712, 0.045135
0.762712, 0.045090
0.762712, 0.045045
0.762712, 0.045000
0.762712, 0.044955
0.762712, 0.044910
0.762712, 0.044865
0.762712, 0.044821
0.762712, 0.044776
0.762712, 0.044732
0.762712, 0.044687
0.762712, 0.044643
0.762712, 0.044599
0.762712, 0.044554
0.762712, 0.044510
0.762712, 0.044466
0.762712, 0.044423
0.762712, 0.044379
0.762712, 0.044335
0.762712, 0.044291
0.762712, 0.044248
0.762712, 0.044204
0.762712, 0.044161
0.762712, 0.044118
0.762712, 0.044074
0.762712, 0.044031
0.762712, 0.043988
0.762712, 0.043945
0.762712, 0.043902
0.762712, 0.043860
0.762712, 0.043817
0.762712, 0.043774
0.762712, 0.043732
0.762712, 0.043689
0.762712, 0.043647
0.762712, 0.043605
0.762712, 0.043562
0.762712, 0.043520
0.762712, 0.043478
0.762712, 0.043436
0.762712, 0.043394
0.762712, 0.043353
0.762712, 0.043311
0.762712, 0.043269
0.762712, 0.043228
0.762712, 0.043186
0.762712, 0.043145
0.762712, 0.043103
0.762712, 0.043062
0.762712, 0.043021
0.762712, 0.042980
0.762712, 0.042939
0.762712, 0.042898
0.762712, 0.042857
0.762712, 0.042816
0.762712, 0.042776
0.762712, 0.042735
0.762712, 0.042694
0.762712, 0.042654
0.762712, 0.042614
0.762712, 0.042573
0.762712, 0.042533
0.762712, 0.042493
0.762712, 0.042453
0.762712, 0.042413
0.762712, 0.042373
0.762712, 0.042333
0.762712, 0.042293
0.762712, 0.042254
0.762712, 0.042214
0.762712, 0.042174
0.762712, 0.042135
0.762712, 0.042095
0.762712, 0.042056
0.762712, 0.042017
0.762712, 0.041978
0.762712, 0.041938
0.762712, 0.041899
0.762712, 0.041860
0.762712, 0.041822
0.762712, 0.041783
0.762712, 0.041744
0.762712, 0.041705
0.762712, 0.041667
0.762712, 0.041628
0.762712, 0.041590
0.762712, 0.041551
0.762712, 0.041513
0.762712, 0.041475
0.762712, 0.041436
0.762712, 0.041398
0.762712, 0.041360
0.762712, 0.041322
0.762712, 0.041284
0.762712, 0.041247
0.762712, 0.041209
0.762712, 0.041171
0.762712, 0.041133
0.762712, 0.041096
0.762712, 0.041058
0.762712, 0.041021
0.762712, 0.040984
0.762712, 0.040946
0.762712, 0.040909
0.762712, 0.040872
0.762712, 0.040835
0.779661, 0.041704
0.779661, 0.041667
0.779661, 0.041629
0.779661, 0.041591
0.779661, 0.041554
0.796610, 0.042419
0.796610, 0.042381
0.796610, 0.042342
0.796610, 0.042304
0.796610, 0.042266
0.796610, 0.042228
0.796610, 0.042190
0.796610, 0.042152
0.796610, 0.042115
0.796610, 0.042077
0.796610, 0.042039
0.796610, 0.042002
0.796610, 0.041964
0.796610, 0.041927
0.796610, 0.041889
0.796610, 0.041852
0.796610, 0.041815
0.796610, 0.041778
0.796610, 0.041741
0.796610, 0.041704
0.796610, 0.041667
0.796610, 0.041630
0.796610, 0.041593
0.796610, 0.041556
0.796610, 0.041519
0.796610, 0.041483
0.796610, 0.041446
0.796610, 0.041410
0.796610, 0.041373
0.813559, 0.042216
0.813559, 0.042179
0.813559, 0.042142
0.813559, 0.042105
0.813559, 0.042068
0.813559, 0.042032
0.813559, 0.041995
0.813559, 0.041958
0.813559, 0.041921
0.813559, 0.041885
0.813559, 0.041848
0.813559, 0.041812
0.813559, 0.041775
0.813559, 0.041739
0.830508, 0.042535
0.830508, 0.042498
0.830508, 0.042461
0.830508, 0.042424
0.830508, 0.042388
0.830508, 0.042351
0.830508, 0.042314
0.830508, 0.042278
0.830508, 0.042241
0.830508, 0.042205
0.830508, 0.042169
0.830508, 0.042132
0.830508, 0.042096
0.830508, 0.042060
0.830508, 0.042024
0.830508, 0.041988
0.830508, 0.041952
0.830508, 0.041916
0.830508, 0.041880
0.830508, 0.041845
0.830508, 0.041809
0.830508, 0.041773
0.830508, 0.041738
0.830508, 0.041702
0.830508, 0.041667
0.830508, 0.041631
0.830508, 0.041596
0.830508, 0.041561
0.830508, 0.041525
0.830508, 0.041490
0.830508, 0.041455
0.830508, 0.041420
0.830508, 0.041385
0.830508, 0.041350
0.830508, 0.041315
0.830508, 0.041281
0.830508, 0.041246
0.830508, 0.041211
0.830508, 0.041176
0.830508, 0.041142
0.830508, 0.041107
0.830508, 0.041073
0.830508, 0.041039
0.830508, 0.041004
0.830508, 0.040970
0.830508, 0.040936
0.830508, 0.040902
0.830508, 0.040867
0.830508, 0.040833
0.830508, 0.040799
0.830508, 0.040765
0.830508, 0.040732
0.830508, 0.040698
0.830508, 0.040664
0.830508, 0.040630
0.830508, 0.040597
0.830508, 0.040563
0.830508, 0.040529
0.830508, 0.040496
0.830508, 0.040462
0.830508, 0.040429
0.830508, 0.040396
0.830508, 0.040362
0.830508, 0.040329
0.830508, 0.040296
0.830508, 0.040263
0.830508, 0.040230
0.830508, 0.040197
0.830508, 0.040164
0.830508, 0.040131
0.830508, 0.040098
0.830508, 0.040065
0.830508, 0.040033
0.830508, 0.040000
0.830508, 0.039967
0.830508, 0.039935
0.830508, 0.039902
0.830508, 0.039870
0.830508, 0.039837
0.830508, 0.039805
0.830508, 0.039773
0.830508, 0.039740
0.830508, 0.039708
0.830508, 0.039676
0.830508, 0.039644
0.830508, 0.039612
0.830508, 0.039580
0.830508, 0.039548
0.830508, 0.039516
0.830508, 0.039484
0.830508, 0.039452
0.830508, 0.039421
0.830508, 0.039389
0.830508, 0.039357
0.830508, 0.039326
0.830508, 0.039294
0.830508, 0.039263
0.830508, 0.039231
0.830508, 0.039200
0.830508, 0.039169
0.830508, 0.039137
0.830508, 0.039106
0.830508, 0.039075
0.830508, 0.039044
0.830508, 0.039013
0.830508, 0.038982
0.830508, 0.038951
0.830508, 0.038920
0.830508, 0.038889
0.830508, 0.038858
0.830508, 0.038827
0.830508, 0.038797
0.830508, 0.038766
0.830508, 0.038735
0.830508, 0.038705
0.830508, 0.038674
0.830508, 0.038644
0.830508, 0.038613
0.830508, 0.038583
0.830508, 0.038552
0.830508, 0.038522
0.830508, 0.038492
0.830508, 0.038462
0.830508, 0.038431
0.830508, 0.038401
0.830508, 0.038371
0.830508, 0.038341
0.830508, 0.038311
0.830508, 0.038281
0.830508, 0.038251
0.830508, 0.038222
0.830508, 0.038192
0.830508, 0.038162
0.830508, 0.038132
0.830508, 0.038103
0.830508, 0.038073
0.830508, 0.038043
0.830508, 0.038014
0.830508, 0.037984
0.830508, 0.037955
0.830508, 0.037926
0.830508, 0.037896
0.830508, 0.037867
0.830508, 0.037838
0.830508, 0.037809
0.830508, 0.037779
0.830508, 0.037750
0.830508, 0.037721
0.830508, 0.037692
0.830508, 0.037663
0.830508, 0.037634
0.830508, 0.037606
0.830508, 0.037577
0.830508, 0.037548
0.830508, 0.037519
0.830508, 0.037490
0.830508, 0.037462
0.830508, 0.037433
0.830508, 0.037405
0.830508, 0.037376
0.830508, 0.037348
0.830508, 0.037319
0.830508, 0.037291
0.830508, 0.037262
0.830508, 0.037234
0.830508, 0.037206
0.830508, 0.037178
0.830508, 0.037149
0.830508, 0.037121
0.830508, 0.037093
0.830508, 0.037065
0.830508, 0.037037
0.830508, 0.037009
0.830508, 0.036981
0.830508, 0.036953
0.830508, 0.036925
0.830508, 0.036898
0.830508, 0.036870
0.830508, 0.036842
0.830508, 0.036814
0.830508, 0.036787
0.830508, 0.036759
0.830508, 0.036732
0.830508, 0.036704
0.830508, 0.036677
0.830508, 0.036649
0.830508, 0.036622
0.830508, 0.036594
0.830508, 0.036567
0.830508, 0.036540
0.830508, 0.036513
0.830508, 0.036485
0.830508, 0.036458
0.830508, 0.036431
0.830508, 0.036404
0.830508, 0.036377
0.830508, 0.036350
0.830508, 0.036323
0.830508, 0.036296
0.830508, 0.036269
0.830508, 0.036243
0.830508, 0.036216
0.830508, 0.036189
0.830508, 0.036162
0.830508, 0.036136
0.830508, 0.036109
0.830508, 0.036082
0.830508, 0.036056
0.830508, 0.036029
0.830508, 0.036003
0.830508, 0.035977
0.830508, 0.035950
0.830508, 0.035924
0.830508, 0.035897
0.830508, 0.035871
0.830508, 0.035845
0.830508, 0.035819
0.830508, 0.035793
0.830508, 0.035766
0.830508, 0.035740
0.830508, 0.035714
0.830508, 0.035688
0.830508, 0.035662
0.830508, 0.035636
0.830508, 0.035610
0.830508, 0.035585
0.830508, 0.035559
0.830508, 0.035533
0.830508, 0.035507
0.830508, 0.035482
0.830508, 0.035456
0.830508, 0.035430
0.830508, 0.035405
0.830508, 0.035379
0.830508, 0.035354
0.830508, 0.035328
0.830508, 0.035303
0.830508, 0.035277
0.830508, 0.035252
0.830508, 0.035226
0.830508, 0.035201
0.830508, 0.035176
0.830508, 0.035151
0.830508, 0.035125
0.830508, 0.035100
0.830508, 0.035075
0.830508, 0.035050
0.830508, 0.035025
0.830508, 0.035000
0.830508, 0.034975
0.830508, 0.034950
0.830508, 0.034925
0.830508, 0.034900
0.830508, 0.034875
0.830508, 0.034851
0.830508, 0.034826
0.830508, 0.034801
0.830508, 0.034776
0.830508, 0.034752
0.830508, 0.034727
0.830508, 0.034703
0.830508, 0.034678
0.830508, 0.034653
0.830508, 0.034629
0.830508, 0.034605
0.830508, 0.034580
0.830508, 0.034556
0.830508, 0.034531
0.830508, 0.034507
0.830508, 0.034483
0.830508, 0.034459
0.830508, 0.034434
0.830508, 0.034410
0.830508, 0.034386
0.830508, 0.034362
0.830508, 0.034338
0.830508, 0.034314
0.830508, 0.034290
0.830508, 0.034266
0.830508, 0.034242
0.830508, 0.034218
0.830508, 0.034194
0.830508, 0.034170
0.830508, 0.034146
0.830508, 0.034123
0.830508, 0.034099
0.830508, 0.034075
0.830508, 0.034051
0.830508, 0.034028
0.830508, 0.034004
0.830508, 0.033981
0.830508, 0.033957
0.830508, 0.033934
0.830508, 0.033910
0.830508, 0.033887
0.830508, 0.033863
0.830508, 0.033840
0.830508, 0.033816
0.830508, 0.033793
0.830508, 0.033770
0.830508, 0.033747
0.830508, 0.033723
0.830508, 0.033700
0.830508, 0.033677
0.830508, 0.033654
0.830508, 0.033631
0.830508, 0.033608
0.830508, 0.033585
0.830508, 0.033562
0.830508, 0.033539
0.830508, 0.033516
0.830508, 0.033493
0.830508, 0.033470
0.830508, 0.033447
0.830508, 0.033424
0.830508, 0.033401
0.830508, 0.033379
0.830508, 0.033356
0.830508, 0.033333
0.830508, 0.033311
0.830508, 0.033288
0.830508, 0.033265
0.830508, 0.033243
0.830508, 0.033220
0.830508, 0.033198
0.830508, 0.033175
0.830508, 0.033153
0.830508, 0.033130
0.830508, 0.033108
0.847458, 0.033761
0.847458, 0.033738
0.847458, 0.033715
0.847458, 0.033693
0.847458, 0.033670
0.847458, 0.033647
0.847458, 0.033625
0.847458, 0.033602
0.847458, 0.033580
0.847458, 0.033557
0.847458, 0.033535
0.847458, 0.033512
0.847458, 0.033490
0.847458, 0.033467
0.847458, 0.033445
0.847458, 0.033422
0.847458, 0.033400
0.847458, 0.033378
0.847458, 0.033356
0.847458, 0.033333
0.847458, 0.033311
0.847458, 0.033289
0.847458, 0.033267
0.847458, 0.033245
0.847458, 0.033223
0.847458, 0.033201
0.847458, 0.033179
0.847458, 0.033156
0.847458, 0.033135
0.847458, 0.033113
0.847458, 0.033091
0.847458, 0.033069
0.847458, 0.033047
0.847458, 0.033025
0.847458, 0.033003
0.847458, 0.032982
0.847458, 0.032960
0.847458, 0.032938
0.847458, 0.032916
0.847458, 0.032895
0.847458, 0.032873
0.847458, 0.032852
0.847458, 0.032830
0.847458, 0.032808
0.847458, 0.032787
0.847458, 0.032765
0.847458, 0.032744
0.847458, 0.032723
0.847458, 0.032701
0.847458, 0.032680
0.847458, 0.032658
0.847458, 0.032637
0.847458, 0.032616
0.847458, 0.032595
0.847458, 0.032573
0.847458, 0.032552
0.847458, 0.032531
0.847458, 0.032510
0.847458, 0.032489
0.847458, 0.032468
0.847458, 0.032446
0.847458, 0.032425
0.847458, 0.032404
0.847458, 0.032383
0.847458, 0.032362
0.847458, 0.032342
0.847458, 0.032321
0.847458, 0.032300
0.847458, 0.032279
0.847458, 0.032258
0.847458, 0.032237
0.847458, 0.032216
0.847458, 0.032196
0.847458, 0.032175
0.847458, 0.032154
0.847458, 0.032134
0.847458, 0.032113
0.847458, 0.032092
0.847458, 0.032072
0.847458, 0.032051
0.847458, 0.032031
0.847458, 0.032010
0.847458, 0.031990
0.847458, 0.031969
0.847458, 0.031949
0.847458, 0.031928
0.847458, 0.031908
0.847458, 0.031888
0.847458, 0.031867
0.847458, 0.031847
0.847458, 0.031827
0.847458, 0.031807
0.847458, 0.031786
0.847458, 0.031766
0.847458, 0.031746
0.847458, 0.031726
0.847458, 0.031706
0.847458, 0.031686
0.847458, 0.031666
0.847458, 0.031646
0.847458, 0.031626
0.847458, 0.031606
0.847458, 0.031586
0.847458, 0.031566
0.847458, 0.031546
0.847458, 0.031526
0.847458, 0.031506
0.847458, 0.031486
0.847458, 0.031466
0.847458, 0.031447
0.847458, 0.031427
0.847458, 0.031407
0.864407, 0.032015
0.864407, 0.031995
0.864407, 0.031975
0.864407, 0.031955
0.864407, 0.031935
0.864407, 0.031915
0.864407, 0.031895
0.864407, 0.031875
0.864407, 0.031855
0.864407, 0.031835
0.864407, 0.031815
0.864407, 0.031796
0.864407, 0.031776
0.864407, 0.031756
0.864407, 0.031736
0.864407, 0.031716
0.864407, 0.031697
0.864407, 0.031677
0.864407, 0.031657
0.864407, 0.031638
0.864407, 0.031618
0.864407, 0.031599
0.864407, 0.031579
0.864407, 0.031559
0.864407, 0.031540
0.864407, 0.031520
0.864407, 0.031501
0.864407, 0.031481
0.864407, 0.031462
0.864407, 0.031443
0.864407, 0.031423
0.864407, 0.031404
0.864407, 0.031385
0.864407, 0.031365
0.864407, 0.031346
0.864407, 0.031327
0.864407, 0.031308
0.864407, 0.031288
0.864407, 0.031269
0.864407, 0.031250
0.864407, 0.031231
0.864407, 0.031212
0.864407, 0.031193
0.864407, 0.031174
0.864407, 0.031155
0.864407, 0.031136
0.864407, 0.031117
0.864407, 0.031098
0.864407, 0.031079
0.864407, 0.031060
0.864407, 0.031041
0.864407, 0.031022
0.864407, 0.031003
0.864407, 0.030984
0.864407, 0.030965
0.864407, 0.030947
0.864407, 0.030928
0.864407, 0.030909
0.864407, 0.030890
0.864407, 0.030872
0.864407, 0.030853
0.864407, 0.030834
0.864407, 0.030816
0.881356, 0.031401
0.881356, 0.031382
0.881356, 0.031363
0.881356, 0.031344
0.881356, 0.031325
0.881356, 0.031306
0.881356, 0.031288
0.881356, 0.031269
0.881356, 0.031250
0.881356, 0.031231
0.881356, 0.031212
0.881356, 0.031194
0.881356, 0.031175
0.881356, 0.031156
0.881356, 0.031138
0.881356, 0.031119
0.881356, 0.031100
0.881356, 0.031082
0.881356, 0.031063
0.881356, 0.031045
0.881356, 0.031026
0.881356, 0.031008
0.881356, 0.030989
0.881356, 0.030971
0.881356, 0.030952
0.881356, 0.030934
0.881356, 0.030916
0.881356, 0.030897
0.881356, 0.030879
0.881356, 0.030861
0.881356, 0.030842
0.881356, 0.030824
0.881356, 0.030806
0.881356, 0.030787
0.881356, 0.030769
0.881356, 0.030751
0.881356, 0.030733
0.881356, 0.030715
0.881356, 0.030697
0.881356, 0.030678
0.881356, 0.030660
0.881356, 0.030642
0.881356, 0.030624
0.881356, 0.030606
0.881356, 0.030588
0.881356, 0.030570
0.881356, 0.030552
0.881356, 0.030534
0.881356, 0.030516
0.881356, 0.030499
0.881356, 0.030481
0.881356, 0.030463
0.881356, 0.030445
0.881356, 0.030427
0.881356, 0.030409
0.881356, 0.030392
0.881356, 0.030374
0.881356, 0.030356
0.881356, 0.030338
0.881356, 0.030321
0.881356, 0.030303
0.881356, 0.030285
0.881356, 0.030268
0.881356, 0.030250
0.881356, 0.030233
0.881356, 0.030215
0.881356, 0.030197
0.881356, 0.030180
0.881356, 0.030162
0.881356, 0.030145
0.881356, 0.030127
0.881356, 0.030110
0.881356, 0.030093
0.881356, 0.030075
0.881356, 0.030058
0.881356, 0.030040
0.881356, 0.030023
0.881356, 0.030006
0.881356, 0.029988
0.881356, 0.029971
0.881356, 0.029954
0.881356, 0.029937
0.881356, 0.029919
0.881356, 0.029902
0.881356, 0.029885
0.881356, 0.029868
0.881356, 0.029851
0.881356, 0.029834
0.881356, 0.029817
0.881356, 0.029799
0.881356, 0.029782
0.881356, 0.029765
0.881356, 0.029748
0.881356, 0.029731
0.881356, 0.029714
0.881356, 0.029697
0.881356, 0.029680
0.881356, 0.029663
0.881356, 0.029647
0.881356, 0.029630
0.881356, 0.029613
0.881356, 0.029596
0.881356, 0.029579
0.881356, 0.029562
0.881356, 0.029545
0.881356, 0.029529
0.881356, 0.029512
0.881356, 0.029495
0.881356, 0.029478
0.881356, 0.029462
0.881356, 0.029445
0.881356, 0.029428
0.881356, 0.029412
0.881356, 0.029395
0.881356, 0.029379
0.881356, 0.029362
0.881356, 0.029345
0.881356, 0.029329
0.881356, 0.029312
0.881356, 0.029296
0.881356, 0.029279
0.881356, 0.029263
0.881356, 0.029246
0.881356, 0.029230
0.881356, 0.029213
0.881356, 0.029197
0.881356, 0.029181
0.881356, 0.029164
0.881356, 0.029148
0.881356, 0.029132
0.881356, 0.029115
0.881356, 0.029099
0.881356, 0.029083
0.881356, 0.029067
0.881356, 0.029050
0.881356, 0.029034
0.881356, 0.029018
0.881356, 0.029002
0.881356, 0.028986
0.881356, 0.028969
0.881356, 0.028953
0.881356, 0.028937
0.881356, 0.028921
0.881356, 0.028905
0.881356, 0.028889
0.881356, 0.028873
0.881356, 0.028857
0.881356, 0.028841
0.881356, 0.028825
0.881356, 0.028809
0.881356, 0.028793
0.881356, 0.028777
0.881356, 0.028761
0.881356, 0.028745
0.881356, 0.028729
0.881356, 0.028713
0.881356, 0.028698
0.881356, 0.028682
0.881356, 0.028666
0.881356, 0.028650
0.881356, 0.028634
0.881356, 0.028619
0.881356, 0.028603
0.881356, 0.028587
0.881356, 0.028571
0.881356, 0.028556
0.881356, 0.028540
0.881356, 0.028524
0.881356, 0.028509
0.881356, 0.028493
0.881356, 0.028478
0.881356, 0.028462
0.881356, 0.028446
0.881356, 0.028431
0.881356, 0.028415
0.881356, 0.028400
0.881356, 0.028384
0.881356, 0.028369
0.881356, 0.028353
0.881356, 0.028338
0.881356, 0.028322
0.881356, 0.028307
0.881356, 0.028292
0.881356, 0.028276
0.881356, 0.028261
0.881356, 0.028246
0.881356, 0.028230
0.881356, 0.028215
0.881356, 0.028200
0.881356, 0.028184
0.881356, 0.028169
0.881356, 0.028154
0.881356, 0.028139
0.881356, 0.028123
0.881356, 0.028108
0.881356, 0.028093
0.881356, 0.028078
0.881356, 0.028063
0.881356, 0.028047
0.881356, 0.028032
0.881356, 0.028017
0.881356, 0.028002
0.881356, 0.027987
0.881356, 0.027972
0.881356, 0.027957
0.881356, 0.027942
0.881356, 0.027927
0.881356, 0.027912
0.881356, 0.027897
0.881356, 0.027882
0.881356, 0.027867
0.881356, 0.027852
0.881356, 0.027837
0.881356, 0.027822
0.881356, 0.027807
0.881356, 0.027793
0.881356, 0.027778
0.881356, 0.027763
0.881356, 0.027748
0.881356, 0.027733
0.881356, 0.027719
0.881356, 0.027704
0.881356, 0.027689
0.881356, 0.027674
0.881356, 0.027660
0.881356, 0.027645
0.881356, 0.027630
0.881356, 0.027616
0.881356, 0.027601
0.881356, 0.027586
0.881356, 0.027572
0.881356, 0.027557
0.881356, 0.027542
0.881356, 0.027528
0.881356, 0.027513
0.881356, 0.027499
0.881356, 0.027484
0.881356, 0.027470
0.881356, 0.027455
0.881356, 0.027441
0.881356, 0.027426
0.881356, 0.027412
0.881356, 0.027397
0.881356, 0.027383
0.881356, 0.027368
0.881356, 0.027354
0.881356, 0.027340
0.881356, 0.027325
0.881356, 0.027311
0.881356, 0.027297
0.881356, 0.027282
0.881356, 0.027268
0.881356, 0.027254
0.881356, 0.027239
0.881356, 0.027225
0.881356, 0.027211
0.881356, 0.027197
0.881356, 0.027182
0.881356, 0.027168
0.881356, 0.027154
0.881356, 0.027140
0.881356, 0.027126
0.881356, 0.027112
0.881356, 0.027097
0.881356, 0.027083
0.881356, 0.027069
0.881356, 0.027055
0.881356, 0.027041
0.881356, 0.027027
0.881356, 0.027013
0.881356, 0.026999
0.881356, 0.026985
0.881356, 0.026971
0.881356, 0.026957
0.881356, 0.026943
0.881356, 0.026929
0.881356, 0.026915
0.881356, 0.026901
0.881356, 0.026887
0.881356, 0.026873
0.881356, 0.026860
0.881356, 0.026846
0.881356, 0.026832
0.881356, 0.026818
0.881356, 0.026804
0.881356, 0.026790
0.881356, 0.026777
0.881356, 0.026763
0.881356, 0.026749
0.881356, 0.026735
0.881356, 0.026721
0.881356, 0.026708
0.881356, 0.026694
0.881356, 0.026680
0.881356, 0.026667
0.881356, 0.026653
0.881356, 0.026639
0.881356, 0.026626
0.881356, 0.026612
0.881356, 0.026598
0.881356, 0.026585
0.881356, 0.026571
0.881356, 0.026558
0.881356, 0.026544
0.881356, 0.026531
0.881356, 0.026517
0.881356, 0.026504
0.881356, 0.026490
0.881356, 0.026477
0.881356, 0.026463
0.881356, 0.026450
0.881356, 0.026436
0.881356, 0.026423
0.881356, 0.026409
0.881356, 0.026396
0.881356, 0.026383
0.881356, 0.026369
0.881356, 0.026356
0.881356, 0.026342
0.881356, 0.026329
0.881356, 0.026316
0.881356, 0.026302
0.881356, 0.026289
0.881356, 0.026276
0.881356, 0.026263
0.881356, 0.026249
0.881356, 0.026236
0.881356, 0.026223
0.881356, 0.026210
0.881356, 0.026196
0.881356, 0.026183
0.881356, 0.026170
0.881356, 0.026157
0.881356, 0.026144
0.881356, 0.026131
0.881356, 0.026118
0.881356, 0.026104
0.881356, 0.026091
0.881356, 0.026078
0.881356, 0.026065
0.881356, 0.026052
0.881356, 0.026039
0.881356, 0.026026
0.881356, 0.026013
0.881356, 0.026000
0.881356, 0.025987
0.881356, 0.025974
0.881356, 0.025961
0.881356, 0.025948
0.881356, 0.025935
0.881356, 0.025922
0.881356, 0.025909
0.881356, 0.025896
0.881356, 0.025884
0.881356, 0.025871
0.881356, 0.025858
0.881356, 0.025845
0.881356, 0.025832
0.881356, 0.025819
0.881356, 0.025806
0.881356, 0.025794
0.881356, 0.025781
0.881356, 0.025768
0.881356, 0.025755
0.881356, 0.025743
0.881356, 0.025730
0.881356, 0.025717
0.881356, 0.025704
0.881356, 0.025692
0.881356, 0.025679
0.881356, 0.025666
0.881356, 0.025654
0.881356, 0.025641
0.881356, 0.025628
0.881356, 0.025616
0.881356, 0.025603
0.881356, 0.025591
0.881356, 0.025578
0.881356, 0.025565
0.881356, 0.025553
0.881356, 0.025540
0.881356, 0.025528
0.881356, 0.025515
0.881356, 0.025503
0.881356, 0.025490
0.881356, 0.025478
0.881356, 0.025465
0.881356, 0.025453
0.881356, 0.025440
0.881356, 0.025428
0.881356, 0.025415
0.881356, 0.025403
0.881356, 0.025391
0.881356, 0.025378
0.881356, 0.025366
0.881356, 0.025353
0.881356, 0.025341
0.881356, 0.025329
0.881356, 0.025316
0.881356, 0.025304
0.881356, 0.025292
0.881356, 0.025280
0.881356, 0.025267
0.881356, 0.025255
0.881356, 0.025243
0.881356, 0.025230
0.881356, 0.025218
0.881356, 0.025206
0.881356, 0.025194
0.881356, 0.025182
0.881356, 0.025169
0.881356, 0.025157
0.881356, 0.025145
0.881356, 0.025133
0.881356, 0.025121
0.881356, 0.025109
0.881356, 0.025097
0.881356, 0.025084
0.881356, 0.025072
0.881356, 0.025060
0.881356, 0.025048
0.881356, 0.025036
0.881356, 0.025024
0.881356, 0.025012
0.881356, 0.025000
0.881356, 0.024988
0.881356, 0.024976
0.881356, 0.024964
0.881356, 0.024952
0.881356, 0.024940
0.881356, 0.024928
0.881356, 0.024916
0.881356, 0.024904
0.881356, 0.024892
0.881356, 0.024880
0.881356, 0.024868
0.881356, 0.024857
0.881356, 0.024845
0.881356, 0.024833
0.881356, 0.024821
0.881356, 0.024809
0.881356, 0.024797
0.881356, 0.024786
0.881356, 0.024774
0.881356, 0.024762
0.881356, 0.024750
0.881356, 0.024738
0.881356, 0.024727
0.881356, 0.024715
0.881356, 0.024703
0.881356, 0.024691
0.881356, 0.024680
0.881356, 0.024668
0.881356, 0.024656
0.881356, 0.024645
0.881356, 0.024633
0.881356, 0.024621
0.881356, 0.024610
0.881356, 0.024598
0.881356, 0.024586
0.881356, 0.024575
0.881356, 0.024563
0.881356, 0.024551
0.881356, 0.024540
0.881356, 0.024528
0.881356, 0.024517
0.881356, 0.024505
0.881356, 0.024494
0.881356, 0.024482
0.881356, 0.024471
0.881356, 0.024459
0.881356, 0.024448
0.881356, 0.024436
0.881356, 0.024425
0.881356, 0.024413
0.881356, 0.024402
0.881356, 0.024390
0.881356, 0.024379
0.881356, 0.024367
0.881356, 0.024356
0.881356, 0.024345
0.881356, 0.024333
0.881356, 0.024322
0.881356, 0.024310
0.881356, 0.024299
0.881356, 0.024288
0.881356, 0.024276
0.881356, 0.024265
0.881356, 0.024254
0.881356, 0.024242
0.881356, 0.024231
0.881356, 0.024220
0.881356, 0.024209
0.881356, 0.024197
0.881356, 0.024186
0.881356, 0.024175
0.881356, 0.024164
0.881356, 0.024152
0.881356, 0.024141
0.881356, 0.024130
0.881356, 0.024119
0.881356, 0.024108
0.881356, 0.024096
0.881356, 0.024085
0.881356, 0.024074
0.881356, 0.024063
0.881356, 0.024052
0.881356, 0.024041
0.881356, 0.024030
0.881356, 0.024018
0.881356, 0.024007
0.881356, 0.023996
0.881356, 0.023985
0.881356, 0.023974
0.881356, 0.023963
0.881356, 0.023952
0.881356, 0.023941
0.881356, 0.023930
0.881356, 0.023919
0.881356, 0.023908
0.881356, 0.023897
0.881356, 0.023886
0.881356, 0.023875
0.881356, 0.023864
0.881356, 0.023853
0.881356, 0.023842
0.881356, 0.023831
0.881356, 0.023820
0.881356, 0.023810
0.881356, 0.023799
0.881356, 0.023788
0.881356, 0.023777
0.881356, 0.023766
0.881356, 0.023755
0.881356, 0.023744
0.881356, 0.023733
0.881356, 0.023723
0.881356, 0.023712
0.881356, 0.023701
0.881356, 0.023690
0.881356, 0.023679
0.881356, 0.023669
0.881356, 0.023658
0.881356, 0.023647
0.881356, 0.023636
0.881356, 0.023626
0.881356, 0.023615
0.881356, 0.023604
0.881356, 0.023593
0.881356, 0.023583
0.881356, 0.023572
0.881356, 0.023561
0.881356, 0.023551
0.881356, 0.023540
0.881356, 0.023529
0.881356, 0.023519
0.881356, 0.023508
0.881356, 0.023498
0.881356, 0.023487
0.881356, 0.023476
0.881356, 0.023466
0.881356, 0.023455
0.881356, 0.023445
0.881356, 0.023434
0.881356, 0.023423
0.881356, 0.023413
0.881356, 0.023402
0.881356, 0.023392
0.881356, 0.023381
0.881356, 0.023371
0.881356, 0.023360
0.881356, 0.023350
0.881356, 0.023339
0.881356, 0.023329
0.881356, 0.023318
0.881356, 0.023308
0.881356, 0.023297
0.881356, 0.023287
0.881356, 0.023277
0.881356, 0.023266
0.881356, 0.023256
0.881356, 0.023245
0.881356, 0.023235
0.881356, 0.023225
0.881356, 0.023214
0.881356, 0.023204
0.881356, 0.023194
0.881356, 0.023183
0.881356, 0.023173
0.881356, 0.023163
0.881356, 0.023152
0.881356, 0.023142
0.881356, 0.023132
0.881356, 0.023121
0.881356, 0.023111
0.881356, 0.023101
0.881356, 0.023091
0.881356, 0.023080
0.881356, 0.023070
0.881356, 0.023060
0.881356, 0.023050
0.881356, 0.023039
0.881356, 0.023029
0.881356, 0.023019
0.881356, 0.023009
0.881356, 0.022999
0.881356, 0.022989
0.881356, 0.022978
0.881356, 0.022968
0.881356, 0.022958
0.881356, 0.022948
0.881356, 0.022938
0.881356, 0.022928
0.881356, 0.022918
0.881356, 0.022907
0.881356, 0.022897
0.881356, 0.022887
0.881356, 0.022877
0.881356, 0.022867
0.881356, 0.022857
0.881356, 0.022847
0.881356, 0.022837
0.881356, 0.022827
0.881356, 0.022817
0.881356, 0.022807
0.881356, 0.022797
0.881356, 0.022787
0.881356, 0.022777
0.881356, 0.022767
0.881356, 0.022757
0.881356, 0.022747
0.881356, 0.022737
0.881356, 0.022727
0.881356, 0.022717
0.881356, 0.022707
0.881356, 0.022698
0.881356, 0.022688
0.881356, 0.022678
0.881356, 0.022668
0.881356, 0.022658
0.881356, 0.022648
0.881356, 0.022638
0.881356, 0.022628
0.881356, 0.022619
0.881356, 0.022609
0.881356, 0.022599
0.881356, 0.022589
0.881356, 0.022579
0.881356, 0.022569
0.881356, 0.022560
0.881356, 0.022550
0.881356, 0.022540
0.881356, 0.022530
0.881356, 0.022521
0.881356, 0.022511
0.881356, 0.022501
0.881356, 0.022491
0.881356, 0.022482
0.881356, 0.022472
0.881356, 0.022462
0.881356, 0.022453
0.881356, 0.022443
0.881356, 0.022433
0.881356, 0.022423
0.881356, 0.022414
0.881356, 0.022404
0.881356, 0.022394
0.881356, 0.022385
0.881356, 0.022375
0.881356, 0.022366
0.881356, 0.022356
0.881356, 0.022346
0.881356, 0.022337
0.881356, 0.022327
0.881356, 0.022318
0.881356, 0.022308
0.881356, 0.022298
0.881356, 0.022289
0.881356, 0.022279
0.881356, 0.022270
0.881356, 0.022260
0.881356, 0.022251
0.881356, 0.022241
0.881356, 0.022232
0.881356, 0.022222
0.881356, 0.022213
0.881356, 0.022203
0.881356, 0.022194
0.881356, 0.022184
0.881356, 0.022175
0.881356, 0.022165
0.881356, 0.022156
0.881356, 0.022147
0.881356, 0.022137
0.881356, 0.022128
0.881356, 0.022118
0.881356, 0.022109
0.881356, 0.022099
0.881356, 0.022090
0.881356, 0.022081
0.881356, 0.022071
0.881356, 0.022062
0.881356, 0.022053
0.881356, 0.022043
0.881356, 0.022034
0.881356, 0.022025
0.881356, 0.022015
0.881356, 0.022006
0.881356, 0.021997
0.881356, 0.021987
0.881356, 0.021978
0.881356, 0.021969
0.881356, 0.021959
0.881356, 0.021950
0.881356, 0.021941
0.881356, 0.021932
0.881356, 0.021922
0.881356, 0.021913
0.881356, 0.021904
0.881356, 0.021895
0.881356, 0.021886
0.881356, 0.021876
0.881356, 0.021867
0.881356, 0.021858
0.881356, 0.021849
0.881356, 0.021840
0.881356, 0.021830
0.881356, 0.021821
0.881356, 0.021812
0.881356, 0.021803
0.881356, 0.021794
0.881356, 0.021785
0.881356, 0.021776
0.881356, 0.021766
0.881356, 0.021757
0.881356, 0.021748
0.881356, 0.021739
0.881356, 0.021730
0.881356, 0.021721
0.881356, 0.021712
0.881356, 0.021703
0.881356, 0.021694
0.881356, 0.021685
0.881356, 0.021676
0.881356, 0.021667
0.881356, 0.021658
0.881356, 0.021649
0.881356, 0.021640
0.881356, 0.021631
0.881356, 0.021622
0.898305, 0.022028
0.898305, 0.022019
0.898305, 0.022010
0.898305, 0.022001
0.898305, 0.021992
0.898305, 0.021983
0.898305, 0.021973
0.898305, 0.021964
0.898305, 0.021955
0.898305, 0.021946
0.898305, 0.021937
0.898305, 0.021928
0.898305, 0.021919
0.898305, 0.021910
0.898305, 0.021901
0.898305, 0.021892
0.898305, 0.021883
0.898305, 0.021874
0.898305, 0.021865
0.898305, 0.021856
0.898305, 0.021847
0.898305, 0.021838
0.898305, 0.021829
0.898305, 0.021820
0.898305, 0.021811
0.898305, 0.021802
0.898305, 0.021793
0.898305, 0.021784
0.898305, 0.021775
0.898305, 0.021766
0.898305, 0.021757
0.898305, 0.021748
0.898305, 0.021739
0.898305, 0.021730
0.898305, 0.021721
0.898305, 0.021712
0.898305, 0.021704
0.898305, 0.021695
0.898305, 0.021686
0.898305, 0.021677
0.898305, 0.021668
0.898305, 0.021659
0.898305, 0.021650
0.898305, 0.021641
0.898305, 0.021633
0.898305, 0.021624
0.898305, 0.021615
0.898305, 0.021606
0.898305, 0.021597
0.898305, 0.021589
0.898305, 0.021580
0.898305, 0.021571
0.898305, 0.021562
0.898305, 0.021553
0.898305, 0.021545
0.898305, 0.021536
0.898305, 0.021527
0.898305, 0.021518
0.898305, 0.021510
0.898305, 0.021501
0.898305, 0.021492
0.898305, 0.021484
0.898305, 0.021475
0.898305, 0.021466
0.898305, 0.021457
0.898305, 0.021449
0.898305, 0.021440
0.898305, 0.021431
0.898305, 0.021423
0.898305, 0.021414
0.898305, 0.021405
0.898305, 0.021397
0.898305, 0.021388
0.898305, 0.021380
0.898305, 0.021371
0.898305, 0.021362
0.898305, 0.021354
0.898305, 0.021345
0.898305, 0.021337
0.898305, 0.021328
0.898305, 0.021319
0.898305, 0.021311
0.898305, 0.021302
0.898305, 0.021294
0.898305, 0.021285
0.898305, 0.021277
0.898305, 0.021268
0.898305, 0.021260
0.898305, 0.021251
0.898305, 0.021242
0.898305, 0.021234
0.898305, 0.021225
0.898305, 0.021217
0.898305, 0.021208
0.898305, 0.021200
0.898305, 0.021192
0.898305, 0.021183
0.898305, 0.021175
0.898305, 0.021166
0.898305, 0.021158
0.898305, 0.021149
0.898305, 0.021141
0.898305, 0.021132
0.898305, 0.021124
0.898305, 0.021116
0.898305, 0.021107
0.898305, 0.021099
0.898305, 0.021090
0.898305, 0.021082
0.898305, 0.021074
0.898305, 0.021065
0.898305, 0.021057
0.898305, 0.021048
0.898305, 0.021040
0.898305, 0.021032
0.898305, 0.021023
0.898305, 0.021015
0.898305, 0.021007
0.898305, 0.020998
0.898305, 0.020990
0.898305, 0.020982
0.898305, 0.020973
0.898305, 0.020965
0.898305, 0.020957
0.898305, 0.020949
0.898305, 0.020940
0.898305, 0.020932
0.898305, 0.020924
0.898305, 0.020916
0.898305, 0.020907
0.898305, 0.020899
0.898305, 0.020891
0.898305, 0.020883
0.898305, 0.020874
0.898305, 0.020866
0.898305, 0.020858
0.898305, 0.020850
0.898305, 0.020842
0.898305, 0.020833
0.898305, 0.020825
0.898305, 0.020817
0.898305, 0.020809
0.898305, 0.020801
0.898305, 0.020792
0.898305, 0.020784
0.898305, 0.020776
0.898305, 0.020768
0.898305, 0.020760
0.898305, 0.020752
0.898305, 0.020744
0.898305, 0.020736
0.898305, 0.020727
0.898305, 0.020719
0.898305, 0.020711
0.898305, 0.020703
0.898305, 0.020695
0.898305, 0.020687
0.898305, 0.020679
0.898305, 0.020671
0.898305, 0.020663
0.898305, 0.020655
0.898305, 0.020647
0.898305, 0.020639
0.898305, 0.020631
0.898305, 0.020623
0.898305, 0.020615
0.898305, 0.020607
0.898305, 0.020599
0.898305, 0.020591
0.898305, 0.020583
0.898305, 0.020575
0.898305, 0.020567
0.898305, 0.020559
0.898305, 0.020551
0.898305, 0.020543
0.898305, 0.020535
0.898305, 0.020527
0.898305, 0.020519
0.898305, 0.020511
0.898305, 0.020503
0.898305, 0.020495
0.898305, 0.020487
0.898305, 0.020479
0.898305, 0.020471
0.898305, 0.020463
0.898305, 0.020455
0.898305, 0.020448
0.898305, 0.020440
0.898305, 0.020432
0.898305, 0.020424
0.898305, 0.020416
0.898305, 0.020408
0.898305, 0.020400
0.898305, 0.020392
0.898305, 0.020385
0.898305, 0.020377
0.898305, 0.020369
0.898305, 0.020361
0.898305, 0.020353
0.898305, 0.020345
0.898305, 0.020338
0.898305, 0.020330
0.898305, 0.020322
0.898305, 0.020314
0.898305, 0.020307
0.898305, 0.020299
0.898305, 0.020291
0.898305, 0.020283
0.898305, 0.020275
0.898305, 0.020268
0.898305, 0.020260
0.898305, 0.020252
0.898305, 0.020244
0.898305, 0.020237
0.898305, 0.020229
0.898305, 0.020221
0.898305, 0.020214
0.898305, 0.020206
0.898305, 0.020198
0.898305, 0.020190
0.898305, 0.020183
0.898305, 0.020175
0.898305, 0.020167
0.898305, 0.020160
0.898305, 0.020152
0.898305, 0.020144
0.898305, 0.020137
0.898305, 0.020129
0.898305, 0.020121
0.898305, 0.020114
0.898305, 0.020106
0.898305, 0.020099
0.898305, 0.020091
0.898305, 0.020083
0.898305, 0.020076
0.898305, 0.020068
0.898305, 0.020061
0.898305, 0.020053
0.898305, 0.020045
0.898305, 0.020038
0.898305, 0.020030
0.898305, 0.020023
0.898305, 0.020015
0.898305, 0.020008
0.898305, 0.020000
0.898305, 0.019992
0.898305, 0.019985
0.898305, 0.019977
0.898305, 0.019970
0.898305, 0.019962
0.898305, 0.019955
0.898305, 0.019947
0.898305, 0.019940
0.898305, 0.019932
0.898305, 0.019925
0.898305, 0.019917
0.898305, 0.019910
0.898305, 0.019902
0.898305, 0.019895
0.898305, 0.019887
0.898305, 0.019880
0.898305, 0.019873
0.898305, 0.019865
0.898305, 0.019858
0.898305, 0.019850
0.898305, 0.019843
0.898305, 0.019835
0.898305, 0.019828
0.898305, 0.019820
0.898305, 0.019813
0.898305, 0.019806
0.898305, 0.019798
0.898305, 0.019791
0.898305, 0.019784
0.898305, 0.019776
0.898305, 0.019769
0.898305, 0.019761
0.898305, 0.019754
0.898305, 0.019747
0.898305, 0.019739
0.915254, 0.020104
0.915254, 0.020097
0.915254, 0.020089
0.915254, 0.020082
0.915254, 0.020074
0.915254, 0.020067
0.932203, 0.020431
0.932203, 0.020423
0.932203, 0.020416
0.932203, 0.020408
0.932203, 0.020401
0.932203, 0.020393
0.932203, 0.020385
0.932203, 0.020378
0.932203, 0.020370
0.932203, 0.020363
0.932203, 0.020355
0.932203, 0.020348
0.932203, 0.020340
0.932203, 0.020333
0.932203, 0.020325
0.932203, 0.020318
0.932203, 0.020310
0.932203, 0.020303
0.932203, 0.020295
0.932203, 0.020288
0.932203, 0.020280
0.932203, 0.020273
0.949153, 0.020634
0.949153, 0.020626
0.949153, 0.020619
0.949153, 0.020611
0.949153, 0.020603
0.949153, 0.020596
0.949153, 0.020588
0.949153, 0.020581
0.949153, 0.020573
0.949153, 0.020566
0.949153, 0.020558
0.949153, 0.020550
0.949153, 0.020543
0.949153, 0.020535
0.949153, 0.020528
0.949153, 0.020520
0.949153, 0.020513
0.949153, 0.020505
0.949153, 0.020498
0.949153, 0.020490
0.949153, 0.020483
0.949153, 0.020475
0.949153, 0.020468
0.949153, 0.020460
0.949153, 0.020453
0.949153, 0.020445
0.949153, 0.020438
0.949153, 0.020430
0.949153, 0.020423
0.949153, 0.020416
0.949153, 0.020408
0.949153, 0.020401
0.949153, 0.020393
0.949153, 0.020386
0.949153, 0.020378
0.949153, 0.020371
0.949153, 0.020364
0.949153, 0.020356
0.949153, 0.020349
0.949153, 0.020341
0.949153, 0.020334
0.949153, 0.020327
0.949153, 0.020319
0.949153, 0.020312
0.949153, 0.020305
0.949153, 0.020297
0.949153, 0.020290
0.949153, 0.020283
0.949153, 0.020275
0.949153, 0.020268
0.949153, 0.020260
0.949153, 0.020253
0.949153, 0.020246
0.949153, 0.020239
0.949153, 0.020231
0.949153, 0.020224
0.949153, 0.020217
0.949153, 0.020209
0.949153, 0.020202
0.949153, 0.020195
0.949153, 0.020187
0.949153, 0.020180
0.949153, 0.020173
0.949153, 0.020166
0.949153, 0.020158
0.949153, 0.020151
0.949153, 0.020144
0.949153, 0.020137
0.949153, 0.020129
0.949153, 0.020122
0.966102, 0.020474
0.966102, 0.020467
0.966102, 0.020459
0.966102, 0.020452
0.966102, 0.020445
0.966102, 0.020437
0.966102, 0.020430
0.966102, 0.020423
0.966102, 0.020415
0.966102, 0.020408
0.966102, 0.020401
0.966102, 0.020394
0.966102, 0.020386
0.966102, 0.020379
0.966102, 0.020372
0.966102, 0.020364
0.966102, 0.020357
0.966102, 0.020350
0.966102, 0.020343
0.966102, 0.020335
0.966102, 0.020328
0.966102, 0.020321
0.966102, 0.020314
0.966102, 0.020306
0.966102, 0.020299
0.966102, 0.020292
0.966102, 0.020285
0.966102, 0.020277
0.966102, 0.020270
0.966102, 0.020263
0.966102, 0.020256
0.966102, 0.020249
0.966102, 0.020241
0.966102, 0.020234
0.966102, 0.020227
0.966102, 0.020220
0.966102, 0.020213
0.966102, 0.020206
0.966102, 0.020198
0.966102, 0.020191
0.966102, 0.020184
0.966102, 0.020177
0.966102, 0.020170
0.966102, 0.020163
0.966102, 0.020156
0.966102, 0.020148
0.966102, 0.020141
0.966102, 0.020134
0.966102, 0.020127
0.966102, 0.020120
0.966102, 0.020113
0.966102, 0.020106
0.966102, 0.020099
0.966102, 0.020092
0.966102, 0.020085
0.966102, 0.020077
0.966102, 0.020070
0.983051, 0.020415
0.983051, 0.020408
0.983051, 0.020401
0.983051, 0.020394
0.983051, 0.020387
0.983051, 0.020379
0.983051, 0.020372
0.983051, 0.020365
0.983051, 0.020358
0.983051, 0.020351
0.983051, 0.020344
0.983051, 0.020337
0.983051, 0.020329
0.983051, 0.020322
0.983051, 0.020315
0.983051, 0.020308
0.983051, 0.020301
0.983051, 0.020294
0.983051, 0.020287
0.983051, 0.020280
0.983051, 0.020273
0.983051, 0.020266
0.983051, 0.020258
0.983051, 0.020251
0.983051, 0.020244
0.983051, 0.020237
0.983051, 0.020230
0.983051, 0.020223
0.983051, 0.020216
0.983051, 0.020209
0.983051, 0.020202
0.983051, 0.020195
0.983051, 0.020188
0.983051, 0.020181
0.983051, 0.020174
0.983051, 0.020167
0.983051, 0.020160
0.983051, 0.020153
0.983051, 0.020146
0.983051, 0.020139
0.983051, 0.020132
0.983051, 0.020125
0.983051, 0.020118
0.983051, 0.020111
0.983051, 0.020104
0.983051, 0.020097
0.983051, 0.020090
0.983051, 0.020083
0.983051, 0.020076
0.983051, 0.020069
0.983051, 0.020062
0.983051, 0.020055
1.000000, 0.020394
