0.128 0.9766084680223303 8.40558130598718E-4
0.384 0.004274838492759179 0.007156752083383331
0.64 2.1614351929681304E-4 0.01023079324671585
0.896 7.204783976560435E-5 1.6811162611974349E-4
1.1520000000000001 2.4015946588534786E-5 0.0
1.408 0.0 0.0
1.6640000000000001 0.0 0.0
1.92 4.803189317706957E-5 0.0
2.176 2.4015946588534786E-5 2.4015946588534786E-5
2.432 2.4015946588534786E-5 0.0
2.688 4.803189317706957E-5 2.4015946588534786E-5
2.944 0.0 0.0
3.2 0.0 0.0
3.456 0.0 0.0
3.712 4.803189317706957E-5 0.0
3.968 0.0 0.0
4.224 0.0 0.0
4.48 0.0 0.0
4.736 0.0 2.4015946588534786E-5
4.992 0.0 0.0
5.248 0.0 0.0
5.5040000000000004 0.0 0.0
5.76 0.0 0.0
6.016 0.0 0.0
6.272 0.0 0.0
6.5280000000000005 0.0 0.0
6.784 0.0 0.0
7.04 0.0 0.0
7.296 0.0 0.0
7.5520000000000005 0.0 2.4015946588534786E-5
7.808 0.0 0.0
8.064 0.0 0.0
8.32 0.0 0.0
8.576 0.0 0.0
8.832 0.0 0.0
9.088000000000001 0.0 0.0
9.344 0.0 2.4015946588534786E-5
9.6 0.0 0.0
9.856 0.0 0.0
10.112 0.0 0.0
10.368 0.0 0.0
10.624 0.0 0.0
10.88 0.0 0.0
11.136000000000001 0.0 0.0
11.392 2.4015946588534786E-5 0.0
11.648 0.0 0.0
11.904 0.0 0.0
12.16 0.0 0.0
12.416 0.0 0.0
12.672 0.0 2.4015946588534786E-5
12.928 0.0 0.0
13.184000000000001 0.0 0.0
13.44 0.0 0.0
13.696 0.0 0.0
13.952 0.0 0.0
14.208 0.0 0.0
14.464 0.0 0.0
14.72 0.0 0.0
14.976 0.0 0.0
15.232000000000001 0.0 0.0
15.488 0.0 0.0
15.744 0.0 0.0
16.0 0.0 0.0
16.256 0.0 0.0
16.512 0.0 0.0
16.768 0.0 0.0
17.024 0.0 0.0
17.28 0.0 0.0
17.536 0.0 0.0
17.792 0.0 0.0
18.048000000000002 0.0 0.0
18.304000000000002 0.0 0.0
18.56 0.0 0.0
18.816 0.0 0.0
19.072 0.0 0.0
19.328 0.0 0.0
19.584 2.4015946588534786E-5 0.0
