# Precision @ 1544: 0.48251295336787564
###############################################################
# k Precision
1 0.0
2 0.5
3 0.3333333333333333
4 0.5
5 0.6
6 0.6666666666666666
7 0.5714285714285714
8 0.5
9 0.5555555555555556
10 0.5
11 0.45454545454545453
12 0.4166666666666667
13 0.38461538461538464
14 0.42857142857142855
15 0.4
16 0.375
17 0.35294117647058826
18 0.3333333333333333
19 0.3157894736842105
20 0.3
21 0.2857142857142857
22 0.3181818181818182
23 0.34782608695652173
24 0.375
25 0.4
26 0.4230769230769231
27 0.4444444444444444
28 0.4642857142857143
29 0.4827586206896552
30 0.5
31 0.5161290322580645
32 0.53125
33 0.5454545454545454
34 0.5588235294117647
35 0.5714285714285714
36 0.5833333333333334
37 0.5945945945945946
38 0.6052631578947368
39 0.6153846153846154
40 0.625
41 0.6341463414634146
42 0.6428571428571429
43 0.6511627906976745
44 0.6590909090909091
45 0.6666666666666666
46 0.6739130434782609
47 0.6808510638297872
48 0.6875
49 0.6938775510204082
50 0.7
51 0.7058823529411765
52 0.7115384615384616
53 0.7169811320754716
54 0.7222222222222222
55 0.7272727272727273
56 0.7321428571428571
57 0.7368421052631579
58 0.7413793103448276
59 0.7457627118644068
60 0.75
61 0.7540983606557377
62 0.7580645161290323
63 0.7619047619047619
64 0.765625
65 0.7692307692307693
66 0.7727272727272727
67 0.7761194029850746
68 0.7794117647058824
69 0.782608695652174
70 0.7857142857142857
71 0.7887323943661971
72 0.7916666666666666
73 0.7945205479452054
74 0.7972972972972973
75 0.8
76 0.8026315789473685
77 0.8051948051948052
78 0.8076923076923077
79 0.810126582278481
80 0.8125
81 0.8148148148148148
82 0.8170731707317073
83 0.8192771084337349
84 0.8214285714285714
85 0.8235294117647058
86 0.8255813953488372
87 0.8275862068965517
88 0.8295454545454546
89 0.8314606741573034
90 0.8333333333333334
91 0.8351648351648352
92 0.8369565217391305
93 0.8387096774193549
94 0.8404255319148937
95 0.8421052631578947
96 0.84375
97 0.845360824742268
98 0.8469387755102041
99 0.8484848484848485
100 0.85
101 0.8514851485148515
102 0.8529411764705882
103 0.8543689320388349
104 0.8557692307692307
105 0.8476190476190476
106 0.8490566037735849
107 0.8504672897196262
108 0.8518518518518519
109 0.8532110091743119
110 0.8545454545454545
111 0.8558558558558559
112 0.8571428571428571
113 0.8584070796460177
114 0.8596491228070176
115 0.8608695652173913
116 0.8620689655172413
117 0.8632478632478633
118 0.864406779661017
119 0.865546218487395
120 0.8666666666666667
121 0.8677685950413223
122 0.8688524590163934
123 0.8699186991869918
124 0.8709677419354839
125 0.872
126 0.873015873015873
127 0.8740157480314961
128 0.875
129 0.875968992248062
130 0.8769230769230769
131 0.8778625954198473
132 0.8787878787878788
133 0.8796992481203008
134 0.8805970149253731
135 0.8814814814814815
136 0.8823529411764706
137 0.8832116788321168
138 0.8840579710144928
139 0.8848920863309353
140 0.8857142857142857
141 0.8865248226950354
142 0.8873239436619719
143 0.8881118881118881
144 0.8888888888888888
145 0.8896551724137931
146 0.8904109589041096
147 0.891156462585034
148 0.8918918918918919
149 0.8926174496644296
150 0.8933333333333333
151 0.8940397350993378
152 0.8947368421052632
153 0.8954248366013072
154 0.8961038961038961
155 0.896774193548387
156 0.8974358974358975
157 0.8980891719745223
158 0.8987341772151899
159 0.89937106918239
160 0.9
161 0.9006211180124224
162 0.9012345679012346
163 0.901840490797546
164 0.9024390243902439
165 0.9030303030303031
166 0.9036144578313253
167 0.9041916167664671
168 0.9047619047619048
169 0.9053254437869822
170 0.9058823529411765
171 0.9064327485380117
172 0.9069767441860465
173 0.9075144508670521
174 0.9080459770114943
175 0.9085714285714286
176 0.9090909090909091
177 0.9096045197740112
178 0.9101123595505618
179 0.9106145251396648
180 0.9111111111111111
181 0.9116022099447514
182 0.9120879120879121
183 0.912568306010929
184 0.9130434782608695
185 0.9135135135135135
186 0.9139784946236559
187 0.9144385026737968
188 0.9148936170212766
189 0.9153439153439153
190 0.9157894736842105
191 0.9162303664921466
192 0.9166666666666666
193 0.917098445595855
194 0.9175257731958762
195 0.9179487179487179
196 0.9183673469387755
197 0.9187817258883249
198 0.9191919191919192
199 0.9195979899497487
200 0.92
201 0.9203980099502488
202 0.9207920792079208
203 0.9211822660098522
204 0.9215686274509803
205 0.9219512195121952
206 0.9223300970873787
207 0.9227053140096618
208 0.9230769230769231
209 0.9234449760765551
210 0.9238095238095239
211 0.9241706161137441
212 0.9245283018867925
213 0.9248826291079812
214 0.9252336448598131
215 0.9255813953488372
216 0.9259259259259259
217 0.9262672811059908
218 0.926605504587156
219 0.9269406392694064
220 0.9272727272727272
221 0.9276018099547512
222 0.9279279279279279
223 0.9282511210762332
224 0.9285714285714286
225 0.9288888888888889
226 0.9292035398230089
227 0.9295154185022027
228 0.9298245614035088
229 0.9301310043668122
230 0.9304347826086956
231 0.9307359307359307
232 0.9310344827586207
233 0.9313304721030042
234 0.9316239316239316
235 0.9319148936170213
236 0.9322033898305084
237 0.9324894514767933
238 0.9327731092436975
239 0.9330543933054394
240 0.9333333333333333
241 0.9336099585062241
242 0.9338842975206612
243 0.934156378600823
244 0.9344262295081968
245 0.9346938775510204
246 0.9349593495934959
247 0.9352226720647774
248 0.9354838709677419
249 0.9357429718875502
250 0.936
251 0.9362549800796812
252 0.9365079365079365
253 0.9367588932806324
254 0.937007874015748
255 0.9372549019607843
256 0.9375
257 0.9377431906614786
258 0.937984496124031
259 0.9382239382239382
260 0.9384615384615385
261 0.9386973180076629
262 0.9389312977099237
263 0.9391634980988594
264 0.9393939393939394
265 0.939622641509434
266 0.9398496240601504
267 0.9400749063670412
268 0.9402985074626866
269 0.9405204460966543
270 0.9407407407407408
271 0.940959409594096
272 0.9375
273 0.9377289377289377
274 0.9379562043795621
275 0.9381818181818182
276 0.9384057971014492
277 0.9386281588447654
278 0.9388489208633094
279 0.9390681003584229
280 0.9392857142857143
281 0.9395017793594306
282 0.9397163120567376
283 0.9399293286219081
284 0.9401408450704225
285 0.9403508771929825
286 0.9405594405594405
287 0.9407665505226481
288 0.9409722222222222
289 0.9411764705882353
290 0.9413793103448276
291 0.9415807560137457
292 0.9417808219178082
293 0.9419795221843004
294 0.9421768707482994
295 0.9423728813559322
296 0.9425675675675675
297 0.9427609427609428
298 0.9429530201342282
299 0.9431438127090301
300 0.9433333333333334
301 0.9435215946843853
302 0.9437086092715232
303 0.9438943894389439
304 0.944078947368421
305 0.9442622950819672
306 0.9444444444444444
307 0.9446254071661238
308 0.9448051948051948
309 0.9449838187702265
310 0.9451612903225807
311 0.9453376205787781
312 0.9455128205128205
313 0.9456869009584664
314 0.945859872611465
315 0.946031746031746
316 0.9462025316455697
317 0.9463722397476341
318 0.9465408805031447
319 0.9467084639498433
320 0.946875
321 0.9470404984423676
322 0.9472049689440993
323 0.9473684210526315
324 0.9475308641975309
325 0.9476923076923077
326 0.9478527607361963
327 0.9480122324159022
328 0.948170731707317
329 0.9483282674772037
330 0.9484848484848485
331 0.9486404833836858
332 0.9487951807228916
333 0.948948948948949
334 0.9491017964071856
335 0.9462686567164179
336 0.9464285714285714
337 0.9465875370919882
338 0.9467455621301775
339 0.9469026548672567
340 0.9470588235294117
341 0.9472140762463344
342 0.9473684210526315
343 0.9475218658892128
344 0.9476744186046512
345 0.9478260869565217
346 0.9479768786127167
347 0.9481268011527377
348 0.9482758620689655
349 0.9484240687679083
350 0.9485714285714286
351 0.9487179487179487
352 0.9488636363636364
353 0.9490084985835694
354 0.9491525423728814
355 0.9492957746478873
356 0.949438202247191
357 0.9495798319327731
358 0.9497206703910615
359 0.9498607242339833
360 0.95
361 0.9501385041551247
362 0.9502762430939227
363 0.9504132231404959
364 0.9505494505494505
365 0.9506849315068493
366 0.9508196721311475
367 0.9509536784741145
368 0.9510869565217391
369 0.9512195121951219
370 0.9513513513513514
371 0.9514824797843666
372 0.9516129032258065
373 0.9517426273458445
374 0.9518716577540107
375 0.952
376 0.9521276595744681
377 0.9522546419098143
378 0.9497354497354498
379 0.9498680738786279
380 0.95
381 0.9501312335958005
382 0.9502617801047121
383 0.9503916449086162
384 0.9505208333333334
385 0.9506493506493506
386 0.9507772020725389
387 0.9509043927648578
388 0.9510309278350515
389 0.9511568123393316
390 0.9512820512820512
391 0.9514066496163683
392 0.951530612244898
393 0.9516539440203562
394 0.9517766497461929
395 0.9518987341772152
396 0.952020202020202
397 0.9521410579345088
398 0.9522613065326633
399 0.949874686716792
400 0.95
401 0.9501246882793017
402 0.9502487562189055
403 0.9503722084367245
404 0.9504950495049505
405 0.9506172839506173
406 0.9482758620689655
407 0.9484029484029484
408 0.9485294117647058
409 0.9486552567237164
410 0.948780487804878
411 0.948905109489051
412 0.9490291262135923
413 0.9491525423728814
414 0.9492753623188406
415 0.9493975903614458
416 0.9495192307692307
417 0.9496402877697842
418 0.9497607655502392
419 0.9498806682577565
420 0.95
421 0.9501187648456056
422 0.9502369668246445
423 0.9479905437352246
424 0.9481132075471698
425 0.9482352941176471
426 0.9483568075117371
427 0.9484777517564403
428 0.9485981308411215
429 0.9487179487179487
430 0.9488372093023256
431 0.9489559164733179
432 0.9490740740740741
433 0.9491916859122402
434 0.9493087557603687
435 0.9494252873563218
436 0.9495412844036697
437 0.9496567505720824
438 0.9497716894977168
439 0.9498861047835991
440 0.95
441 0.9501133786848073
442 0.9502262443438914
443 0.9503386004514672
444 0.9504504504504504
445 0.950561797752809
446 0.9506726457399103
447 0.9507829977628636
448 0.9508928571428571
449 0.9510022271714922
450 0.9511111111111111
451 0.9512195121951219
452 0.9513274336283186
453 0.9514348785871964
454 0.9515418502202643
455 0.9516483516483516
456 0.9517543859649122
457 0.9518599562363238
458 0.9519650655021834
459 0.9498910675381264
460 0.9478260869565217
461 0.9479392624728851
462 0.948051948051948
463 0.9481641468682506
464 0.9482758620689655
465 0.9483870967741935
466 0.9484978540772532
467 0.9486081370449678
468 0.9487179487179487
469 0.9488272921108742
470 0.948936170212766
471 0.9490445859872612
472 0.9491525423728814
473 0.9492600422832981
474 0.9493670886075949
475 0.9494736842105264
476 0.9495798319327731
477 0.949685534591195
478 0.9497907949790795
479 0.9498956158663883
480 0.95
481 0.9501039501039501
482 0.950207468879668
483 0.9503105590062112
484 0.9504132231404959
485 0.9505154639175257
486 0.9506172839506173
487 0.9507186858316222
488 0.9508196721311475
489 0.950920245398773
490 0.9510204081632653
491 0.9511201629327902
492 0.9512195121951219
493 0.9513184584178499
494 0.951417004048583
495 0.9515151515151515
496 0.9516129032258065
497 0.9517102615694165
498 0.9518072289156626
499 0.9519038076152304
500 0.952
501 0.9520958083832335
502 0.952191235059761
503 0.952286282306163
504 0.9523809523809523
505 0.9524752475247524
506 0.9525691699604744
507 0.9526627218934911
508 0.952755905511811
509 0.9528487229862476
510 0.9529411764705882
511 0.9530332681017613
512 0.953125
513 0.9532163742690059
514 0.953307392996109
515 0.9533980582524272
516 0.9534883720930233
517 0.9535783365570599
518 0.9536679536679536
519 0.953757225433526
520 0.9538461538461539
521 0.9539347408829175
522 0.9540229885057471
523 0.9541108986615678
524 0.9541984732824428
525 0.9542857142857143
526 0.9543726235741445
527 0.9544592030360531
528 0.9545454545454546
529 0.9546313799621928
530 0.9547169811320755
531 0.9548022598870056
532 0.9548872180451128
533 0.9549718574108818
534 0.9550561797752809
535 0.9551401869158879
536 0.9552238805970149
537 0.9553072625698324
538 0.9553903345724907
539 0.9554730983302412
540 0.9555555555555556
541 0.955637707948244
542 0.955719557195572
543 0.9539594843462247
544 0.9540441176470589
545 0.9541284403669725
546 0.9542124542124543
547 0.9542961608775137
548 0.9543795620437956
549 0.9544626593806922
550 0.9545454545454546
551 0.9546279491833031
552 0.9547101449275363
553 0.9547920433996383
554 0.9548736462093863
555 0.954954954954955
556 0.9550359712230215
557 0.9551166965888689
558 0.9551971326164874
559 0.9552772808586762
560 0.9553571428571429
561 0.9554367201426025
562 0.9555160142348754
563 0.955595026642984
564 0.9556737588652482
565 0.9557522123893806
566 0.9558303886925795
567 0.9559082892416225
568 0.9559859154929577
569 0.9560632688927944
570 0.956140350877193
571 0.9562171628721541
572 0.9562937062937062
573 0.956369982547993
574 0.9547038327526133
575 0.9530434782608695
576 0.9513888888888888
577 0.949740034662045
578 0.9480968858131488
579 0.9464594127806563
580 0.9448275862068966
581 0.9449225473321858
582 0.9450171821305842
583 0.9451114922813036
584 0.9452054794520548
585 0.9452991452991453
586 0.9453924914675768
587 0.9454855195911414
588 0.9455782312925171
589 0.9456706281833617
590 0.9457627118644067
591 0.9458544839255499
592 0.9459459459459459
593 0.9460370994940978
594 0.9461279461279462
595 0.946218487394958
596 0.9463087248322147
597 0.9463986599664992
598 0.9464882943143813
599 0.9465776293823038
600 0.9466666666666667
601 0.9467554076539102
602 0.946843853820598
603 0.9469320066334992
604 0.9470198675496688
605 0.947107438016529
606 0.9471947194719472
607 0.9472817133443163
608 0.9473684210526315
609 0.9474548440065681
610 0.9475409836065574
611 0.9476268412438625
612 0.9477124183006536
613 0.9477977161500816
614 0.9478827361563518
615 0.9479674796747968
616 0.948051948051948
617 0.9481361426256077
618 0.948220064724919
619 0.9483037156704361
620 0.9483870967741935
621 0.9484702093397746
622 0.9485530546623794
623 0.9486356340288925
624 0.9487179487179487
625 0.9488
626 0.9488817891373802
627 0.94896331738437
628 0.9490445859872612
629 0.9491255961844197
630 0.9492063492063492
631 0.9492868462757528
632 0.9493670886075949
633 0.9494470774091627
634 0.9495268138801262
635 0.9496062992125984
636 0.949685534591195
637 0.9497645211930926
638 0.9498432601880877
639 0.9499217527386542
640 0.95
641 0.9500780031201248
642 0.9501557632398754
643 0.9502332814930016
644 0.9503105590062112
645 0.9503875968992248
646 0.9504643962848297
647 0.9505409582689336
648 0.9506172839506173
649 0.9506933744221879
650 0.9507692307692308
651 0.9508448540706606
652 0.950920245398773
653 0.9509954058192955
654 0.9510703363914373
655 0.9511450381679389
656 0.9496951219512195
657 0.9497716894977168
658 0.9498480243161094
659 0.9499241274658573
660 0.95
661 0.9500756429652042
662 0.9501510574018127
663 0.9502262443438914
664 0.9503012048192772
665 0.9503759398496241
666 0.9504504504504504
667 0.9505247376311844
668 0.9505988023952096
669 0.9506726457399103
670 0.9507462686567164
671 0.9508196721311475
672 0.9508928571428571
673 0.950965824665676
674 0.9510385756676558
675 0.9511111111111111
676 0.9511834319526628
677 0.9512555391432792
678 0.9513274336283186
679 0.9513991163475699
680 0.9514705882352941
681 0.9515418502202643
682 0.9516129032258065
683 0.9516837481698389
684 0.9517543859649122
685 0.9518248175182482
686 0.9518950437317785
687 0.9519650655021834
688 0.9520348837209303
689 0.9521044992743106
690 0.9521739130434783
691 0.9522431259044862
692 0.9523121387283237
693 0.9523809523809523
694 0.952449567723343
695 0.9525179856115108
696 0.9525862068965517
697 0.9512195121951219
698 0.9498567335243553
699 0.9484978540772532
700 0.9471428571428572
701 0.9457917261055635
702 0.9444444444444444
703 0.9431009957325747
704 0.9417613636363636
705 0.9404255319148936
706 0.9390934844192634
707 0.9377652050919377
708 0.9364406779661016
709 0.9351198871650211
710 0.9338028169014084
711 0.9324894514767933
712 0.9311797752808989
713 0.9298737727910238
714 0.9285714285714286
715 0.9272727272727272
716 0.9259776536312849
717 0.9246861924686193
718 0.9233983286908078
719 0.9221140472878998
720 0.9208333333333333
721 0.9209431345353676
722 0.9196675900277008
723 0.9183955739972337
724 0.9171270718232044
725 0.9158620689655173
726 0.9146005509641874
727 0.9133425034387895
728 0.9120879120879121
729 0.9108367626886146
730 0.9095890410958904
731 0.908344733242134
732 0.907103825136612
733 0.9058663028649386
734 0.9046321525885559
735 0.9034013605442177
736 0.9021739130434783
737 0.9009497964721845
738 0.8997289972899729
739 0.8985115020297699
740 0.8972972972972973
741 0.8960863697705803
742 0.894878706199461
743 0.8936742934051144
744 0.8924731182795699
745 0.8912751677852349
746 0.8900804289544236
747 0.8888888888888888
748 0.8877005347593583
749 0.8865153538050734
750 0.8853333333333333
751 0.8854860186418109
752 0.8856382978723404
753 0.8857901726427623
754 0.8859416445623343
755 0.8860927152317881
756 0.8862433862433863
757 0.8863936591809776
758 0.8865435356200527
759 0.8866930171277997
760 0.8855263157894737
761 0.8843626806833115
762 0.8832020997375328
763 0.8820445609436435
764 0.8808900523560209
765 0.8797385620915033
766 0.8785900783289817
767 0.877444589308996
768 0.8763020833333334
769 0.8751625487646294
770 0.874025974025974
771 0.874189364461738
772 0.8743523316062176
773 0.8732212160413971
774 0.8733850129198967
775 0.8735483870967742
776 0.8737113402061856
777 0.8738738738738738
778 0.8740359897172236
779 0.8741976893453145
780 0.8730769230769231
781 0.8732394366197183
782 0.8721227621483376
783 0.8710089399744572
784 0.8698979591836735
785 0.8687898089171975
786 0.8676844783715013
787 0.866581956797967
788 0.8654822335025381
789 0.8643852978453739
790 0.8632911392405064
791 0.8634639696586599
792 0.8636363636363636
793 0.8638083228247163
794 0.8639798488664987
795 0.8641509433962264
796 0.864321608040201
797 0.8644918444165621
798 0.8646616541353384
799 0.8648310387984981
800 0.86375
801 0.8639200998751561
802 0.8640897755610972
803 0.8642590286425903
804 0.8644278606965174
805 0.8645962732919255
806 0.8647642679900744
807 0.8649318463444857
808 0.8650990099009901
809 0.865265760197775
810 0.8654320987654321
811 0.8655980271270037
812 0.8657635467980296
813 0.8646986469864698
814 0.8636363636363636
815 0.8638036809815951
816 0.8627450980392157
817 0.8616891064871481
818 0.8618581907090465
819 0.8620268620268621
820 0.8621951219512195
821 0.8623629719853837
822 0.8625304136253041
823 0.8626974483596598
824 0.8616504854368932
825 0.8606060606060606
826 0.860774818401937
827 0.8609431680773881
828 0.8611111111111112
829 0.8612786489746683
830 0.8614457831325302
831 0.8616125150421179
832 0.8617788461538461
833 0.8619447779111644
834 0.8621103117505995
835 0.8622754491017964
836 0.8624401913875598
837 0.8614097968936678
838 0.860381861575179
839 0.8593563766388558
840 0.8583333333333333
841 0.8573127229488704
842 0.8562945368171021
843 0.8552787663107948
844 0.8554502369668247
845 0.855621301775148
846 0.8546099290780141
847 0.8536009445100354
848 0.8537735849056604
849 0.8539458186101295
850 0.8541176470588235
851 0.854289071680376
852 0.8544600938967136
853 0.854630715123095
854 0.8548009367681498
855 0.8549707602339182
856 0.8551401869158879
857 0.8553092182030338
858 0.8543123543123543
859 0.8533178114086146
860 0.8523255813953489
861 0.851335656213705
862 0.8503480278422274
863 0.8493626882966396
864 0.8483796296296297
865 0.8473988439306358
866 0.8464203233256351
867 0.845444059976932
868 0.8444700460829493
869 0.8434982738780207
870 0.8425287356321839
871 0.8415614236509759
872 0.8405963302752294
873 0.8396334478808706
874 0.8386727688787186
875 0.8377142857142857
876 0.83675799086758
877 0.8358038768529077
878 0.8348519362186788
879 0.8339021615472128
880 0.8329545454545455
881 0.8320090805902384
882 0.8310657596371882
883 0.8301245753114382
884 0.829185520361991
885 0.8282485875706215
886 0.827313769751693
887 0.826381059751973
888 0.8254504504504504
889 0.8245219347581553
890 0.8235955056179776
891 0.8226711560044894
892 0.8217488789237668
893 0.8208286674132139
894 0.819910514541387
895 0.8189944134078212
896 0.8180803571428571
897 0.8182831661092531
898 0.8173719376391982
899 0.8164627363737486
900 0.8155555555555556
901 0.8146503884572697
902 0.8137472283813747
903 0.813953488372093
904 0.8130530973451328
905 0.8132596685082873
906 0.8123620309050773
907 0.8125689084895259
908 0.8116740088105727
909 0.8107810781078107
910 0.8098901098901099
911 0.8090010976948409
912 0.8081140350877193
913 0.8072289156626506
914 0.8063457330415755
915 0.805464480874317
916 0.8045851528384279
917 0.8037077426390403
918 0.8028322440087146
919 0.8019586507072906
920 0.8010869565217391
921 0.8002171552660152
922 0.7993492407809111
923 0.7984832069339112
924 0.7976190476190477
925 0.7967567567567567
926 0.7958963282937365
927 0.7950377562028047
928 0.7941810344827587
929 0.7933261571582346
930 0.7924731182795699
931 0.7916219119226638
932 0.7907725321888412
933 0.789924973204716
934 0.7890792291220556
935 0.788235294117647
936 0.7873931623931624
937 0.7865528281750267
938 0.7857142857142857
939 0.784877529286475
940 0.7840425531914894
941 0.7832093517534537
942 0.7823779193205945
943 0.7815482502651113
944 0.7807203389830508
945 0.7798941798941799
946 0.7790697674418605
947 0.778247096092925
948 0.7774261603375527
949 0.7766069546891464
950 0.7757894736842105
951 0.7749737118822292
952 0.7741596638655462
953 0.7733473242392445
954 0.7725366876310272
955 0.7717277486910995
956 0.7709205020920502
957 0.7701149425287356
958 0.7693110647181628
959 0.7685088633993743
960 0.7677083333333333
961 0.7669094693028096
962 0.7661122661122661
963 0.7653167185877466
964 0.7645228215767634
965 0.7637305699481866
966 0.7629399585921325
967 0.7621509824198552
968 0.7613636363636364
969 0.760577915376677
970 0.7597938144329897
971 0.7590113285272915
972 0.7582304526748971
973 0.7574511819116135
974 0.7566735112936345
975 0.7558974358974359
976 0.7551229508196722
977 0.7543500511770727
978 0.7535787321063395
979 0.7528089887640449
980 0.7520408163265306
981 0.7512742099898063
982 0.7505091649694501
983 0.7497456765005086
984 0.7489837398373984
985 0.7482233502538072
986 0.7474645030425964
987 0.7467071935157041
988 0.7459514170040485
989 0.7451971688574317
990 0.7444444444444445
991 0.7436932391523713
992 0.7429435483870968
993 0.7421953675730111
994 0.7414486921529175
995 0.7407035175879397
996 0.7399598393574297
997 0.7392176529588766
998 0.7384769539078156
999 0.7377377377377378
1000 0.737
1001 0.7362637362637363
1002 0.7355289421157685
1003 0.7347956131605184
1004 0.7340637450199203
1005 0.7333333333333333
1006 0.7326043737574552
1007 0.7318768619662364
1008 0.7311507936507936
1009 0.7304261645193261
1010 0.7297029702970297
1011 0.7289812067260139
1012 0.7282608695652174
1013 0.7275419545903258
1014 0.7268244575936884
1015 0.7261083743842365
1016 0.7253937007874016
1017 0.7246804326450345
1018 0.7239685658153242
1019 0.7232580961727183
1020 0.7225490196078431
1021 0.7218413320274241
1022 0.7211350293542075
1023 0.7204301075268817
1024 0.7197265625
1025 0.7190243902439024
1026 0.7183235867446394
1027 0.7176241480038948
1028 0.7169260700389105
1029 0.7162293488824101
1030 0.7155339805825243
1031 0.7148399612027158
1032 0.7141472868217055
1033 0.7134559535333979
1034 0.7127659574468085
1035 0.7120772946859903
1036 0.7113899613899614
1037 0.7107039537126326
1038 0.710019267822736
1039 0.7093358999037536
1040 0.7096153846153846
1041 0.7089337175792507
1042 0.708253358925144
1043 0.7075743048897412
1044 0.7068965517241379
1045 0.7062200956937799
1046 0.7055449330783938
1047 0.7048710601719198
1048 0.7041984732824428
1049 0.7035271687321258
1050 0.7028571428571428
1051 0.7021883920076119
1052 0.7015209125475285
1053 0.7008547008547008
1054 0.7001897533206831
1055 0.6995260663507109
1056 0.6988636363636364
1057 0.6982024597918638
1058 0.6975425330812854
1059 0.6968838526912181
1060 0.6962264150943396
1061 0.6955702167766258
1062 0.6949152542372882
1063 0.6942615239887112
1064 0.693609022556391
1065 0.6929577464788732
1066 0.6923076923076923
1067 0.6916588566073102
1068 0.6910112359550562
1069 0.6903648269410664
1070 0.6897196261682244
1071 0.6890756302521008
1072 0.6884328358208955
1073 0.6877912395153775
1074 0.6871508379888268
1075 0.6865116279069767
1076 0.6858736059479554
1077 0.6852367688022284
1078 0.6846011131725418
1079 0.6839666357738647
1080 0.6833333333333333
1081 0.6827012025901943
1082 0.6820702402957486
1083 0.6814404432132964
1084 0.6808118081180812
1085 0.680184331797235
1086 0.6795580110497238
1087 0.6789328426862925
1088 0.6783088235294118
1089 0.6776859504132231
1090 0.6770642201834862
1091 0.6764436296975253
1092 0.6758241758241759
1093 0.6752058554437328
1094 0.6745886654478976
1095 0.673972602739726
1096 0.6733576642335767
1097 0.6727438468550593
1098 0.6721311475409836
1099 0.6715195632393085
1100 0.6709090909090909
1101 0.670299727520436
1102 0.6696914700544465
1103 0.6690843155031732
1104 0.6684782608695652
1105 0.6678733031674208
1106 0.6672694394213382
1107 0.6666666666666666
1108 0.6660649819494585
1109 0.6654643823264202
1110 0.6648648648648648
1111 0.6642664266426642
1112 0.6636690647482014
1113 0.6630727762803235
1114 0.6624775583482945
1115 0.6618834080717488
1116 0.6612903225806451
1117 0.6606982990152194
1118 0.6601073345259392
1119 0.6595174262734584
1120 0.6589285714285714
1121 0.6583407671721677
1122 0.6577540106951871
1123 0.6571682991985752
1124 0.6565836298932385
1125 0.656
1126 0.655417406749556
1127 0.6548358473824313
1128 0.6542553191489362
1129 0.6536758193091231
1130 0.6530973451327433
1131 0.6525198938992043
1132 0.6519434628975265
1133 0.6513680494263019
1134 0.6507936507936508
1135 0.6502202643171806
1136 0.6496478873239436
1137 0.6490765171503958
1138 0.648506151142355
1139 0.6479367866549605
1140 0.6473684210526316
1141 0.6468010517090271
1142 0.6462346760070052
1143 0.6456692913385826
1144 0.6451048951048951
1145 0.6445414847161572
1146 0.643979057591623
1147 0.6434176111595467
1148 0.6428571428571429
1149 0.6422976501305483
1150 0.6417391304347826
1151 0.6411815812337098
1152 0.6414930555555556
1153 0.6409366869037294
1154 0.6403812824956673
1155 0.6398268398268399
1156 0.639273356401384
1157 0.6387208297320657
1158 0.6381692573402418
1159 0.637618636755824
1160 0.6370689655172413
1161 0.6365202411714039
1162 0.6359724612736661
1163 0.6354256233877902
1164 0.6348797250859106
1165 0.6343347639484979
1166 0.6337907375643225
1167 0.6332476435304198
1168 0.6327054794520548
1169 0.632164242942686
1170 0.6316239316239316
1171 0.6310845431255337
1172 0.6305460750853242
1173 0.6300085251491901
1174 0.6294718909710392
1175 0.6289361702127659
1176 0.6284013605442177
1177 0.6278674596431606
1178 0.6273344651952462
1179 0.6268023748939779
1180 0.6262711864406779
1181 0.6257408975444538
1182 0.6252115059221658
1183 0.6246830092983939
1184 0.6241554054054054
1185 0.6236286919831223
1186 0.6231028667790893
1187 0.6225779275484414
1188 0.6220538720538721
1189 0.6215306980656014
1190 0.6210084033613446
1191 0.6204869857262805
1192 0.6199664429530202
1193 0.6194467728415759
1194 0.61892797319933
1195 0.6184100418410042
1196 0.6178929765886287
1197 0.6173767752715121
1198 0.6168614357262103
1199 0.6163469557964971
1200 0.6158333333333333
1201 0.6153205661948377
1202 0.6148086522462562
1203 0.6142975893599335
1204 0.6137873754152824
1205 0.6132780082987552
1206 0.6127694859038143
1207 0.6122618061309031
1208 0.6125827814569537
1209 0.6120760959470637
1210 0.6115702479338843
1211 0.611065235342692
1212 0.6105610561056105
1213 0.6100577081615829
1214 0.6095551894563427
1215 0.6090534979423868
1216 0.6085526315789473
1217 0.6080525883319639
1218 0.6075533661740559
1219 0.6070549630844955
1220 0.6065573770491803
1221 0.6060606060606061
1222 0.6063829787234043
1223 0.6058871627146362
1224 0.6053921568627451
1225 0.6048979591836735
1226 0.6044045676998369
1227 0.6039119804400978
1228 0.6034201954397395
1229 0.6029292107404394
1230 0.6024390243902439
1231 0.6019496344435419
1232 0.601461038961039
1233 0.6009732360097324
1234 0.600486223662885
1235 0.6
1236 0.5995145631067961
1237 0.5990299110751819
1238 0.598546042003231
1239 0.5980629539951574
1240 0.5975806451612903
1241 0.59709911361805
1242 0.5966183574879227
1243 0.5961383748994369
1244 0.5956591639871383
1245 0.5951807228915663
1246 0.5947030497592295
1247 0.5942261427425822
1248 0.59375
1249 0.5932746196957566
1250 0.5928
1251 0.592326139088729
1252 0.59185303514377
1253 0.5913806863527534
1254 0.5909090909090909
1255 0.5904382470119522
1256 0.589968152866242
1257 0.5894988066825776
1258 0.5890302066772655
1259 0.5885623510722796
1260 0.5880952380952381
1261 0.5876288659793815
1262 0.5871632329635499
1263 0.5866983372921615
1264 0.5862341772151899
1265 0.5857707509881422
1266 0.5853080568720379
1267 0.584846093133386
1268 0.5843848580441641
1269 0.5839243498817966
1270 0.5834645669291338
1271 0.5830055074744296
1272 0.5825471698113207
1273 0.582089552238806
1274 0.5816326530612245
1275 0.5811764705882353
1276 0.5807210031347962
1277 0.5802662490211433
1278 0.57981220657277
1279 0.5793588741204065
1280 0.57890625
1281 0.5784543325526932
1282 0.578003120124805
1283 0.5775526110678099
1284 0.5771028037383178
1285 0.5766536964980544
1286 0.5762052877138414
1287 0.5757575757575758
1288 0.5753105590062112
1289 0.5748642358417377
1290 0.5744186046511628
1291 0.5739736638264911
1292 0.5735294117647058
1293 0.5730858468677494
1294 0.5726429675425039
1295 0.5722007722007721
1296 0.5717592592592593
1297 0.5713184271395528
1298 0.5708782742681048
1299 0.5704387990762124
1300 0.57
1301 0.5695618754803997
1302 0.5691244239631337
1303 0.5686876438986953
1304 0.5682515337423313
1305 0.5678160919540229
1306 0.5673813169984686
1307 0.566947207345065
1308 0.5665137614678899
1309 0.5660809778456837
1310 0.565648854961832
1311 0.5652173913043478
1312 0.5647865853658537
1313 0.5643564356435643
1314 0.5639269406392694
1315 0.5634980988593156
1316 0.5630699088145896
1317 0.5626423690205011
1318 0.5622154779969651
1319 0.5617892342683851
1320 0.5613636363636364
1321 0.5609386828160484
1322 0.5605143721633888
1323 0.5600907029478458
1324 0.5596676737160121
1325 0.5592452830188679
1326 0.5588235294117647
1327 0.5584024114544084
1328 0.5579819277108434
1329 0.5583145221971407
1330 0.5586466165413534
1331 0.5582268970698723
1332 0.5578078078078078
1333 0.5581395348837209
1334 0.5577211394302849
1335 0.5573033707865168
1336 0.5568862275449101
1337 0.556469708302169
1338 0.5560538116591929
1339 0.5556385362210605
1340 0.5552238805970149
1341 0.5548098434004475
1342 0.5543964232488823
1343 0.5539836187639613
1344 0.5535714285714286
1345 0.5531598513011152
1346 0.5527488855869243
1347 0.5523385300668151
1348 0.5519287833827893
1349 0.5515196441808747
1350 0.5511111111111111
1351 0.5507031828275352
1352 0.5502958579881657
1353 0.549889135254989
1354 0.5494830132939439
1355 0.5490774907749078
1356 0.5486725663716814
1357 0.548268238761975
1358 0.5478645066273933
1359 0.5474613686534217
1360 0.5470588235294118
1361 0.5466568699485672
1362 0.5462555066079295
1363 0.5458547322083639
1364 0.5454545454545454
1365 0.545054945054945
1366 0.5446559297218155
1367 0.5442574981711777
1368 0.543859649122807
1369 0.5434623813002192
1370 0.5430656934306569
1371 0.5426695842450766
1372 0.5422740524781341
1373 0.5418790968681719
1374 0.5414847161572053
1375 0.5410909090909091
1376 0.5406976744186046
1377 0.5403050108932462
1378 0.5399129172714079
1379 0.5395213923132705
1380 0.5391304347826087
1381 0.5387400434467777
1382 0.5383502170767004
1383 0.5386840202458424
1384 0.5382947976878613
1385 0.5379061371841155
1386 0.5375180375180375
1387 0.5371304974765682
1388 0.5367435158501441
1389 0.5363570914326854
1390 0.5359712230215827
1391 0.5355859094176851
1392 0.5352011494252874
1393 0.5348169418521177
1394 0.5344332855093257
1395 0.5340501792114696
1396 0.5336676217765043
1397 0.5332856120257695
1398 0.5329041487839771
1399 0.5325232308791994
1400 0.5321428571428571
1401 0.5317630264097074
1402 0.5313837375178316
1403 0.5310049893086244
1404 0.5306267806267806
1405 0.5302491103202847
1406 0.5298719772403983
1407 0.5294953802416489
1408 0.5291193181818182
1409 0.5287437899219305
1410 0.5283687943262412
1411 0.5279943302622254
1412 0.5276203966005666
1413 0.527246992215145
1414 0.5268741159830269
1415 0.5265017667844523
1416 0.5261299435028248
1417 0.5257586450247
1418 0.5253878702397743
1419 0.5250176180408739
1420 0.5246478873239436
1421 0.5242786769880365
1422 0.5239099859353024
1423 0.5235418130709768
1424 0.5231741573033708
1425 0.5228070175438596
1426 0.5224403927068724
1427 0.5220742817098809
1428 0.5217086834733894
1429 0.5213435969209237
1430 0.5209790209790209
1431 0.5206149545772187
1432 0.5202513966480447
1433 0.5198883461270063
1434 0.5195258019525802
1435 0.519163763066202
1436 0.5188022284122563
1437 0.5184411969380655
1438 0.5180806675938804
1439 0.51772063933287
1440 0.5173611111111112
1441 0.5170020818875781
1442 0.5166435506241331
1443 0.5162855162855163
1444 0.5159279778393352
1445 0.5155709342560554
1446 0.5152143845089903
1447 0.5148583275742916
1448 0.5145027624309392
1449 0.5141476880607315
1450 0.5137931034482759
1451 0.5134390075809786
1452 0.5130853994490359
1453 0.5127322780454233
1454 0.5123796423658872
1455 0.5120274914089347
1456 0.5116758241758241
1457 0.511324639670556
1458 0.5109739368998628
1459 0.5106237148732008
1460 0.5102739726027398
1461 0.5099247091033539
1462 0.5095759233926128
1463 0.5092276144907724
1464 0.5088797814207651
1465 0.5085324232081911
1466 0.5081855388813097
1467 0.5078391274710293
1468 0.5074931880108992
1469 0.5071477195371
1470 0.5068027210884354
1471 0.5064581917063222
1472 0.5061141304347826
1473 0.5057705363204344
1474 0.505427408412483
1475 0.5050847457627119
1476 0.5047425474254743
1477 0.5044008124576845
1478 0.5040595399188093
1479 0.5037187288708587
1480 0.5033783783783784
1481 0.5030384875084403
1482 0.5026990553306343
1483 0.50236008091706
1484 0.5020215633423181
1485 0.5016835016835017
1486 0.5013458950201884
1487 0.5010087424344317
1488 0.5006720430107527
1489 0.5003357958361316
1490 0.5
1491 0.49966465459423204
1492 0.49932975871313673
1493 0.49899531145344944
1494 0.49866131191432395
1495 0.4983277591973244
1496 0.4979946524064171
1497 0.49766199064796257
1498 0.49732977303070763
1499 0.4969979986657772
1500 0.49666666666666665
1501 0.49633577614923385
1502 0.4960053262316911
1503 0.49567531603459747
1504 0.4953457446808511
1505 0.4950166112956811
1506 0.4946879150066401
1507 0.49435965494359657
1508 0.49403183023872677
1509 0.4937044400265076
1510 0.49337748344370863
1511 0.4930509596293845
1512 0.49272486772486773
1513 0.49239920687376076
1514 0.49207397622192867
1515 0.49174917491749176
1516 0.49142480211081796
1517 0.4911008569545155
1518 0.49077733860342554
1519 0.49045424621461486
1520 0.4901315789473684
1521 0.4898093359631821
1522 0.4894875164257556
1523 0.4891661195009849
1524 0.48884514435695536
1525 0.4885245901639344
1526 0.48820445609436436
1527 0.48788474132285525
1528 0.487565445026178
1529 0.48724656638325703
1530 0.4869281045751634
1531 0.48661005878510777
1532 0.48629242819843344
1533 0.48597521200260924
1534 0.48565840938722293
1535 0.48534201954397393
1536 0.4850260416666667
1537 0.4847104749512036
1538 0.48439531859557866
1539 0.48408057179987
1540 0.4837662337662338
1541 0.4834523036988968
1542 0.48313878080415046
1543 0.48282566429034346
1544 0.48251295336787564
