# ROCAUC: 0.9903964344846186
# False Positive Rate True Positive Rate
0.0 0.0
2.4469620965571242E-5 0.0
2.4469620965571242E-5 0.0012953367875647669
4.8939241931142485E-5 0.0012953367875647669
4.8939241931142485E-5 0.0051813471502590676
9.787848386228497E-5 0.0051813471502590676
9.787848386228497E-5 0.006476683937823835
1.9575696772456994E-4 0.006476683937823835
1.9575696772456994E-4 0.007772020725388601
3.6704431448356865E-4 0.007772020725388601
3.6704431448356865E-4 0.11528497409326426
3.915139354491399E-4 0.11528497409326426
3.915139354491399E-4 0.33031088082901555
4.159835564147111E-4 0.33031088082901555
4.159835564147111E-4 0.4106217616580311
4.404531773802824E-4 0.4106217616580311
4.404531773802824E-4 0.46502590673575134
4.649227983458536E-4 0.46502590673575134
4.649227983458536E-4 0.49093264248704666
4.893924193114248E-4 0.49093264248704666
4.893924193114248E-4 0.49870466321243523
5.138620402769961E-4 0.49870466321243523
5.138620402769961E-4 0.5194300518134716
5.383316612425673E-4 0.5194300518134716
5.383316612425673E-4 0.5647668393782384
5.872709031737098E-4 0.5647668393782384
5.872709031737098E-4 0.6709844559585493
6.117405241392811E-4 0.6709844559585493
6.117405241392811E-4 0.7098445595854923
7.830278708982798E-4 0.7098445595854923
7.830278708982798E-4 0.8069948186528497
8.07497491863851E-4 0.8069948186528497
8.07497491863851E-4 0.8588082901554405
0.0013947683950375608 0.8588082901554405
0.0013947683950375608 0.8601036269430052
0.002104387403039127 0.8601036269430052
0.002104387403039127 0.8717616580310881
0.0023735532336604105 0.8717616580310881
0.0023735532336604105 0.8743523316062176
0.0023980228546259816 0.8743523316062176
0.0023980228546259816 0.8821243523316062
0.002422492475591553 0.8821243523316062
0.002422492475591553 0.883419689119171
0.002642719064281694 0.883419689119171
0.002642719064281694 0.895077720207254
0.0026671886852472656 0.895077720207254
0.0026671886852472656 0.9106217616580311
0.002716127927178408 0.9106217616580311
0.002716127927178408 0.9119170984455959
0.0027650671691095505 0.9119170984455959
0.0027650671691095505 0.9196891191709845
0.0028140064110406928 0.9196891191709845
0.0028140064110406928 0.9339378238341969
0.0029852937577996915 0.9339378238341969
0.0029852937577996915 0.9365284974093264
0.003034232999730834 0.9365284974093264
0.003034232999730834 0.9494818652849741
0.0039885482173881125 0.9494818652849741
0.0039885482173881125 0.9507772020725389
0.0041108963222159685 0.9507772020725389
0.0041108963222159685 0.9520725388601037
0.00413536594318154 0.9520725388601037
0.00413536594318154 0.9533678756476685
0.004159835564147112 0.9533678756476685
0.004159835564147112 0.9546632124352332
0.0073898255316025155 0.9546632124352332
0.0073898255316025155 0.955958549222798
0.010105953458780924 0.955958549222798
0.010105953458780924 0.9572538860103628
0.011451782611887342 0.9572538860103628
0.011451782611887342 0.9585492227979275
0.011769887684439768 0.9585492227979275
0.011769887684439768 0.9598445595854923
0.01436366750679032 0.9598445595854923
0.01436366750679032 0.9624352331606219
0.014412606748721461 0.9624352331606219
0.014412606748721461 0.9637305699481865
0.015611618176034453 0.9637305699481865
0.015611618176034453 0.9650259067357513
0.02329507915922382 0.9650259067357513
0.02329507915922382 0.966321243523316
0.02422492475591553 0.966321243523316
0.02422492475591553 0.9676165803108808
0.025130300731641665 0.9676165803108808
0.025130300731641665 0.9689119170984456
0.029803998336065774 0.9689119170984456
0.029803998336065774 0.9702072538860104
0.03254459588420975 0.9702072538860104
0.03254459588420975 0.9715025906735751
0.03521178456945702 0.9715025906735751
0.03521178456945702 0.9727979274611399
0.03638632637580444 0.9727979274611399
0.03638632637580444 0.9740932642487047
0.04370274304451024 0.9740932642487047
0.04370274304451024 0.9753886010362695
0.06552964494579978 0.9753886010362695
0.06552964494579978 0.9766839378238342
0.07588029461423643 0.9766839378238342
0.07588029461423643 0.977979274611399
0.08121467198473095 0.977979274611399
0.08121467198473095 0.9792746113989638
0.0859373088310862 0.9792746113989638
0.0859373088310862 0.9805699481865285
0.11023564244989845 0.9805699481865285
0.11023564244989845 0.9818652849740933
0.16289426676780777 0.9818652849740933
0.16289426676780777 0.9831606217616581
0.1724618885653461 0.9831606217616581
0.1724618885653461 0.9870466321243524
0.25189027821959037 0.9870466321243524
0.25189027821959037 0.9883419689119172
0.37648958817627914 0.9883419689119172
0.37648958817627914 0.9896373056994819
0.4212200553013434 0.9896373056994819
0.4212200553013434 0.9922279792746115
0.43127706951819317 0.9922279792746115
0.43127706951819317 0.9935233160621763
0.6707612499082389 0.9935233160621763
0.6707612499082389 0.9948186528497409
0.6713485208114126 0.9948186528497409
0.6713485208114126 0.9961139896373057
0.7024738786796192 0.9961139896373057
0.7024738786796192 0.9974093264248705
0.7402549734504612 0.9974093264248705
0.7402549734504612 0.9987046632124352
0.7404752000391513 0.9987046632124352
0.7404752000391513 1.0
1.0 1.0
