0.005 0.0 0.0
0.015 0.0 0.0
0.025 0.00273224043715847 0.0
0.035 0.01639344262295082 0.0
0.045 0.0765027322404372 0.0
0.055 0.10382513661202193 0.0
0.065 0.1174863387978143 0.0
0.075 0.12295081967213124 0.0
0.085 0.1065573770491804 0.0
0.095 0.0874316939890711 0.0
0.105 0.07103825136612026 0.0
0.115 0.035519125683060114 0.0
0.125 0.030054644808743168 0.0
0.135 0.035519125683060114 0.0
0.145 0.0273224043715847 0.0
0.155 0.01366120218579235 0.0
0.165 0.01092896174863388 0.0
0.17500000000000002 0.01366120218579235 0.0
0.185 0.01366120218579235 0.00273224043715847
0.195 0.00819672131147541 0.0
0.20500000000000002 0.01092896174863388 0.00273224043715847
0.215 0.00546448087431694 0.0
0.225 0.00546448087431694 0.0
0.23500000000000001 0.01366120218579235 0.0
0.245 0.00819672131147541 0.00273224043715847
0.255 0.0 0.0
0.265 0.00819672131147541 0.0
0.275 0.00273224043715847 0.0
0.28500000000000003 0.0 0.0
0.295 0.00273224043715847 0.00273224043715847
0.305 0.00273224043715847 0.0
0.315 0.00273224043715847 0.0
0.325 0.0 0.0
0.335 0.0 0.0
0.34500000000000003 0.0 0.00273224043715847
0.355 0.00273224043715847 0.0
0.365 0.0 0.0
0.375 0.0 0.0
0.385 0.00273224043715847 0.0
0.395 0.0 0.0
0.405 0.0 0.0
0.41500000000000004 0.00273224043715847 0.0
0.425 0.00273224043715847 0.0
0.435 0.00273224043715847 0.0
0.445 0.0 0.00273224043715847
0.455 0.0 0.00273224043715847
0.465 0.0 0.0
0.47500000000000003 0.00273224043715847 0.0
0.485 0.0 0.0
0.495 0.0 0.0
0.505 0.0 0.0
0.515 0.0 0.0
0.525 0.0 0.0
0.535 0.0 0.0
0.545 0.0 0.0
0.555 0.0 0.0
0.5650000000000001 0.0 0.0
0.5750000000000001 0.0 0.0
0.585 0.0 0.0
0.595 0.0 0.0
0.605 0.0 0.0
0.615 0.0 0.00273224043715847
0.625 0.0 0.0
0.635 0.0 0.0
0.645 0.0 0.0
0.655 0.0 0.0
0.665 0.0 0.0
0.675 0.0 0.0
0.685 0.0 0.0
0.6950000000000001 0.0 0.0
0.705 0.0 0.0
0.715 0.0 0.0
0.725 0.0 0.0
0.735 0.0 0.0
0.745 0.0 0.0
0.755 0.0 0.0
0.765 0.0 0.0
0.775 0.0 0.0
0.785 0.00273224043715847 0.0
0.795 0.0 0.0
0.805 0.0 0.0
0.8150000000000001 0.0 0.0
0.8250000000000001 0.0 0.0
0.835 0.0 0.0
0.845 0.0 0.0
0.855 0.0 0.0
0.865 0.0 0.0
0.875 0.0 0.0
0.885 0.0 0.0
0.895 0.0 0.0
0.905 0.0 0.0
0.915 0.0 0.0
0.925 0.0 0.00273224043715847
