# ROCAUC: 0.9685652038593215
# False Positive Rate True Positive Rate
0.0 0.0
0.0 0.1111111111111111
0.0028011204481792717 0.1111111111111111
0.0028011204481792717 0.2222222222222222
0.0056022408963585435 0.2222222222222222
0.0056022408963585435 0.4444444444444444
0.0196078431372549 0.4444444444444444
0.0196078431372549 0.5555555555555556
0.025210084033613446 0.5555555555555556
0.025210084033613446 0.6666666666666666
0.04481792717086835 0.6666666666666666
0.04481792717086835 0.7777777777777777
0.08123249299719888 0.7777777777777777
0.08123249299719888 0.8888888888888888
0.09803921568627451 0.8888888888888888
0.09803921568627451 1.0
1.0 1.0
