0.004 0.0 0.0
0.012 0.0 0.0
0.02 0.00273224043715847 0.0
0.028 0.01366120218579235 0.0
0.036000000000000004 0.0273224043715847 0.0
0.044 0.06284153005464484 0.0
0.052000000000000005 0.07923497267759567 0.0
0.06 0.15300546448087443 0.0
0.068 0.12021857923497277 0.0
0.076 0.08196721311475415 0.0
0.084 0.08469945355191262 0.0
0.092 0.054644808743169425 0.0
0.1 0.046448087431694006 0.0
0.108 0.04918032786885248 0.0
0.116 0.0273224043715847 0.00273224043715847
0.124 0.030054644808743168 0.0
0.132 0.02185792349726776 0.00273224043715847
0.14 0.01092896174863388 0.0
0.148 0.01366120218579235 0.0
0.156 0.00819672131147541 0.0
0.164 0.01092896174863388 0.0
0.17200000000000001 0.00546448087431694 0.0
0.18 0.00819672131147541 0.00273224043715847
0.188 0.00546448087431694 0.0
0.196 0.00273224043715847 0.0
0.20400000000000001 0.00819672131147541 0.0
0.212 0.00819672131147541 0.0
0.22 0.00273224043715847 0.0
0.228 0.00546448087431694 0.0
0.23600000000000002 0.00273224043715847 0.00273224043715847
0.244 0.00273224043715847 0.0
0.252 0.00546448087431694 0.0
0.26 0.00273224043715847 0.0
0.268 0.0 0.00273224043715847
0.276 0.0 0.0
0.28400000000000003 0.0 0.0
0.292 0.00273224043715847 0.0
0.3 0.00273224043715847 0.0
0.308 0.0 0.0
0.316 0.0 0.0
0.324 0.0 0.0
0.332 0.0 0.0
0.34 0.0 0.0
0.34800000000000003 0.00273224043715847 0.0
0.356 0.00273224043715847 0.0
0.364 0.0 0.0
0.372 0.00273224043715847 0.0
0.38 0.0 0.0
0.388 0.0 0.0
0.396 0.0 0.00273224043715847
0.404 0.0 0.0
0.41200000000000003 0.0 0.00273224043715847
0.42 0.0 0.00273224043715847
0.428 0.0 0.0
0.436 0.0 0.0
0.444 0.0 0.0
0.452 0.0 0.0
0.46 0.0 0.0
0.468 0.0 0.0
0.47600000000000003 0.0 0.0
0.484 0.0 0.0
0.492 0.0 0.0
0.5 0.0 0.0
0.508 0.0 0.0
0.516 0.0 0.0
0.524 0.0 0.0
0.532 0.0 0.0
0.54 0.0 0.0
0.548 0.0 0.0
0.556 0.0 0.0
0.5640000000000001 0.0 0.0
0.5720000000000001 0.0 0.0
0.58 0.0 0.0
0.588 0.0 0.0
0.596 0.0 0.0
0.604 0.0 0.0
0.612 0.0 0.0
0.62 0.0 0.00273224043715847
0.628 0.0 0.0
0.636 0.0 0.0
0.644 0.0 0.0
0.652 0.0 0.0
0.66 0.0 0.0
0.668 0.0 0.0
0.676 0.0 0.0
0.684 0.0 0.0
0.6920000000000001 0.0 0.0
0.7000000000000001 0.0 0.0
0.708 0.0 0.0
0.716 0.0 0.0
0.724 0.0 0.0
0.732 0.0 0.0
0.74 0.0 0.0
0.748 0.0 0.0
0.756 0.0 0.0
0.764 0.00273224043715847 0.0
