# ROCAUC: 0.9511360099595394
# False Positive Rate True Positive Rate
0.0 0.0
0.0028011204481792717 0.0
0.0028011204481792717 0.4444444444444444
0.01680672268907563 0.4444444444444444
0.01680672268907563 0.5555555555555556
0.03081232492997199 0.5555555555555556
0.03081232492997199 0.6666666666666666
0.0700280112044818 0.6666666666666666
0.0700280112044818 0.7777777777777777
0.12324929971988796 0.7777777777777777
0.12324929971988796 0.8888888888888888
0.1876750700280112 0.8888888888888888
0.1876750700280112 1.0
1.0 1.0
