PR-AUC score 0.433540
0.000000, 0.129032
0.010363, 0.129032
0.010363, 0.125000
0.010363, 0.123077
0.011658, 0.136364
0.011658, 0.134328
0.011658, 0.132353
0.011658, 0.130435
0.011658, 0.128571
0.011658, 0.126761
0.011658, 0.125000
0.011658, 0.121622
0.011658, 0.120000
0.011658, 0.118421
0.011658, 0.116883
0.011658, 0.115385
0.011658, 0.113924
0.011658, 0.112500
0.011658, 0.111111
0.011658, 0.109756
0.011658, 0.108434
0.011658, 0.107143
0.011658, 0.105882
0.011658, 0.104651
0.011658, 0.103448
0.011658, 0.101124
0.011658, 0.100000
0.011658, 0.098901
0.011658, 0.097826
0.011658, 0.096774
0.011658, 0.095745
0.011658, 0.094737
0.011658, 0.093750
0.011658, 0.092784
0.011658, 0.091837
0.011658, 0.090909
0.011658, 0.090000
0.011658, 0.089109
0.011658, 0.088235
0.011658, 0.087379
0.011658, 0.086538
0.011658, 0.085714
0.011658, 0.084906
0.011658, 0.084112
0.011658, 0.083333
0.011658, 0.082569
0.011658, 0.081818
0.011658, 0.081081
0.012953, 0.089286
0.012953, 0.088496
0.012953, 0.087719
0.012953, 0.086957
0.014249, 0.094828
0.014249, 0.094017
0.015544, 0.101695
0.015544, 0.100840
0.015544, 0.100000
0.015544, 0.099174
0.015544, 0.098361
0.015544, 0.097561
0.015544, 0.096774
0.016839, 0.104000
0.018135, 0.111111
0.018135, 0.110236
0.018135, 0.109375
0.018135, 0.108527
0.018135, 0.107692
0.018135, 0.106870
0.018135, 0.106061
0.018135, 0.105263
0.018135, 0.104478
0.018135, 0.103704
0.019430, 0.110294
0.019430, 0.109489
0.019430, 0.108696
0.019430, 0.107914
0.019430, 0.107143
0.019430, 0.106383
0.019430, 0.105634
0.020725, 0.111888
0.022021, 0.118056
0.023316, 0.124138
0.024611, 0.130137
0.024611, 0.129252
0.024611, 0.128378
0.025907, 0.134228
0.027202, 0.140000
0.027202, 0.139073
0.027202, 0.138158
0.027202, 0.137255
0.028497, 0.142857
0.028497, 0.141935
0.028497, 0.141026
0.028497, 0.140127
0.029793, 0.145570
0.031088, 0.150943
0.032383, 0.156250
0.032383, 0.155280
0.032383, 0.154321
0.032383, 0.153374
0.032383, 0.152439
0.033679, 0.157576
0.033679, 0.156627
0.033679, 0.155689
0.034974, 0.160714
0.036269, 0.165680
0.037565, 0.170588
0.037565, 0.169591
0.037565, 0.168605
0.038860, 0.173410
0.038860, 0.172414
0.038860, 0.171429
0.038860, 0.170455
0.040155, 0.175141
0.040155, 0.174157
0.040155, 0.173184
0.041451, 0.177778
0.041451, 0.176796
0.041451, 0.175824
0.041451, 0.174863
0.042746, 0.179348
0.044041, 0.183784
0.045337, 0.188172
0.045337, 0.187166
0.046632, 0.191489
0.047927, 0.195767
0.047927, 0.194737
0.049223, 0.198953
0.049223, 0.197917
0.049223, 0.196891
0.050518, 0.201031
0.050518, 0.200000
0.050518, 0.198980
0.051813, 0.203046
0.053109, 0.207071
0.053109, 0.206030
0.053109, 0.205000
0.054404, 0.208955
0.054404, 0.207921
0.055699, 0.211823
0.055699, 0.210784
0.056995, 0.214634
0.056995, 0.213592
0.058290, 0.217391
0.058290, 0.216346
0.059585, 0.220096
0.060881, 0.223810
0.062176, 0.227488
0.063472, 0.231132
0.064767, 0.234742
0.064767, 0.233645
0.066062, 0.237209
0.066062, 0.236111
0.067358, 0.239631
0.068653, 0.243119
0.068653, 0.242009
0.069948, 0.245455
0.071244, 0.248869
0.072539, 0.252252
0.073834, 0.255605
0.075130, 0.258929
0.076425, 0.262222
0.076425, 0.261062
0.077720, 0.264317
0.079016, 0.267544
0.080311, 0.270742
0.081606, 0.273913
0.082902, 0.277056
0.084197, 0.280172
0.085492, 0.283262
0.085492, 0.282051
0.086788, 0.285106
0.088083, 0.288136
0.088083, 0.286920
0.088083, 0.285714
0.089378, 0.288703
0.089378, 0.287500
0.089378, 0.286307
0.090674, 0.289256
0.091969, 0.292181
0.091969, 0.290984
0.091969, 0.289796
0.091969, 0.288618
0.093264, 0.291498
0.093264, 0.290323
0.093264, 0.289157
0.093264, 0.288000
0.094560, 0.290837
0.094560, 0.289683
0.094560, 0.288538
0.094560, 0.287402
0.094560, 0.286275
0.094560, 0.285156
0.095855, 0.287938
0.095855, 0.286822
0.095855, 0.285714
0.097150, 0.288462
0.097150, 0.287356
0.097150, 0.286260
0.098446, 0.288973
0.099741, 0.291667
0.101036, 0.294340
0.102332, 0.296992
0.103627, 0.299625
0.104922, 0.302239
0.104922, 0.301115
0.106218, 0.303704
0.106218, 0.302583
0.106218, 0.301471
0.107513, 0.304029
0.108808, 0.306569
0.110104, 0.309091
0.111399, 0.311594
0.112694, 0.314079
0.113990, 0.316547
0.115285, 0.318996
0.116580, 0.321429
0.117876, 0.323843
0.119171, 0.326241
0.119171, 0.325088
0.120466, 0.327465
0.121762, 0.329825
0.121762, 0.328671
0.123057, 0.331010
0.124352, 0.333333
0.124352, 0.332180
0.125648, 0.334483
0.125648, 0.333333
0.125648, 0.332192
0.126943, 0.334471
0.126943, 0.333333
0.126943, 0.332203
0.126943, 0.331081
0.128238, 0.333333
0.129534, 0.335570
0.130829, 0.337793
0.132124, 0.340000
0.132124, 0.338870
0.132124, 0.337748
0.132124, 0.336634
0.132124, 0.335526
0.132124, 0.334426
0.132124, 0.333333
0.132124, 0.332248
0.132124, 0.331169
0.133420, 0.333333
0.134715, 0.335484
0.136010, 0.337621
0.137306, 0.339744
0.138601, 0.341853
0.139896, 0.343949
0.141192, 0.346032
0.142487, 0.348101
0.143782, 0.350158
0.145078, 0.352201
0.146373, 0.354232
0.147668, 0.356250
0.148964, 0.358255
0.150259, 0.360248
0.151554, 0.362229
0.152850, 0.364198
0.154145, 0.366154
0.155440, 0.368098
0.156736, 0.370031
0.158031, 0.371951
0.158031, 0.370821
0.159326, 0.372727
0.160622, 0.374622
0.161917, 0.376506
0.163212, 0.378378
0.163212, 0.377246
0.163212, 0.376119
0.164508, 0.377976
0.165803, 0.379822
0.165803, 0.378698
0.165803, 0.377581
0.165803, 0.376471
0.167098, 0.378299
0.168394, 0.380117
0.168394, 0.379009
0.168394, 0.377907
0.169689, 0.379710
0.170984, 0.381503
0.170984, 0.380403
0.172280, 0.382184
0.172280, 0.381089
0.173575, 0.382857
0.174870, 0.384615
0.174870, 0.383523
0.174870, 0.382436
0.176166, 0.384181
0.176166, 0.383099
0.176166, 0.382022
0.176166, 0.380952
0.176166, 0.379888
0.176166, 0.378830
0.176166, 0.377778
0.177461, 0.379501
0.177461, 0.378453
0.177461, 0.377410
0.178756, 0.379121
0.180052, 0.380822
0.180052, 0.379781
0.180052, 0.378747
0.180052, 0.377717
0.181347, 0.379404
0.181347, 0.378378
0.181347, 0.377358
0.181347, 0.376344
0.181347, 0.375335
0.181347, 0.374332
0.181347, 0.373333
0.181347, 0.372340
0.181347, 0.371353
0.181347, 0.370370
0.181347, 0.369393
0.181347, 0.368421
0.182642, 0.370079
0.183938, 0.371728
0.183938, 0.370757
0.185233, 0.372396
0.185233, 0.371429
0.185233, 0.370466
0.185233, 0.369509
0.185233, 0.368557
0.186528, 0.370180
0.187824, 0.371795
0.187824, 0.370844
0.187824, 0.369898
0.187824, 0.368957
0.187824, 0.368020
0.189119, 0.369620
0.189119, 0.368687
0.190415, 0.370277
0.190415, 0.369347
0.190415, 0.368421
0.191710, 0.370000
0.193005, 0.371571
0.194301, 0.373134
0.195596, 0.374690
0.196891, 0.376238
0.198187, 0.377778
0.198187, 0.376847
0.198187, 0.375921
0.199482, 0.377451
0.200777, 0.378973
0.202073, 0.380488
0.203368, 0.381995
0.204663, 0.383495
0.205959, 0.384988
0.207254, 0.386473
0.208549, 0.387952
0.208549, 0.387019
0.208549, 0.386091
0.208549, 0.385167
0.208549, 0.384248
0.208549, 0.383333
0.209845, 0.384798
0.211140, 0.386256
0.212435, 0.387707
0.213731, 0.389151
0.215026, 0.390588
0.216321, 0.392019
0.216321, 0.391101
0.217617, 0.392523
0.217617, 0.391608
0.217617, 0.390698
0.217617, 0.389791
0.217617, 0.388889
0.217617, 0.387991
0.218912, 0.389401
0.218912, 0.388506
0.218912, 0.387615
0.218912, 0.386728
0.220207, 0.388128
0.221503, 0.389522
0.222798, 0.390909
0.222798, 0.390023
0.222798, 0.389140
0.222798, 0.388262
0.224093, 0.389640
0.224093, 0.388764
0.224093, 0.387892
0.224093, 0.387025
0.224093, 0.386161
0.224093, 0.385301
0.225389, 0.386667
0.225389, 0.385809
0.225389, 0.384956
0.225389, 0.384106
0.225389, 0.383260
0.226684, 0.384615
0.227979, 0.385965
0.229275, 0.387309
0.230570, 0.388646
0.230570, 0.387800
0.231865, 0.389130
0.231865, 0.388286
0.233161, 0.389610
0.233161, 0.388769
0.234456, 0.390086
0.234456, 0.389247
0.234456, 0.388412
0.235751, 0.389722
0.235751, 0.388889
0.235751, 0.388060
0.235751, 0.387234
0.235751, 0.386412
0.237047, 0.387712
0.238342, 0.389006
0.239637, 0.390295
0.240933, 0.391579
0.242228, 0.392857
0.243523, 0.394130
0.244819, 0.395397
0.246114, 0.396660
0.247409, 0.397917
0.248705, 0.399168
0.250000, 0.400415
0.251295, 0.401656
0.252591, 0.402893
0.252591, 0.402062
0.253886, 0.403292
0.253886, 0.402464
0.255181, 0.403689
0.255181, 0.402863
0.256477, 0.404082
0.257772, 0.405295
0.259067, 0.406504
0.259067, 0.405680
0.260363, 0.406883
0.261658, 0.408081
0.262953, 0.409274
0.264249, 0.410463
0.265544, 0.411647
0.265544, 0.410822
0.266839, 0.412000
0.268135, 0.413174
0.269430, 0.414343
0.269430, 0.413519
0.270725, 0.414683
0.272021, 0.415842
0.273316, 0.416996
0.274611, 0.418146
0.275907, 0.419291
0.277202, 0.420432
0.278497, 0.421569
0.278497, 0.420744
0.278497, 0.419922
0.279793, 0.421053
0.281088, 0.422179
0.282383, 0.423301
0.283679, 0.424419
0.284974, 0.425532
0.286269, 0.426641
0.286269, 0.425819
0.286269, 0.425000
0.287565, 0.426104
0.288860, 0.427203
0.290155, 0.428298
0.291451, 0.429389
0.291451, 0.428571
0.292746, 0.429658
0.292746, 0.428843
0.294041, 0.429924
0.295337, 0.431002
0.296632, 0.432075
0.297927, 0.433145
0.299223, 0.434211
0.300518, 0.435272
0.301813, 0.436330
0.303109, 0.437383
0.304404, 0.438433
0.305699, 0.439479
0.306995, 0.440520
0.308290, 0.441558
0.309585, 0.442593
0.309585, 0.441774
0.310881, 0.442804
0.310881, 0.441989
0.310881, 0.441176
0.312176, 0.442202
0.312176, 0.441392
0.312176, 0.440585
0.312176, 0.439781
0.312176, 0.438980
0.312176, 0.438182
0.312176, 0.437387
0.313472, 0.438406
0.313472, 0.437613
0.314767, 0.438628
0.314767, 0.437838
0.314767, 0.437050
0.314767, 0.436266
0.316062, 0.437276
0.317358, 0.438283
0.317358, 0.437500
0.318653, 0.438503
0.318653, 0.437722
0.318653, 0.436945
0.319948, 0.437943
0.321244, 0.438938
0.322539, 0.439929
0.322539, 0.439153
0.323834, 0.440141
0.325130, 0.441125
0.325130, 0.440351
0.326425, 0.441331
0.327720, 0.442308
0.329016, 0.443281
0.330311, 0.444251
0.331606, 0.445217
0.332902, 0.446181
0.334197, 0.447140
0.334197, 0.446367
0.334197, 0.445596
0.335492, 0.446552
0.336788, 0.447504
0.338083, 0.448454
0.339378, 0.449400
0.339378, 0.448630
0.339378, 0.447863
0.340674, 0.448805
0.340674, 0.448041
0.340674, 0.447279
0.341969, 0.448217
0.341969, 0.447458
0.341969, 0.446701
0.341969, 0.445946
0.341969, 0.445194
0.343264, 0.446128
0.343264, 0.445378
0.343264, 0.444631
0.343264, 0.443886
0.343264, 0.443144
0.343264, 0.442404
0.343264, 0.441667
0.343264, 0.440932
0.343264, 0.440199
0.343264, 0.439469
0.343264, 0.438742
0.343264, 0.438017
0.344560, 0.438944
0.344560, 0.438221
0.345855, 0.439145
0.347150, 0.440066
0.347150, 0.439344
0.348446, 0.440262
0.348446, 0.439542
0.348446, 0.438825
0.348446, 0.438111
0.348446, 0.437398
0.348446, 0.436688
0.349741, 0.437601
0.351036, 0.438511
0.352332, 0.439418
0.353627, 0.440323
0.354922, 0.441224
0.356218, 0.442122
0.357513, 0.443018
0.358808, 0.443910
0.360104, 0.444800
0.361399, 0.445687
0.362694, 0.446571
0.362694, 0.445860
0.363990, 0.446741
0.365285, 0.447619
0.366580, 0.448494
0.367876, 0.449367
0.367876, 0.448657
0.367876, 0.447950
0.369171, 0.448819
0.369171, 0.448113
0.369171, 0.447410
0.370466, 0.448276
0.371762, 0.449139
0.373057, 0.450000
0.374352, 0.450858
0.374352, 0.450156
0.375648, 0.451011
0.376943, 0.451863
0.378238, 0.452713
0.379534, 0.453560
0.380829, 0.454405
0.382124, 0.455247
0.383420, 0.456086
0.384715, 0.456923
0.384715, 0.456221
0.386010, 0.457055
0.387306, 0.457887
0.388601, 0.458716
0.389896, 0.459542
0.391192, 0.460366
0.392487, 0.461187
0.393782, 0.462006
0.395078, 0.462822
0.396373, 0.463636
0.397668, 0.464448
0.398964, 0.465257
0.398964, 0.464555
0.400259, 0.465361
0.401554, 0.466165
0.402850, 0.466967
0.404145, 0.467766
0.405440, 0.468563
0.406736, 0.469357
0.406736, 0.468657
0.408031, 0.469449
0.409326, 0.470238
0.410622, 0.471025
0.410622, 0.470326
0.410622, 0.469630
0.410622, 0.468935
0.411917, 0.469719
0.411917, 0.469027
0.411917, 0.468336
0.413212, 0.469118
0.414508, 0.469897
0.415803, 0.470674
0.417098, 0.471449
0.418394, 0.472222
0.418394, 0.471533
0.419689, 0.472303
0.420984, 0.473071
0.420984, 0.472384
0.422280, 0.473149
0.423575, 0.473913
0.423575, 0.473227
0.424870, 0.473988
0.426166, 0.474747
0.426166, 0.474063
0.427461, 0.474820
0.427461, 0.474138
0.428756, 0.474892
0.428756, 0.474212
0.428756, 0.473534
0.428756, 0.472857
0.428756, 0.472183
0.428756, 0.471510
0.428756, 0.470839
0.428756, 0.470170
0.428756, 0.469504
0.428756, 0.468839
0.428756, 0.468175
0.428756, 0.467514
0.428756, 0.466855
0.428756, 0.466197
0.428756, 0.465541
0.430052, 0.466292
0.431347, 0.467041
0.432642, 0.467787
0.433938, 0.468531
0.435233, 0.469274
0.436528, 0.470014
0.437824, 0.470752
0.437824, 0.470097
0.439119, 0.470833
0.439119, 0.470180
0.440415, 0.470914
0.440415, 0.470263
0.441710, 0.470994
0.441710, 0.470345
0.443005, 0.471074
0.444301, 0.471802
0.445596, 0.472527
0.446891, 0.473251
0.446891, 0.472603
0.448187, 0.473324
0.448187, 0.472678
0.449482, 0.473397
0.450777, 0.474114
0.450777, 0.473469
0.450777, 0.472826
0.450777, 0.472185
0.452073, 0.472900
0.453368, 0.473613
0.454663, 0.474324
0.454663, 0.473684
0.455959, 0.474394
0.455959, 0.473755
0.455959, 0.473118
0.457254, 0.473826
0.458549, 0.474531
0.459845, 0.475234
0.461140, 0.475936
0.461140, 0.475300
0.461140, 0.474667
0.461140, 0.474035
0.462435, 0.474734
0.462435, 0.474104
0.462435, 0.473475
0.463731, 0.474172
0.465026, 0.474868
0.465026, 0.474240
0.465026, 0.473615
0.465026, 0.472991
0.465026, 0.472368
0.465026, 0.471748
0.465026, 0.471129
0.466321, 0.471822
0.467617, 0.472513
0.468912, 0.473203
0.470207, 0.473890
0.471503, 0.474576
0.472798, 0.475260
0.474093, 0.475943
0.475389, 0.476623
0.476684, 0.477302
0.477979, 0.477979
0.479275, 0.478655
0.480570, 0.479328
0.480570, 0.478710
0.481865, 0.479381
0.483161, 0.480051
0.484456, 0.480720
0.484456, 0.480103
0.484456, 0.479487
0.485751, 0.480154
0.485751, 0.479540
0.487047, 0.480204
0.487047, 0.479592
0.488342, 0.480255
0.489637, 0.480916
0.490933, 0.481576
0.492228, 0.482234
0.493523, 0.482890
0.494819, 0.483544
0.494819, 0.482933
0.494819, 0.482323
0.496114, 0.482976
0.496114, 0.482368
0.496114, 0.481761
0.496114, 0.481156
0.497409, 0.481807
0.498705, 0.482456
0.498705, 0.481852
0.498705, 0.481250
0.498705, 0.480649
0.500000, 0.481297
0.501295, 0.481943
0.501295, 0.481343
0.502591, 0.481988
0.502591, 0.481390
0.503886, 0.482032
0.505181, 0.482673
0.505181, 0.482077
0.506477, 0.482716
0.507772, 0.483354
0.509067, 0.483990
0.510363, 0.484625
0.510363, 0.484029
0.510363, 0.483436
0.511658, 0.484069
0.511658, 0.483476
0.511658, 0.482885
0.511658, 0.482295
0.512953, 0.482927
0.512953, 0.482339
0.514249, 0.482968
0.514249, 0.482382
0.514249, 0.481796
0.514249, 0.481212
0.515544, 0.481840
0.515544, 0.481258
0.515544, 0.480676
0.515544, 0.480097
0.516839, 0.480723
0.518135, 0.481348
0.519430, 0.481971
0.519430, 0.481393
0.519430, 0.480815
0.520725, 0.481437
0.522021, 0.482057
0.522021, 0.481481
0.523316, 0.482100
0.524611, 0.482718
0.525907, 0.483333
0.525907, 0.482759
0.527202, 0.483373
0.527202, 0.482800
0.527202, 0.482227
0.527202, 0.481657
0.528497, 0.482270
0.529793, 0.482881
0.529793, 0.482311
0.531088, 0.482921
0.531088, 0.482353
0.531088, 0.481786
0.531088, 0.481221
0.531088, 0.480657
0.531088, 0.480094
0.532383, 0.480702
0.532383, 0.480140
0.532383, 0.479580
0.532383, 0.479021
0.532383, 0.478463
0.533679, 0.479070
0.533679, 0.478513
0.534974, 0.479118
0.534974, 0.478563
0.534974, 0.478009
0.534974, 0.477457
0.536269, 0.478060
0.536269, 0.477509
0.537565, 0.478111
0.538860, 0.478711
0.538860, 0.478161
0.538860, 0.477612
0.540155, 0.478211
0.540155, 0.477663
0.540155, 0.477117
0.541451, 0.477714
0.541451, 0.477169
0.541451, 0.476625
0.542746, 0.477221
0.544041, 0.477816
0.545337, 0.478409
0.545337, 0.477866
0.546632, 0.478458
0.547927, 0.479049
0.549223, 0.479638
0.550518, 0.480226
0.551813, 0.480813
0.551813, 0.480271
0.553109, 0.480856
0.553109, 0.480315
0.554404, 0.480899
0.555699, 0.481481
0.556995, 0.482063
0.558290, 0.482643
0.558290, 0.482103
0.559585, 0.482682
0.559585, 0.482143
0.559585, 0.481605
0.560881, 0.482183
0.560881, 0.481646
0.562176, 0.482222
0.562176, 0.481687
0.563472, 0.482262
0.564767, 0.482835
0.564767, 0.482301
0.564767, 0.481768
0.566062, 0.482340
0.566062, 0.481808
0.566062, 0.481278
0.567358, 0.481848
0.568653, 0.482418
0.568653, 0.481888
0.568653, 0.481360
0.569948, 0.481928
0.569948, 0.481400
0.569948, 0.480874
0.569948, 0.480349
0.569948, 0.479826
0.571244, 0.480392
0.572539, 0.480958
0.573834, 0.481522
0.573834, 0.480999
0.575130, 0.481562
0.576425, 0.482124
0.577720, 0.482684
0.577720, 0.482162
0.577720, 0.481641
0.579016, 0.482201
0.580311, 0.482759
0.580311, 0.482239
0.580311, 0.481720
0.580311, 0.481203
0.581606, 0.481760
0.581606, 0.481243
0.581606, 0.480728
0.581606, 0.480214
0.581606, 0.479701
0.581606, 0.479189
0.582902, 0.479744
0.584197, 0.480298
0.585492, 0.480851
0.586788, 0.481403
0.588083, 0.481953
0.589378, 0.482503
0.590674, 0.483051
0.590674, 0.482540
0.591969, 0.483087
0.593264, 0.483633
0.593264, 0.483122
0.594560, 0.483667
0.594560, 0.483158
0.594560, 0.482650
0.595855, 0.483193
0.597150, 0.483736
0.597150, 0.483229
0.597150, 0.482723
0.597150, 0.482218
0.598446, 0.482759
0.599741, 0.483299
0.601036, 0.483837
0.601036, 0.483333
0.601036, 0.482830
0.601036, 0.482328
0.601036, 0.481828
0.602332, 0.482365
0.602332, 0.481865
0.603627, 0.482402
0.604922, 0.482937
0.606218, 0.483471
0.606218, 0.482972
0.607513, 0.483505
0.608808, 0.484037
0.610104, 0.484568
0.611399, 0.485098
0.612694, 0.485626
0.613990, 0.486154
0.615285, 0.486680
0.615285, 0.486182
0.616580, 0.486708
0.616580, 0.486210
0.616580, 0.485714
0.617876, 0.486239
0.617876, 0.485743
0.617876, 0.485249
0.619171, 0.485772
0.620466, 0.486294
0.621762, 0.486815
0.621762, 0.486322
0.623057, 0.486842
0.624352, 0.487361
0.625648, 0.487879
0.626943, 0.488396
0.628238, 0.488911
0.629534, 0.489426
0.630829, 0.489940
0.630829, 0.489447
0.630829, 0.488956
0.632124, 0.489468
0.632124, 0.488978
0.632124, 0.488488
0.632124, 0.488000
0.632124, 0.487512
0.633420, 0.488024
0.633420, 0.487537
0.634715, 0.488048
0.636010, 0.488557
0.637306, 0.489066
0.638601, 0.489573
0.639896, 0.490079
0.641192, 0.490585
0.642487, 0.491089
0.643782, 0.491592
0.645078, 0.492095
0.645078, 0.491609
0.646373, 0.492110
0.647668, 0.492611
0.648964, 0.493110
0.650259, 0.493609
0.651554, 0.494106
0.652850, 0.494603
0.654145, 0.495098
0.655440, 0.495593
0.656736, 0.496086
0.656736, 0.495601
0.658031, 0.496094
0.658031, 0.495610
0.659326, 0.496101
0.660622, 0.496592
0.661917, 0.497082
0.663212, 0.497570
0.664508, 0.498058
0.665803, 0.498545
0.667098, 0.499031
0.668394, 0.499516
0.669689, 0.500000
0.670984, 0.500483
0.672280, 0.500965
0.673575, 0.501446
0.674870, 0.501927
0.676166, 0.502406
0.676166, 0.501923
0.677461, 0.502402
0.678756, 0.502879
0.680052, 0.503356
0.681347, 0.503831
0.682642, 0.504306
0.683938, 0.504780
0.685233, 0.505253
0.686528, 0.505725
0.687824, 0.506196
0.689119, 0.506667
0.690415, 0.507136
0.691710, 0.507605
0.693005, 0.508072
0.694301, 0.508539
0.694301, 0.508057
0.694301, 0.507576
0.695596, 0.508042
0.696891, 0.508507
0.698187, 0.508971
0.699482, 0.509434
0.699482, 0.508954
0.700777, 0.509416
0.702073, 0.509878
0.703368, 0.510338
0.704663, 0.510798
0.704663, 0.510319
0.705959, 0.510778
0.705959, 0.510300
0.707254, 0.510758
0.707254, 0.510280
0.707254, 0.509804
0.708549, 0.510261
0.708549, 0.509786
0.709845, 0.510242
0.709845, 0.509767
0.711140, 0.510223
0.711140, 0.509749
0.711140, 0.509276
0.712435, 0.509731
0.713731, 0.510185
0.713731, 0.509713
0.713731, 0.509242
0.713731, 0.508772
0.715026, 0.509225
0.716321, 0.509677
0.717617, 0.510129
0.718912, 0.510580
0.720207, 0.511029
0.720207, 0.510560
0.720207, 0.510092
0.721503, 0.510541
0.722798, 0.510989
0.722798, 0.510522
0.722798, 0.510055
0.722798, 0.509589
0.722798, 0.509124
0.722798, 0.508660
0.722798, 0.508197
0.724093, 0.508644
0.725389, 0.509091
0.725389, 0.508629
0.726684, 0.509074
0.727979, 0.509519
0.727979, 0.509058
0.729275, 0.509502
0.730570, 0.509946
0.730570, 0.509485
0.731865, 0.509928
0.733161, 0.510370
0.734456, 0.510811
0.734456, 0.510351
0.735751, 0.510791
0.737047, 0.511231
0.738342, 0.511670
0.739637, 0.512108
0.739637, 0.511649
0.740933, 0.512086
0.742228, 0.512522
0.743523, 0.512958
0.743523, 0.512500
0.743523, 0.512043
0.743523, 0.511586
0.744819, 0.512021
0.744819, 0.511566
0.744819, 0.511111
0.744819, 0.510657
0.744819, 0.510204
0.744819, 0.509752
0.744819, 0.509300
0.746114, 0.509735
0.747409, 0.510168
0.747409, 0.509717
0.748705, 0.510150
0.750000, 0.510582
0.750000, 0.510132
0.750000, 0.509683
0.751295, 0.510114
0.752591, 0.510545
0.752591, 0.510097
0.752591, 0.509649
0.753886, 0.510079
0.755181, 0.510508
0.755181, 0.510061
0.755181, 0.509615
0.755181, 0.509170
0.755181, 0.508726
0.756477, 0.509154
0.757772, 0.509582
0.757772, 0.509138
0.759067, 0.509565
0.760363, 0.509991
0.760363, 0.509549
0.761658, 0.509974
0.762953, 0.510399
0.764249, 0.510823
0.765544, 0.511246
0.766839, 0.511668
0.766839, 0.511226
0.766839, 0.510785
0.766839, 0.510345
0.768135, 0.510767
0.769430, 0.511188
0.769430, 0.510748
0.770725, 0.511168
0.772021, 0.511588
0.772021, 0.511149
0.773316, 0.511568
0.773316, 0.511130
0.774611, 0.511548
0.774611, 0.511111
0.775907, 0.511529
0.775907, 0.511092
0.777202, 0.511509
0.778497, 0.511925
0.779793, 0.512340
0.779793, 0.511905
0.781088, 0.512319
0.782383, 0.512733
0.783679, 0.513147
0.783679, 0.512712
0.783679, 0.512278
0.783679, 0.511844
0.783679, 0.511412
0.784974, 0.511824
0.786269, 0.512236
0.786269, 0.511804
0.787565, 0.512216
0.788860, 0.512626
0.790155, 0.513036
0.791451, 0.513445
0.791451, 0.513014
0.791451, 0.512584
0.791451, 0.512154
0.792746, 0.512563
0.794041, 0.512971
0.795337, 0.513378
0.796632, 0.513784
0.796632, 0.513356
0.796632, 0.512927
0.796632, 0.512500
0.796632, 0.512073
0.797927, 0.512479
0.797927, 0.512053
0.797927, 0.511628
0.797927, 0.511203
0.797927, 0.510779
0.797927, 0.510356
0.799223, 0.510762
0.799223, 0.510339
0.799223, 0.509917
0.799223, 0.509496
0.799223, 0.509076
0.799223, 0.508656
0.799223, 0.508237
0.800518, 0.508642
0.800518, 0.508224
0.800518, 0.507806
0.800518, 0.507389
0.800518, 0.506973
0.801813, 0.507377
0.801813, 0.506962
0.801813, 0.506547
0.801813, 0.506132
0.803109, 0.506536
0.803109, 0.506122
0.803109, 0.505710
0.803109, 0.505297
0.803109, 0.504886
0.803109, 0.504475
0.803109, 0.504065
0.804404, 0.504468
0.804404, 0.504058
0.804404, 0.503650
0.804404, 0.503241
0.804404, 0.502834
0.804404, 0.502427
0.805699, 0.502829
0.805699, 0.502423
0.805699, 0.502018
0.805699, 0.501613
0.805699, 0.501209
0.805699, 0.500805
0.805699, 0.500402
0.805699, 0.500000
0.805699, 0.499598
0.805699, 0.499197
0.805699, 0.498797
0.805699, 0.498397
0.805699, 0.497998
0.805699, 0.497600
0.805699, 0.497202
0.806995, 0.497604
0.806995, 0.497207
0.806995, 0.496810
0.806995, 0.496414
0.806995, 0.496019
0.806995, 0.495625
0.806995, 0.495231
0.808290, 0.495631
0.808290, 0.495238
0.809585, 0.495638
0.809585, 0.495246
0.809585, 0.494854
0.809585, 0.494462
0.809585, 0.494071
0.809585, 0.493681
0.809585, 0.493291
0.809585, 0.492902
0.810881, 0.493302
0.810881, 0.492913
0.810881, 0.492526
0.812176, 0.492925
0.812176, 0.492537
0.813472, 0.492936
0.813472, 0.492549
0.813472, 0.492163
0.813472, 0.491778
0.813472, 0.491393
0.813472, 0.491009
0.814767, 0.491406
0.814767, 0.491023
0.814767, 0.490640
0.814767, 0.490257
0.814767, 0.489875
0.816062, 0.490272
0.816062, 0.489891
0.817358, 0.490287
0.817358, 0.489907
0.817358, 0.489527
0.818653, 0.489922
0.819948, 0.490318
0.821244, 0.490712
0.822539, 0.491106
0.823834, 0.491499
0.823834, 0.491120
0.823834, 0.490741
0.825130, 0.491133
0.826425, 0.491525
0.827720, 0.491917
0.827720, 0.491538
0.829016, 0.491929
0.829016, 0.491551
0.829016, 0.491174
0.830311, 0.491564
0.831606, 0.491954
0.831606, 0.491577
0.832902, 0.491966
0.834197, 0.492355
0.835492, 0.492743
0.836788, 0.493130
0.838083, 0.493516
0.839378, 0.493902
0.839378, 0.493526
0.840674, 0.493912
0.841969, 0.494297
0.843264, 0.494681
0.844560, 0.495065
0.844560, 0.494689
0.845855, 0.495072
0.845855, 0.494697
0.847150, 0.495079
0.848446, 0.495461
0.848446, 0.495087
0.848446, 0.494713
0.849741, 0.495094
0.851036, 0.495475
0.852332, 0.495855
0.853627, 0.496235
0.854922, 0.496614
0.856218, 0.496992
0.857513, 0.497370
0.858808, 0.497748
0.858808, 0.497374
0.860104, 0.497751
0.860104, 0.497378
0.860104, 0.497006
0.860104, 0.496634
0.861399, 0.497010
0.861399, 0.496639
0.862694, 0.497015
0.862694, 0.496644
0.862694, 0.496274
0.863990, 0.496649
0.863990, 0.496280
0.863990, 0.495911
0.863990, 0.495542
0.863990, 0.495174
0.863990, 0.494807
0.863990, 0.494440
0.863990, 0.494074
0.863990, 0.493708
0.863990, 0.493343
0.863990, 0.492979
0.863990, 0.492614
0.863990, 0.492251
0.863990, 0.491888
0.863990, 0.491525
0.863990, 0.491163
0.863990, 0.490802
0.863990, 0.490441
0.865285, 0.490816
0.865285, 0.490455
0.865285, 0.490095
0.865285, 0.489736
0.866580, 0.490110
0.867876, 0.490483
0.867876, 0.490124
0.867876, 0.489766
0.869171, 0.490139
0.870466, 0.490511
0.871762, 0.490883
0.873057, 0.491254
0.874352, 0.491624
0.874352, 0.491266
0.874352, 0.490909
0.875648, 0.491279
0.875648, 0.490922
0.875648, 0.490566
0.875648, 0.490210
0.875648, 0.489855
0.875648, 0.489500
0.876943, 0.489870
0.878238, 0.490239
0.878238, 0.489884
0.879534, 0.490253
0.880829, 0.490620
0.882124, 0.490988
0.883420, 0.491354
0.883420, 0.491001
0.883420, 0.490647
0.884715, 0.491014
0.884715, 0.490661
0.884715, 0.490309
0.884715, 0.489957
0.884715, 0.489606
0.886010, 0.489971
0.887306, 0.490336
0.888601, 0.490701
0.888601, 0.490350
0.889896, 0.490714
0.889896, 0.490364
0.889896, 0.490014
0.889896, 0.489665
0.889896, 0.489316
0.889896, 0.488968
0.889896, 0.488620
0.889896, 0.488273
0.889896, 0.487926
0.891192, 0.488290
0.891192, 0.487943
0.891192, 0.487597
0.891192, 0.487252
0.891192, 0.486907
0.891192, 0.486563
0.891192, 0.486219
0.891192, 0.485876
0.891192, 0.485533
0.892487, 0.485896
0.893782, 0.486258
0.893782, 0.485915
0.893782, 0.485574
0.893782, 0.485232
0.893782, 0.484891
0.893782, 0.484551
0.893782, 0.484211
0.893782, 0.483871
0.893782, 0.483532
0.893782, 0.483193
0.893782, 0.482855
0.893782, 0.482517
0.895078, 0.482879
0.896373, 0.483240
0.897668, 0.483601
0.898964, 0.483961
0.900259, 0.484321
0.901554, 0.484680
0.902850, 0.485038
0.904145, 0.485396
0.905440, 0.485754
0.905440, 0.485417
0.906736, 0.485774
0.906736, 0.485437
0.906736, 0.485100
0.906736, 0.484765
0.906736, 0.484429
0.906736, 0.484094
0.906736, 0.483760
0.906736, 0.483425
0.908031, 0.483782
0.908031, 0.483448
0.909326, 0.483804
0.910622, 0.484160
0.911917, 0.484515
0.913212, 0.484869
0.913212, 0.484536
0.914508, 0.484890
0.915803, 0.485244
0.915803, 0.484911
0.917098, 0.485264
0.917098, 0.484932
0.918394, 0.485284
0.918394, 0.484952
0.919689, 0.485304
0.919689, 0.484973
0.919689, 0.484642
0.919689, 0.484311
0.920984, 0.484663
0.922280, 0.485014
0.923575, 0.485364
0.923575, 0.485034
0.923575, 0.484704
0.924870, 0.485054
0.924870, 0.484725
0.924870, 0.484396
0.926166, 0.484746
0.927461, 0.485095
0.927461, 0.484766
0.927461, 0.484438
0.928756, 0.484787
0.928756, 0.484459
0.930052, 0.484808
0.931347, 0.485155
0.932642, 0.485502
0.933938, 0.485849
0.935233, 0.486195
0.936528, 0.486541
0.937824, 0.486886
0.937824, 0.486559
0.939119, 0.486904
0.940415, 0.487248
0.941710, 0.487592
0.943005, 0.487936
0.943005, 0.487609
0.944301, 0.487952
0.944301, 0.487625
0.944301, 0.487299
0.945596, 0.487642
0.946891, 0.487984
0.946891, 0.487658
0.946891, 0.487333
0.948187, 0.487675
0.949482, 0.488016
0.950777, 0.488357
0.952073, 0.488697
0.952073, 0.488372
0.953368, 0.488712
0.954663, 0.489051
0.955959, 0.489390
0.955959, 0.489066
0.957254, 0.489404
0.958549, 0.489742
0.958549, 0.489418
0.959845, 0.489755
0.961140, 0.490092
0.962435, 0.490429
0.962435, 0.490106
0.963731, 0.490442
0.965026, 0.490777
0.966321, 0.491113
0.966321, 0.490789
0.967617, 0.491124
0.967617, 0.490802
0.967617, 0.490479
0.968912, 0.490814
0.968912, 0.490492
0.968912, 0.490170
0.968912, 0.489849
0.968912, 0.489529
0.970207, 0.489863
0.970207, 0.489542
0.970207, 0.489223
0.971503, 0.489556
0.971503, 0.489237
0.971503, 0.488918
0.972798, 0.489251
0.974093, 0.489583
0.974093, 0.489265
0.975389, 0.489597
0.975389, 0.489279
0.976684, 0.489610
0.977979, 0.489942
0.979275, 0.490272
0.979275, 0.489955
0.980570, 0.490285
0.981865, 0.490615
0.981865, 0.490298
0.981865, 0.489981
0.981865, 0.489664
0.981865, 0.489348
0.981865, 0.489032
0.981865, 0.488717
0.981865, 0.488402
0.981865, 0.488088
0.981865, 0.487773
0.981865, 0.487460
0.981865, 0.487147
0.981865, 0.486834
0.981865, 0.486521
0.981865, 0.486209
0.981865, 0.485897
0.983161, 0.486227
0.984456, 0.486556
0.985751, 0.486884
0.987047, 0.487212
0.987047, 0.486901
0.987047, 0.486590
0.987047, 0.486280
0.988342, 0.486607
0.989637, 0.486934
0.990933, 0.487261
0.990933, 0.486951
0.992228, 0.487277
0.992228, 0.486968
0.992228, 0.486658
0.992228, 0.486349
0.992228, 0.486041
0.992228, 0.485732
0.992228, 0.485425
0.992228, 0.485117
0.992228, 0.484810
0.992228, 0.484503
0.992228, 0.484197
0.992228, 0.483891
0.992228, 0.483586
0.993523, 0.483912
0.993523, 0.483607
0.993523, 0.483302
0.993523, 0.482997
0.993523, 0.482694
0.993523, 0.482390
0.993523, 0.482087
0.993523, 0.481784
0.993523, 0.481481
0.994819, 0.481807
0.996114, 0.482132
0.997409, 0.482456
0.997409, 0.482154
0.997409, 0.481852
0.997409, 0.481551
0.997409, 0.481250
0.997409, 0.480949
0.998705, 0.481273
0.998705, 0.480973
0.998705, 0.480673
0.998705, 0.480374
0.998705, 0.480075
0.998705, 0.479776
0.998705, 0.479478
0.998705, 0.479180
0.998705, 0.478882
0.998705, 0.478585
0.998705, 0.478288
0.998705, 0.477991
0.998705, 0.477695
0.998705, 0.477399
0.998705, 0.477104
0.998705, 0.476809
0.998705, 0.476514
0.998705, 0.476220
0.998705, 0.475926
0.998705, 0.475632
0.998705, 0.475339
0.998705, 0.475046
0.998705, 0.474754
0.998705, 0.474462
0.998705, 0.474170
0.998705, 0.473878
0.998705, 0.473587
0.998705, 0.473297
0.998705, 0.473006
0.998705, 0.472716
0.998705, 0.472426
0.998705, 0.472137
0.998705, 0.471848
0.998705, 0.471560
0.998705, 0.471271
0.998705, 0.470984
0.998705, 0.470696
0.998705, 0.470409
0.998705, 0.470122
0.998705, 0.469835
0.998705, 0.469549
0.998705, 0.469264
0.998705, 0.468978
0.998705, 0.468693
0.998705, 0.468408
0.998705, 0.468124
0.998705, 0.467840
0.998705, 0.467556
0.998705, 0.467273
0.998705, 0.466990
0.998705, 0.466707
0.998705, 0.466425
0.998705, 0.466143
0.998705, 0.465861
0.998705, 0.465580
0.998705, 0.465299
0.998705, 0.465018
0.998705, 0.464738
0.998705, 0.464458
0.998705, 0.464178
0.998705, 0.463899
0.998705, 0.463620
0.998705, 0.463341
0.998705, 0.463063
0.998705, 0.462785
0.998705, 0.462507
0.998705, 0.462230
0.998705, 0.461953
0.998705, 0.461677
0.998705, 0.461400
0.998705, 0.461124
0.998705, 0.460849
0.998705, 0.460573
0.998705, 0.460299
0.998705, 0.460024
0.998705, 0.459750
0.998705, 0.459476
0.998705, 0.459202
0.998705, 0.458929
0.998705, 0.458656
0.998705, 0.458383
0.998705, 0.458111
0.998705, 0.457838
0.998705, 0.457567
0.998705, 0.457295
0.998705, 0.457024
0.998705, 0.456754
0.998705, 0.456483
0.998705, 0.456213
0.998705, 0.455943
0.998705, 0.455674
0.998705, 0.455405
0.998705, 0.455136
0.998705, 0.454867
0.998705, 0.454599
0.998705, 0.454331
0.998705, 0.454064
0.998705, 0.453796
0.998705, 0.453529
0.998705, 0.453263
0.998705, 0.452996
0.998705, 0.452730
0.998705, 0.452465
0.998705, 0.452199
0.998705, 0.451934
0.998705, 0.451670
0.998705, 0.451405
0.998705, 0.451141
0.998705, 0.450877
0.998705, 0.450614
0.998705, 0.450350
0.998705, 0.450088
0.998705, 0.449825
0.998705, 0.449563
0.998705, 0.449301
0.998705, 0.449039
0.998705, 0.448778
0.998705, 0.448517
0.998705, 0.448256
0.998705, 0.447995
0.998705, 0.447735
0.998705, 0.447475
0.998705, 0.447216
0.998705, 0.446957
0.998705, 0.446698
0.998705, 0.446439
0.998705, 0.446181
0.998705, 0.445922
0.998705, 0.445665
0.998705, 0.445407
0.998705, 0.445150
0.998705, 0.444893
0.998705, 0.444637
0.998705, 0.444380
0.998705, 0.444124
0.998705, 0.443869
0.998705, 0.443613
0.998705, 0.443358
0.998705, 0.443103
0.998705, 0.442849
0.998705, 0.442595
0.998705, 0.442341
0.998705, 0.442087
0.998705, 0.441834
0.998705, 0.441581
0.998705, 0.441328
0.998705, 0.441076
0.998705, 0.440823
0.998705, 0.440571
0.998705, 0.440320
0.998705, 0.440068
0.998705, 0.439817
0.998705, 0.439567
0.998705, 0.439316
0.998705, 0.439066
0.998705, 0.438816
0.998705, 0.438567
0.998705, 0.438317
0.998705, 0.438068
0.998705, 0.437819
0.998705, 0.437571
0.998705, 0.437323
0.998705, 0.437075
0.998705, 0.436827
0.998705, 0.436580
0.998705, 0.436333
0.998705, 0.436086
0.998705, 0.435839
0.998705, 0.435593
0.998705, 0.435347
0.998705, 0.435102
0.998705, 0.434856
0.998705, 0.434611
0.998705, 0.434366
0.998705, 0.434122
0.998705, 0.433877
0.998705, 0.433633
0.998705, 0.433390
0.998705, 0.433146
0.998705, 0.432903
0.998705, 0.432660
0.998705, 0.432417
0.998705, 0.432175
0.998705, 0.431933
0.998705, 0.431691
0.998705, 0.431449
0.998705, 0.431208
0.998705, 0.430967
0.998705, 0.430726
0.998705, 0.430486
0.998705, 0.430246
0.998705, 0.430006
0.998705, 0.429766
0.998705, 0.429526
0.998705, 0.429287
0.998705, 0.429048
0.998705, 0.428810
0.998705, 0.428571
0.998705, 0.428333
0.998705, 0.428096
0.998705, 0.427858
0.998705, 0.427621
0.998705, 0.427384
0.998705, 0.427147
0.998705, 0.426910
0.998705, 0.426674
0.998705, 0.426438
0.998705, 0.426202
0.998705, 0.425967
0.998705, 0.425732
0.998705, 0.425497
0.998705, 0.425262
0.998705, 0.425028
0.998705, 0.424793
0.998705, 0.424559
0.998705, 0.424326
0.998705, 0.424092
0.998705, 0.423859
0.998705, 0.423626
0.998705, 0.423394
0.998705, 0.423161
0.998705, 0.422929
0.998705, 0.422697
0.998705, 0.422466
0.998705, 0.422234
0.998705, 0.422003
0.998705, 0.421772
0.998705, 0.421542
0.998705, 0.421311
0.998705, 0.421081
0.998705, 0.420852
0.998705, 0.420622
0.998705, 0.420393
0.998705, 0.420163
0.998705, 0.419935
0.998705, 0.419706
0.998705, 0.419478
0.998705, 0.419250
0.998705, 0.419022
0.998705, 0.418794
0.998705, 0.418567
0.998705, 0.418340
0.998705, 0.418113
0.998705, 0.417886
0.998705, 0.417660
0.998705, 0.417434
0.998705, 0.417208
0.998705, 0.416982
0.998705, 0.416757
0.998705, 0.416532
0.998705, 0.416307
0.998705, 0.416082
0.998705, 0.415858
0.998705, 0.415633
0.998705, 0.415409
0.998705, 0.415186
0.998705, 0.414962
0.998705, 0.414739
0.998705, 0.414516
0.998705, 0.414293
0.998705, 0.414071
0.998705, 0.413849
0.998705, 0.413627
0.998705, 0.413405
0.998705, 0.413183
0.998705, 0.412962
0.998705, 0.412741
0.998705, 0.412520
0.998705, 0.412299
0.998705, 0.412079
0.998705, 0.411859
0.998705, 0.411639
0.998705, 0.411419
0.998705, 0.411200
0.998705, 0.410981
0.998705, 0.410762
0.998705, 0.410543
0.998705, 0.410325
0.998705, 0.410106
0.998705, 0.409888
0.998705, 0.409671
0.998705, 0.409453
0.998705, 0.409236
0.998705, 0.409019
0.998705, 0.408802
0.998705, 0.408585
0.998705, 0.408369
0.998705, 0.408152
0.998705, 0.407937
0.998705, 0.407721
0.998705, 0.407505
0.998705, 0.407290
0.998705, 0.407075
0.998705, 0.406860
0.998705, 0.406646
0.998705, 0.406431
0.998705, 0.406217
0.998705, 0.406003
0.998705, 0.405789
0.998705, 0.405576
0.998705, 0.405363
0.998705, 0.405150
0.998705, 0.404937
0.998705, 0.404724
0.998705, 0.404512
0.998705, 0.404300
0.998705, 0.404088
0.998705, 0.403876
0.998705, 0.403665
0.998705, 0.403454
0.998705, 0.403243
0.998705, 0.403032
0.998705, 0.402821
0.998705, 0.402611
0.998705, 0.402401
0.998705, 0.402191
0.998705, 0.401981
0.998705, 0.401772
0.998705, 0.401562
0.998705, 0.401353
0.998705, 0.401145
0.998705, 0.400936
0.998705, 0.400728
0.998705, 0.400519
0.998705, 0.400312
0.998705, 0.400104
0.998705, 0.399896
0.998705, 0.399689
0.998705, 0.399482
0.998705, 0.399275
0.998705, 0.399068
0.998705, 0.398862
0.998705, 0.398656
0.998705, 0.398450
0.998705, 0.398244
0.998705, 0.398038
0.998705, 0.397833
0.998705, 0.397628
0.998705, 0.397423
0.998705, 0.397218
0.998705, 0.397013
0.998705, 0.396809
0.998705, 0.396605
0.998705, 0.396401
0.998705, 0.396197
0.998705, 0.395994
0.998705, 0.395791
0.998705, 0.395587
0.998705, 0.395385
0.998705, 0.395182
0.998705, 0.394980
0.998705, 0.394777
0.998705, 0.394575
0.998705, 0.394373
0.998705, 0.394172
0.998705, 0.393970
0.998705, 0.393769
0.998705, 0.393568
0.998705, 0.393367
0.998705, 0.393167
0.998705, 0.392966
0.998705, 0.392766
0.998705, 0.392566
0.998705, 0.392366
0.998705, 0.392167
0.998705, 0.391967
0.998705, 0.391768
0.998705, 0.391569
0.998705, 0.391371
0.998705, 0.391172
0.998705, 0.390974
0.998705, 0.390775
0.998705, 0.390578
0.998705, 0.390380
0.998705, 0.390182
0.998705, 0.389985
0.998705, 0.389788
0.998705, 0.389591
0.998705, 0.389394
0.998705, 0.389197
0.998705, 0.389001
0.998705, 0.388805
0.998705, 0.388609
0.998705, 0.388413
0.998705, 0.388218
0.998705, 0.388022
0.998705, 0.387827
0.998705, 0.387632
0.998705, 0.387437
0.998705, 0.387243
0.998705, 0.387048
0.998705, 0.386854
0.998705, 0.386660
0.998705, 0.386466
0.998705, 0.386273
0.998705, 0.386079
0.998705, 0.385886
0.998705, 0.385693
0.998705, 0.385500
0.998705, 0.385307
0.998705, 0.385115
0.998705, 0.384923
0.998705, 0.384731
0.998705, 0.384539
0.998705, 0.384347
0.998705, 0.384155
0.998705, 0.383964
0.998705, 0.383773
0.998705, 0.383582
0.998705, 0.383391
0.998705, 0.383201
0.998705, 0.383010
0.998705, 0.382820
0.998705, 0.382630
0.998705, 0.382440
0.998705, 0.382251
0.998705, 0.382061
0.998705, 0.381872
0.998705, 0.381683
0.998705, 0.381494
0.998705, 0.381306
0.998705, 0.381117
0.998705, 0.380929
0.998705, 0.380741
0.998705, 0.380553
0.998705, 0.380365
0.998705, 0.380178
0.998705, 0.379990
0.998705, 0.379803
0.998705, 0.379616
0.998705, 0.379429
0.998705, 0.379242
0.998705, 0.379056
0.998705, 0.378870
0.998705, 0.378684
0.998705, 0.378498
0.998705, 0.378312
0.998705, 0.378127
0.998705, 0.377941
0.998705, 0.377756
0.998705, 0.377571
0.998705, 0.377386
0.998705, 0.377202
0.998705, 0.377017
0.998705, 0.376833
0.998705, 0.376649
0.998705, 0.376465
0.998705, 0.376281
0.998705, 0.376098
0.998705, 0.375914
0.998705, 0.375731
0.998705, 0.375548
0.998705, 0.375365
0.998705, 0.375182
0.998705, 0.375000
0.998705, 0.374818
0.998705, 0.374636
0.998705, 0.374454
0.998705, 0.374272
0.998705, 0.374090
0.998705, 0.373909
0.998705, 0.373728
0.998705, 0.373547
0.998705, 0.373366
0.998705, 0.373185
0.998705, 0.373004
0.998705, 0.372824
0.998705, 0.372644
0.998705, 0.372464
0.998705, 0.372284
0.998705, 0.372104
0.998705, 0.371925
0.998705, 0.371745
0.998705, 0.371566
0.998705, 0.371387
0.998705, 0.371208
0.998705, 0.371030
0.998705, 0.370851
0.998705, 0.370673
0.998705, 0.370495
0.998705, 0.370317
0.998705, 0.370139
0.998705, 0.369962
0.998705, 0.369784
0.998705, 0.369607
0.998705, 0.369430
0.998705, 0.369253
0.998705, 0.369076
0.998705, 0.368900
0.998705, 0.368723
0.998705, 0.368547
0.998705, 0.368371
0.998705, 0.368195
0.998705, 0.368019
0.998705, 0.367844
0.998705, 0.367668
0.998705, 0.367493
0.998705, 0.367318
0.998705, 0.367143
0.998705, 0.366968
0.998705, 0.366794
0.998705, 0.366619
0.998705, 0.366445
0.998705, 0.366271
0.998705, 0.366097
0.998705, 0.365923
0.998705, 0.365750
0.998705, 0.365576
0.998705, 0.365403
0.998705, 0.365230
0.998705, 0.365057
0.998705, 0.364884
0.998705, 0.364711
0.998705, 0.364539
0.998705, 0.364367
0.998705, 0.364195
0.998705, 0.364023
0.998705, 0.363851
0.998705, 0.363679
0.998705, 0.363508
0.998705, 0.363336
0.998705, 0.363165
0.998705, 0.362994
0.998705, 0.362824
0.998705, 0.362653
0.998705, 0.362482
0.998705, 0.362312
0.998705, 0.362142
0.998705, 0.361972
0.998705, 0.361802
0.998705, 0.361632
0.998705, 0.361463
0.998705, 0.361293
0.998705, 0.361124
0.998705, 0.360955
0.998705, 0.360786
0.998705, 0.360617
0.998705, 0.360449
0.998705, 0.360280
0.998705, 0.360112
0.998705, 0.359944
0.998705, 0.359776
0.998705, 0.359608
0.998705, 0.359441
0.998705, 0.359273
0.998705, 0.359106
0.998705, 0.358939
0.998705, 0.358772
0.998705, 0.358605
0.998705, 0.358438
0.998705, 0.358271
0.998705, 0.358105
0.998705, 0.357939
0.998705, 0.357773
0.998705, 0.357607
0.998705, 0.357441
0.998705, 0.357275
0.998705, 0.357110
0.998705, 0.356944
0.998705, 0.356779
0.998705, 0.356614
0.998705, 0.356449
0.998705, 0.356285
0.998705, 0.356120
0.998705, 0.355956
0.998705, 0.355791
0.998705, 0.355627
0.998705, 0.355463
0.998705, 0.355300
0.998705, 0.355136
0.998705, 0.354972
0.998705, 0.354809
0.998705, 0.354646
0.998705, 0.354483
0.998705, 0.354320
0.998705, 0.354157
0.998705, 0.353994
0.998705, 0.353832
0.998705, 0.353670
0.998705, 0.353508
0.998705, 0.353346
0.998705, 0.353184
0.998705, 0.353022
0.998705, 0.352860
0.998705, 0.352699
0.998705, 0.352538
0.998705, 0.352377
0.998705, 0.352216
0.998705, 0.352055
0.998705, 0.351894
0.998705, 0.351734
0.998705, 0.351573
0.998705, 0.351413
0.998705, 0.351253
0.998705, 0.351093
0.998705, 0.350933
0.998705, 0.350773
0.998705, 0.350614
0.998705, 0.350455
0.998705, 0.350295
0.998705, 0.350136
0.998705, 0.349977
0.998705, 0.349819
0.998705, 0.349660
0.998705, 0.349501
0.998705, 0.349343
0.998705, 0.349185
0.998705, 0.349027
0.998705, 0.348869
0.998705, 0.348711
0.998705, 0.348553
0.998705, 0.348396
0.998705, 0.348238
0.998705, 0.348081
0.998705, 0.347924
0.998705, 0.347767
0.998705, 0.347610
0.998705, 0.347454
0.998705, 0.347297
0.998705, 0.347141
0.998705, 0.346985
0.998705, 0.346829
0.998705, 0.346673
0.998705, 0.346517
0.998705, 0.346361
0.998705, 0.346206
0.998705, 0.346050
0.998705, 0.345895
0.998705, 0.345740
0.998705, 0.345585
0.998705, 0.345430
0.998705, 0.345275
0.998705, 0.345121
0.998705, 0.344966
0.998705, 0.344812
0.998705, 0.344658
0.998705, 0.344504
0.998705, 0.344350
0.998705, 0.344196
0.998705, 0.344043
0.998705, 0.343889
0.998705, 0.343736
0.998705, 0.343583
0.998705, 0.343430
0.998705, 0.343277
0.998705, 0.343124
0.998705, 0.342972
0.998705, 0.342819
0.998705, 0.342667
0.998705, 0.342514
0.998705, 0.342362
0.998705, 0.342210
0.998705, 0.342059
0.998705, 0.341907
0.998705, 0.341755
0.998705, 0.341604
0.998705, 0.341453
0.998705, 0.341301
0.998705, 0.341150
0.998705, 0.341000
0.998705, 0.340849
0.998705, 0.340698
0.998705, 0.340548
0.998705, 0.340397
0.998705, 0.340247
0.998705, 0.340097
0.998705, 0.339947
0.998705, 0.339797
0.998705, 0.339648
0.998705, 0.339498
0.998705, 0.339349
0.998705, 0.339199
0.998705, 0.339050
0.998705, 0.338901
0.998705, 0.338752
0.998705, 0.338603
0.998705, 0.338455
0.998705, 0.338306
0.998705, 0.338158
0.998705, 0.338010
0.998705, 0.337862
0.998705, 0.337714
0.998705, 0.337566
0.998705, 0.337418
0.998705, 0.337270
0.998705, 0.337123
0.998705, 0.336976
0.998705, 0.336828
0.998705, 0.336681
0.998705, 0.336534
0.998705, 0.336387
0.998705, 0.336241
0.998705, 0.336094
0.998705, 0.335948
0.998705, 0.335801
0.998705, 0.335655
0.998705, 0.335509
0.998705, 0.335363
0.998705, 0.335217
0.998705, 0.335072
0.998705, 0.334926
0.998705, 0.334781
0.998705, 0.334635
0.998705, 0.334490
0.998705, 0.334345
0.998705, 0.334200
0.998705, 0.334055
0.998705, 0.333911
0.998705, 0.333766
0.998705, 0.333622
0.998705, 0.333478
0.998705, 0.333333
0.998705, 0.333189
0.998705, 0.333045
0.998705, 0.332902
0.998705, 0.332758
0.998705, 0.332614
0.998705, 0.332471
0.998705, 0.332328
0.998705, 0.332184
0.998705, 0.332041
0.998705, 0.331898
0.998705, 0.331756
0.998705, 0.331613
0.998705, 0.331470
0.998705, 0.331328
0.998705, 0.331186
0.998705, 0.331043
0.998705, 0.330901
0.998705, 0.330759
0.998705, 0.330617
0.998705, 0.330476
0.998705, 0.330334
0.998705, 0.330193
0.998705, 0.330051
0.998705, 0.329910
0.998705, 0.329769
0.998705, 0.329628
0.998705, 0.329487
0.998705, 0.329346
0.998705, 0.329206
0.998705, 0.329065
0.998705, 0.328925
0.998705, 0.328785
0.998705, 0.328645
0.998705, 0.328504
0.998705, 0.328365
0.998705, 0.328225
0.998705, 0.328085
0.998705, 0.327946
0.998705, 0.327806
0.998705, 0.327667
0.998705, 0.327528
0.998705, 0.327389
0.998705, 0.327250
0.998705, 0.327111
0.998705, 0.326972
0.998705, 0.326833
0.998705, 0.326695
0.998705, 0.326557
0.998705, 0.326418
0.998705, 0.326280
0.998705, 0.326142
0.998705, 0.326004
0.998705, 0.325866
0.998705, 0.325729
0.998705, 0.325591
0.998705, 0.325454
0.998705, 0.325316
0.998705, 0.325179
0.998705, 0.325042
0.998705, 0.324905
0.998705, 0.324768
0.998705, 0.324632
0.998705, 0.324495
0.998705, 0.324358
0.998705, 0.324222
0.998705, 0.324086
0.998705, 0.323950
0.998705, 0.323814
0.998705, 0.323678
0.998705, 0.323542
0.998705, 0.323406
0.998705, 0.323270
0.998705, 0.323135
0.998705, 0.323000
0.998705, 0.322864
0.998705, 0.322729
0.998705, 0.322594
0.998705, 0.322459
0.998705, 0.322324
0.998705, 0.322190
0.998705, 0.322055
0.998705, 0.321921
0.998705, 0.321786
0.998705, 0.321652
0.998705, 0.321518
0.998705, 0.321384
0.998705, 0.321250
0.998705, 0.321116
0.998705, 0.320983
0.998705, 0.320849
0.998705, 0.320715
0.998705, 0.320582
0.998705, 0.320449
0.998705, 0.320316
0.998705, 0.320183
0.998705, 0.320050
0.998705, 0.319917
0.998705, 0.319784
0.998705, 0.319652
0.998705, 0.319519
0.998705, 0.319387
0.998705, 0.319255
0.998705, 0.319123
0.998705, 0.318990
0.998705, 0.318859
0.998705, 0.318727
0.998705, 0.318595
0.998705, 0.318463
0.998705, 0.318332
0.998705, 0.318201
0.998705, 0.318069
0.998705, 0.317938
0.998705, 0.317807
0.998705, 0.317676
0.998705, 0.317545
0.998705, 0.317415
0.998705, 0.317284
0.998705, 0.317153
0.998705, 0.317023
0.998705, 0.316893
0.998705, 0.316763
0.998705, 0.316632
0.998705, 0.316502
0.998705, 0.316373
0.998705, 0.316243
0.998705, 0.316113
0.998705, 0.315984
0.998705, 0.315854
0.998705, 0.315725
0.998705, 0.315596
0.998705, 0.315466
0.998705, 0.315337
0.998705, 0.315209
0.998705, 0.315080
0.998705, 0.314951
0.998705, 0.314822
0.998705, 0.314694
0.998705, 0.314565
0.998705, 0.314437
0.998705, 0.314309
0.998705, 0.314181
0.998705, 0.314053
0.998705, 0.313925
0.998705, 0.313797
0.998705, 0.313670
0.998705, 0.313542
0.998705, 0.313415
0.998705, 0.313287
0.998705, 0.313160
0.998705, 0.313033
0.998705, 0.312906
0.998705, 0.312779
0.998705, 0.312652
0.998705, 0.312525
0.998705, 0.312399
0.998705, 0.312272
0.998705, 0.312146
0.998705, 0.312019
0.998705, 0.311893
0.998705, 0.311767
0.998705, 0.311641
0.998705, 0.311515
0.998705, 0.311389
0.998705, 0.311264
0.998705, 0.311138
0.998705, 0.311013
0.998705, 0.310887
0.998705, 0.310762
0.998705, 0.310637
0.998705, 0.310511
0.998705, 0.310386
0.998705, 0.310262
0.998705, 0.310137
0.998705, 0.310012
0.998705, 0.309887
0.998705, 0.309763
0.998705, 0.309639
0.998705, 0.309514
0.998705, 0.309390
0.998705, 0.309266
0.998705, 0.309142
0.998705, 0.309018
0.998705, 0.308894
0.998705, 0.308771
0.998705, 0.308647
0.998705, 0.308523
0.998705, 0.308400
0.998705, 0.308277
0.998705, 0.308153
0.998705, 0.308030
0.998705, 0.307907
0.998705, 0.307784
0.998705, 0.307662
0.998705, 0.307539
0.998705, 0.307416
0.998705, 0.307294
0.998705, 0.307171
0.998705, 0.307049
0.998705, 0.306927
0.998705, 0.306805
0.998705, 0.306683
0.998705, 0.306561
0.998705, 0.306439
0.998705, 0.306317
0.998705, 0.306195
0.998705, 0.306074
0.998705, 0.305952
0.998705, 0.305831
0.998705, 0.305710
0.998705, 0.305589
0.998705, 0.305468
0.998705, 0.305347
0.998705, 0.305226
0.998705, 0.305105
0.998705, 0.304984
0.998705, 0.304864
0.998705, 0.304743
0.998705, 0.304623
0.998705, 0.304502
0.998705, 0.304382
0.998705, 0.304262
0.998705, 0.304142
0.998705, 0.304022
0.998705, 0.303902
0.998705, 0.303783
0.998705, 0.303663
0.998705, 0.303543
0.998705, 0.303424
0.998705, 0.303304
0.998705, 0.303185
0.998705, 0.303066
0.998705, 0.302947
0.998705, 0.302828
0.998705, 0.302709
0.998705, 0.302590
0.998705, 0.302472
0.998705, 0.302353
0.998705, 0.302234
0.998705, 0.302116
0.998705, 0.301998
0.998705, 0.301879
0.998705, 0.301761
0.998705, 0.301643
0.998705, 0.301525
0.998705, 0.301407
0.998705, 0.301290
0.998705, 0.301172
0.998705, 0.301054
0.998705, 0.300937
0.998705, 0.300819
0.998705, 0.300702
0.998705, 0.300585
0.998705, 0.300468
0.998705, 0.300351
0.998705, 0.300234
0.998705, 0.300117
0.998705, 0.300000
0.998705, 0.299883
0.998705, 0.299767
0.998705, 0.299650
0.998705, 0.299534
0.998705, 0.299417
0.998705, 0.299301
0.998705, 0.299185
0.998705, 0.299069
0.998705, 0.298953
0.998705, 0.298837
0.998705, 0.298721
0.998705, 0.298606
0.998705, 0.298490
0.998705, 0.298375
0.998705, 0.298259
0.998705, 0.298144
0.998705, 0.298029
0.998705, 0.297913
0.998705, 0.297798
0.998705, 0.297683
0.998705, 0.297569
0.998705, 0.297454
0.998705, 0.297339
0.998705, 0.297224
0.998705, 0.297110
0.998705, 0.296995
0.998705, 0.296881
0.998705, 0.296767
0.998705, 0.296653
0.998705, 0.296538
0.998705, 0.296424
0.998705, 0.296311
0.998705, 0.296197
0.998705, 0.296083
0.998705, 0.295969
0.998705, 0.295856
0.998705, 0.295742
0.998705, 0.295629
0.998705, 0.295516
0.998705, 0.295402
0.998705, 0.295289
0.998705, 0.295176
0.998705, 0.295063
0.998705, 0.294950
0.998705, 0.294837
0.998705, 0.294725
0.998705, 0.294612
0.998705, 0.294500
0.998705, 0.294387
0.998705, 0.294275
0.998705, 0.294163
0.998705, 0.294050
0.998705, 0.293938
0.998705, 0.293826
0.998705, 0.293714
0.998705, 0.293602
0.998705, 0.293491
0.998705, 0.293379
0.998705, 0.293267
0.998705, 0.293156
0.998705, 0.293044
0.998705, 0.292933
0.998705, 0.292822
0.998705, 0.292711
0.998705, 0.292600
0.998705, 0.292489
0.998705, 0.292378
0.998705, 0.292267
0.998705, 0.292156
0.998705, 0.292045
0.998705, 0.291935
0.998705, 0.291824
0.998705, 0.291714
0.998705, 0.291604
0.998705, 0.291493
0.998705, 0.291383
0.998705, 0.291273
0.998705, 0.291163
0.998705, 0.291053
0.998705, 0.290943
0.998705, 0.290834
0.998705, 0.290724
0.998705, 0.290614
0.998705, 0.290505
0.998705, 0.290395
0.998705, 0.290286
0.998705, 0.290177
0.998705, 0.290068
0.998705, 0.289959
0.998705, 0.289850
0.998705, 0.289741
0.998705, 0.289632
0.998705, 0.289523
0.998705, 0.289414
0.998705, 0.289306
0.998705, 0.289197
0.998705, 0.289089
0.998705, 0.288981
0.998705, 0.288872
0.998705, 0.288764
0.998705, 0.288656
0.998705, 0.288548
0.998705, 0.288440
0.998705, 0.288332
0.998705, 0.288224
0.998705, 0.288117
0.998705, 0.288009
0.998705, 0.287901
0.998705, 0.287794
0.998705, 0.287687
0.998705, 0.287579
0.998705, 0.287472
0.998705, 0.287365
0.998705, 0.287258
0.998705, 0.287151
0.998705, 0.287044
0.998705, 0.286937
0.998705, 0.286830
0.998705, 0.286724
0.998705, 0.286617
0.998705, 0.286511
0.998705, 0.286404
0.998705, 0.286298
0.998705, 0.286192
0.998705, 0.286085
0.998705, 0.285979
0.998705, 0.285873
0.998705, 0.285767
0.998705, 0.285661
0.998705, 0.285556
0.998705, 0.285450
0.998705, 0.285344
0.998705, 0.285239
0.998705, 0.285133
0.998705, 0.285028
0.998705, 0.284922
0.998705, 0.284817
0.998705, 0.284712
0.998705, 0.284607
0.998705, 0.284502
0.998705, 0.284397
0.998705, 0.284292
0.998705, 0.284187
0.998705, 0.284083
0.998705, 0.283978
0.998705, 0.283873
0.998705, 0.283769
0.998705, 0.283664
0.998705, 0.283560
0.998705, 0.283456
0.998705, 0.283352
0.998705, 0.283248
0.998705, 0.283144
0.998705, 0.283040
0.998705, 0.282936
0.998705, 0.282832
0.998705, 0.282728
0.998705, 0.282625
0.998705, 0.282521
0.998705, 0.282418
0.998705, 0.282314
0.998705, 0.282211
0.998705, 0.282108
0.998705, 0.282004
0.998705, 0.281901
0.998705, 0.281798
0.998705, 0.281695
0.998705, 0.281592
0.998705, 0.281490
0.998705, 0.281387
0.998705, 0.281284
0.998705, 0.281182
0.998705, 0.281079
0.998705, 0.280977
0.998705, 0.280874
0.998705, 0.280772
0.998705, 0.280670
0.998705, 0.280568
0.998705, 0.280466
0.998705, 0.280364
0.998705, 0.280262
0.998705, 0.280160
0.998705, 0.280058
0.998705, 0.279956
0.998705, 0.279855
0.998705, 0.279753
0.998705, 0.279652
0.998705, 0.279550
0.998705, 0.279449
0.998705, 0.279348
0.998705, 0.279247
0.998705, 0.279146
0.998705, 0.279045
0.998705, 0.278944
0.998705, 0.278843
0.998705, 0.278742
0.998705, 0.278641
0.998705, 0.278540
0.998705, 0.278440
0.998705, 0.278339
0.998705, 0.278239
0.998705, 0.278139
0.998705, 0.278038
0.998705, 0.277938
0.998705, 0.277838
0.998705, 0.277738
0.998705, 0.277638
0.998705, 0.277538
0.998705, 0.277438
0.998705, 0.277338
0.998705, 0.277238
0.998705, 0.277139
0.998705, 0.277039
0.998705, 0.276940
0.998705, 0.276840
0.998705, 0.276741
0.998705, 0.276642
0.998705, 0.276542
0.998705, 0.276443
0.998705, 0.276344
0.998705, 0.276245
0.998705, 0.276146
0.998705, 0.276047
0.998705, 0.275948
0.998705, 0.275850
0.998705, 0.275751
0.998705, 0.275652
0.998705, 0.275554
0.998705, 0.275456
0.998705, 0.275357
0.998705, 0.275259
0.998705, 0.275161
0.998705, 0.275062
0.998705, 0.274964
0.998705, 0.274866
0.998705, 0.274768
0.998705, 0.274670
0.998705, 0.274573
0.998705, 0.274475
0.998705, 0.274377
0.998705, 0.274280
0.998705, 0.274182
0.998705, 0.274085
0.998705, 0.273987
0.998705, 0.273890
0.998705, 0.273793
0.998705, 0.273695
0.998705, 0.273598
0.998705, 0.273501
0.998705, 0.273404
0.998705, 0.273307
0.998705, 0.273210
0.998705, 0.273114
0.998705, 0.273017
0.998705, 0.272920
0.998705, 0.272824
0.998705, 0.272727
0.998705, 0.272631
0.998705, 0.272534
0.998705, 0.272438
0.998705, 0.272342
0.998705, 0.272246
0.998705, 0.272150
0.998705, 0.272054
0.998705, 0.271958
0.998705, 0.271862
0.998705, 0.271766
0.998705, 0.271670
0.998705, 0.271574
0.998705, 0.271479
0.998705, 0.271383
0.998705, 0.271288
0.998705, 0.271192
0.998705, 0.271097
0.998705, 0.271002
0.998705, 0.270907
0.998705, 0.270811
0.998705, 0.270716
0.998705, 0.270621
0.998705, 0.270526
0.998705, 0.270431
0.998705, 0.270337
0.998705, 0.270242
0.998705, 0.270147
0.998705, 0.270053
0.998705, 0.269958
0.998705, 0.269863
0.998705, 0.269769
0.998705, 0.269675
0.998705, 0.269580
0.998705, 0.269486
0.998705, 0.269392
0.998705, 0.269298
0.998705, 0.269204
0.998705, 0.269110
0.998705, 0.269016
0.998705, 0.268922
0.998705, 0.268828
0.998705, 0.268735
0.998705, 0.268641
0.998705, 0.268548
0.998705, 0.268454
0.998705, 0.268361
0.998705, 0.268267
0.998705, 0.268174
0.998705, 0.268081
0.998705, 0.267987
0.998705, 0.267894
0.998705, 0.267801
0.998705, 0.267708
0.998705, 0.267615
0.998705, 0.267523
0.998705, 0.267430
0.998705, 0.267337
0.998705, 0.267244
0.998705, 0.267152
0.998705, 0.267059
0.998705, 0.266967
0.998705, 0.266874
0.998705, 0.266782
0.998705, 0.266690
0.998705, 0.266598
0.998705, 0.266505
0.998705, 0.266413
0.998705, 0.266321
0.998705, 0.266229
0.998705, 0.266137
0.998705, 0.266046
0.998705, 0.265954
0.998705, 0.265862
0.998705, 0.265770
0.998705, 0.265679
0.998705, 0.265587
0.998705, 0.265496
0.998705, 0.265404
0.998705, 0.265313
0.998705, 0.265222
0.998705, 0.265131
0.998705, 0.265040
0.998705, 0.264948
0.998705, 0.264857
0.998705, 0.264766
0.998705, 0.264676
0.998705, 0.264585
0.998705, 0.264494
0.998705, 0.264403
0.998705, 0.264313
0.998705, 0.264222
0.998705, 0.264132
0.998705, 0.264041
0.998705, 0.263951
0.998705, 0.263860
0.998705, 0.263770
0.998705, 0.263680
0.998705, 0.263590
0.998705, 0.263500
0.998705, 0.263410
0.998705, 0.263320
0.998705, 0.263230
0.998705, 0.263140
0.998705, 0.263050
0.998705, 0.262960
0.998705, 0.262871
0.998705, 0.262781
0.998705, 0.262692
0.998705, 0.262602
0.998705, 0.262513
0.998705, 0.262423
0.998705, 0.262334
0.998705, 0.262245
0.998705, 0.262156
0.998705, 0.262067
0.998705, 0.261978
0.998705, 0.261889
0.998705, 0.261800
0.998705, 0.261711
0.998705, 0.261622
0.998705, 0.261533
0.998705, 0.261445
0.998705, 0.261356
0.998705, 0.261267
0.998705, 0.261179
0.998705, 0.261090
0.998705, 0.261002
0.998705, 0.260914
0.998705, 0.260825
0.998705, 0.260737
0.998705, 0.260649
0.998705, 0.260561
0.998705, 0.260473
0.998705, 0.260385
0.998705, 0.260297
0.998705, 0.260209
0.998705, 0.260121
0.998705, 0.260034
0.998705, 0.259946
0.998705, 0.259858
0.998705, 0.259771
0.998705, 0.259683
0.998705, 0.259596
0.998705, 0.259509
0.998705, 0.259421
0.998705, 0.259334
0.998705, 0.259247
0.998705, 0.259160
0.998705, 0.259073
0.998705, 0.258986
0.998705, 0.258899
0.998705, 0.258812
0.998705, 0.258725
0.998705, 0.258638
0.998705, 0.258551
0.998705, 0.258465
0.998705, 0.258378
0.998705, 0.258291
0.998705, 0.258205
0.998705, 0.258119
0.998705, 0.258032
0.998705, 0.257946
0.998705, 0.257860
0.998705, 0.257773
0.998705, 0.257687
0.998705, 0.257601
0.998705, 0.257515
0.998705, 0.257429
0.998705, 0.257343
0.998705, 0.257257
0.998705, 0.257171
0.998705, 0.257086
0.998705, 0.257000
0.998705, 0.256914
0.998705, 0.256829
0.998705, 0.256743
0.998705, 0.256658
0.998705, 0.256572
0.998705, 0.256487
0.998705, 0.256402
0.998705, 0.256316
0.998705, 0.256231
0.998705, 0.256146
0.998705, 0.256061
0.998705, 0.255976
0.998705, 0.255891
0.998705, 0.255806
0.998705, 0.255721
0.998705, 0.255637
0.998705, 0.255552
0.998705, 0.255467
0.998705, 0.255383
0.998705, 0.255298
0.998705, 0.255214
0.998705, 0.255129
0.998705, 0.255045
0.998705, 0.254960
0.998705, 0.254876
0.998705, 0.254792
0.998705, 0.254708
0.998705, 0.254624
0.998705, 0.254539
0.998705, 0.254455
0.998705, 0.254371
0.998705, 0.254288
0.998705, 0.254204
0.998705, 0.254120
0.998705, 0.254036
0.998705, 0.253953
0.998705, 0.253869
0.998705, 0.253785
0.998705, 0.253702
0.998705, 0.253618
0.998705, 0.253535
0.998705, 0.253452
0.998705, 0.253368
0.998705, 0.253285
0.998705, 0.253202
0.998705, 0.253119
0.998705, 0.253036
0.998705, 0.252953
0.998705, 0.252870
0.998705, 0.252787
0.998705, 0.252704
0.998705, 0.252621
0.998705, 0.252538
0.998705, 0.252456
0.998705, 0.252373
0.998705, 0.252291
0.998705, 0.252208
0.998705, 0.252126
0.998705, 0.252043
0.998705, 0.251961
0.998705, 0.251878
0.998705, 0.251796
0.998705, 0.251714
0.998705, 0.251632
0.998705, 0.251550
0.998705, 0.251468
0.998705, 0.251386
0.998705, 0.251304
0.998705, 0.251222
0.998705, 0.251140
0.998705, 0.251058
0.998705, 0.250977
0.998705, 0.250895
0.998705, 0.250813
0.998705, 0.250732
0.998705, 0.250650
0.998705, 0.250569
0.998705, 0.250487
0.998705, 0.250406
0.998705, 0.250325
0.998705, 0.250243
0.998705, 0.250162
0.998705, 0.250081
0.998705, 0.250000
0.998705, 0.249919
0.998705, 0.249838
0.998705, 0.249757
0.998705, 0.249676
0.998705, 0.249595
0.998705, 0.249515
0.998705, 0.249434
0.998705, 0.249353
0.998705, 0.249273
0.998705, 0.249192
0.998705, 0.249111
0.998705, 0.249031
0.998705, 0.248951
0.998705, 0.248870
0.998705, 0.248790
0.998705, 0.248710
0.998705, 0.248629
0.998705, 0.248549
0.998705, 0.248469
0.998705, 0.248389
0.998705, 0.248309
0.998705, 0.248229
0.998705, 0.248149
0.998705, 0.248069
0.998705, 0.247990
0.998705, 0.247910
0.998705, 0.247830
0.998705, 0.247751
0.998705, 0.247671
0.998705, 0.247592
0.998705, 0.247512
0.998705, 0.247433
0.998705, 0.247353
0.998705, 0.247274
0.998705, 0.247195
0.998705, 0.247115
0.998705, 0.247036
0.998705, 0.246957
0.998705, 0.246878
0.998705, 0.246799
0.998705, 0.246720
0.998705, 0.246641
0.998705, 0.246562
0.998705, 0.246483
0.998705, 0.246405
0.998705, 0.246326
0.998705, 0.246247
0.998705, 0.246169
0.998705, 0.246090
0.998705, 0.246011
0.998705, 0.245933
0.998705, 0.245855
0.998705, 0.245776
0.998705, 0.245698
0.998705, 0.245620
0.998705, 0.245541
0.998705, 0.245463
0.998705, 0.245385
0.998705, 0.245307
0.998705, 0.245229
0.998705, 0.245151
0.998705, 0.245073
0.998705, 0.244995
0.998705, 0.244917
0.998705, 0.244840
0.998705, 0.244762
0.998705, 0.244684
0.998705, 0.244607
0.998705, 0.244529
0.998705, 0.244451
0.998705, 0.244374
0.998705, 0.244297
0.998705, 0.244219
0.998705, 0.244142
0.998705, 0.244065
0.998705, 0.243987
0.998705, 0.243910
0.998705, 0.243833
0.998705, 0.243756
0.998705, 0.243679
0.998705, 0.243602
0.998705, 0.243525
0.998705, 0.243448
0.998705, 0.243371
0.998705, 0.243294
0.998705, 0.243218
0.998705, 0.243141
0.998705, 0.243064
0.998705, 0.242988
0.998705, 0.242911
0.998705, 0.242835
0.998705, 0.242758
0.998705, 0.242682
0.998705, 0.242605
0.998705, 0.242529
0.998705, 0.242453
0.998705, 0.242377
0.998705, 0.242300
0.998705, 0.242224
0.998705, 0.242148
0.998705, 0.242072
0.998705, 0.241996
0.998705, 0.241920
0.998705, 0.241844
0.998705, 0.241769
0.998705, 0.241693
0.998705, 0.241617
0.998705, 0.241541
0.998705, 0.241466
0.998705, 0.241390
0.998705, 0.241315
0.998705, 0.241239
0.998705, 0.241164
0.998705, 0.241088
0.998705, 0.241013
0.998705, 0.240937
0.998705, 0.240862
0.998705, 0.240787
0.998705, 0.240712
0.998705, 0.240637
0.998705, 0.240562
0.998705, 0.240487
0.998705, 0.240412
0.998705, 0.240337
0.998705, 0.240262
0.998705, 0.240187
0.998705, 0.240112
0.998705, 0.240037
0.998705, 0.239963
0.998705, 0.239888
0.998705, 0.239813
0.998705, 0.239739
0.998705, 0.239664
0.998705, 0.239590
0.998705, 0.239515
0.998705, 0.239441
0.998705, 0.239367
0.998705, 0.239292
0.998705, 0.239218
0.998705, 0.239144
0.998705, 0.239070
0.998705, 0.238996
0.998705, 0.238922
0.998705, 0.238848
0.998705, 0.238774
0.998705, 0.238700
0.998705, 0.238626
0.998705, 0.238552
0.998705, 0.238478
0.998705, 0.238404
0.998705, 0.238331
0.998705, 0.238257
0.998705, 0.238184
0.998705, 0.238110
0.998705, 0.238036
0.998705, 0.237963
0.998705, 0.237890
0.998705, 0.237816
0.998705, 0.237743
0.998705, 0.237670
0.998705, 0.237596
0.998705, 0.237523
0.998705, 0.237450
0.998705, 0.237377
0.998705, 0.237304
0.998705, 0.237231
0.998705, 0.237158
0.998705, 0.237085
0.998705, 0.237012
0.998705, 0.236939
0.998705, 0.236866
0.998705, 0.236794
0.998705, 0.236721
0.998705, 0.236648
0.998705, 0.236576
0.998705, 0.236503
0.998705, 0.236431
0.998705, 0.236358
0.998705, 0.236286
0.998705, 0.236213
0.998705, 0.236141
0.998705, 0.236069
0.998705, 0.235996
0.998705, 0.235924
0.998705, 0.235852
0.998705, 0.235780
0.998705, 0.235708
0.998705, 0.235636
0.998705, 0.235564
0.998705, 0.235492
0.998705, 0.235420
0.998705, 0.235348
0.998705, 0.235276
0.998705, 0.235204
0.998705, 0.235133
0.998705, 0.235061
0.998705, 0.234989
0.998705, 0.234918
0.998705, 0.234846
0.998705, 0.234775
0.998705, 0.234703
0.998705, 0.234632
0.998705, 0.234560
0.998705, 0.234489
0.998705, 0.234418
0.998705, 0.234347
0.998705, 0.234275
0.998705, 0.234204
0.998705, 0.234133
0.998705, 0.234062
0.998705, 0.233991
0.998705, 0.233920
0.998705, 0.233849
0.998705, 0.233778
0.998705, 0.233707
0.998705, 0.233636
0.998705, 0.233566
0.998705, 0.233495
0.998705, 0.233424
0.998705, 0.233354
0.998705, 0.233283
0.998705, 0.233212
0.998705, 0.233142
0.998705, 0.233071
0.998705, 0.233001
0.998705, 0.232931
0.998705, 0.232860
0.998705, 0.232790
0.998705, 0.232720
0.998705, 0.232649
0.998705, 0.232579
0.998705, 0.232509
0.998705, 0.232439
0.998705, 0.232369
0.998705, 0.232299
0.998705, 0.232229
0.998705, 0.232159
0.998705, 0.232089
0.998705, 0.232019
0.998705, 0.231949
0.998705, 0.231880
0.998705, 0.231810
0.998705, 0.231740
0.998705, 0.231671
0.998705, 0.231601
0.998705, 0.231532
0.998705, 0.231462
0.998705, 0.231393
0.998705, 0.231323
0.998705, 0.231254
0.998705, 0.231184
0.998705, 0.231115
0.998705, 0.231046
0.998705, 0.230977
0.998705, 0.230907
0.998705, 0.230838
0.998705, 0.230769
0.998705, 0.230700
0.998705, 0.230631
0.998705, 0.230562
0.998705, 0.230493
0.998705, 0.230424
0.998705, 0.230356
0.998705, 0.230287
0.998705, 0.230218
0.998705, 0.230149
0.998705, 0.230081
0.998705, 0.230012
0.998705, 0.229943
0.998705, 0.229875
0.998705, 0.229806
0.998705, 0.229738
0.998705, 0.229669
0.998705, 0.229601
0.998705, 0.229533
0.998705, 0.229464
0.998705, 0.229396
0.998705, 0.229328
0.998705, 0.229260
0.998705, 0.229191
0.998705, 0.229123
0.998705, 0.229055
0.998705, 0.228987
0.998705, 0.228919
0.998705, 0.228851
0.998705, 0.228783
0.998705, 0.228716
0.998705, 0.228648
0.998705, 0.228580
0.998705, 0.228512
0.998705, 0.228444
0.998705, 0.228377
0.998705, 0.228309
0.998705, 0.228242
0.998705, 0.228174
0.998705, 0.228107
0.998705, 0.228039
0.998705, 0.227972
0.998705, 0.227904
0.998705, 0.227837
0.998705, 0.227770
0.998705, 0.227702
0.998705, 0.227635
0.998705, 0.227568
0.998705, 0.227501
0.998705, 0.227434
0.998705, 0.227367
0.998705, 0.227300
0.998705, 0.227233
0.998705, 0.227166
0.998705, 0.227099
0.998705, 0.227032
0.998705, 0.226965
0.998705, 0.226898
0.998705, 0.226831
0.998705, 0.226765
0.998705, 0.226698
0.998705, 0.226631
0.998705, 0.226565
0.998705, 0.226498
0.998705, 0.226432
0.998705, 0.226365
0.998705, 0.226299
0.998705, 0.226232
0.998705, 0.226166
0.998705, 0.226100
0.998705, 0.226033
0.998705, 0.225967
0.998705, 0.225901
0.998705, 0.225835
0.998705, 0.225769
0.998705, 0.225703
0.998705, 0.225637
0.998705, 0.225571
0.998705, 0.225505
0.998705, 0.225439
0.998705, 0.225373
0.998705, 0.225307
0.998705, 0.225241
0.998705, 0.225175
0.998705, 0.225109
0.998705, 0.225044
0.998705, 0.224978
0.998705, 0.224912
0.998705, 0.224847
0.998705, 0.224781
0.998705, 0.224716
0.998705, 0.224650
0.998705, 0.224585
0.998705, 0.224520
0.998705, 0.224454
0.998705, 0.224389
0.998705, 0.224324
0.998705, 0.224258
0.998705, 0.224193
0.998705, 0.224128
0.998705, 0.224063
0.998705, 0.223998
0.998705, 0.223933
0.998705, 0.223868
0.998705, 0.223803
0.998705, 0.223738
0.998705, 0.223673
0.998705, 0.223608
0.998705, 0.223543
0.998705, 0.223478
0.998705, 0.223414
0.998705, 0.223349
0.998705, 0.223284
0.998705, 0.223219
0.998705, 0.223155
0.998705, 0.223090
0.998705, 0.223026
0.998705, 0.222961
0.998705, 0.222897
0.998705, 0.222832
0.998705, 0.222768
0.998705, 0.222704
0.998705, 0.222639
0.998705, 0.222575
0.998705, 0.222511
0.998705, 0.222447
0.998705, 0.222382
0.998705, 0.222318
0.998705, 0.222254
0.998705, 0.222190
0.998705, 0.222126
0.998705, 0.222062
0.998705, 0.221998
0.998705, 0.221934
0.998705, 0.221871
0.998705, 0.221807
0.998705, 0.221743
0.998705, 0.221679
0.998705, 0.221615
0.998705, 0.221552
0.998705, 0.221488
0.998705, 0.221424
0.998705, 0.221361
0.998705, 0.221297
0.998705, 0.221234
0.998705, 0.221170
0.998705, 0.221107
0.998705, 0.221044
0.998705, 0.220980
0.998705, 0.220917
0.998705, 0.220854
0.998705, 0.220790
0.998705, 0.220727
0.998705, 0.220664
0.998705, 0.220601
0.998705, 0.220538
0.998705, 0.220475
0.998705, 0.220412
0.998705, 0.220349
0.998705, 0.220286
0.998705, 0.220223
0.998705, 0.220160
0.998705, 0.220097
0.998705, 0.220034
0.998705, 0.219971
0.998705, 0.219909
0.998705, 0.219846
0.998705, 0.219783
0.998705, 0.219721
0.998705, 0.219658
0.998705, 0.219596
0.998705, 0.219533
0.998705, 0.219471
0.998705, 0.219408
0.998705, 0.219346
0.998705, 0.219283
0.998705, 0.219221
0.998705, 0.219159
0.998705, 0.219096
0.998705, 0.219034
0.998705, 0.218972
0.998705, 0.218910
0.998705, 0.218848
0.998705, 0.218785
0.998705, 0.218723
0.998705, 0.218661
0.998705, 0.218599
0.998705, 0.218537
0.998705, 0.218475
0.998705, 0.218414
0.998705, 0.218352
0.998705, 0.218290
0.998705, 0.218228
0.998705, 0.218166
0.998705, 0.218105
0.998705, 0.218043
0.998705, 0.217981
0.998705, 0.217920
0.998705, 0.217858
0.998705, 0.217797
0.998705, 0.217735
0.998705, 0.217674
0.998705, 0.217612
0.998705, 0.217551
0.998705, 0.217489
0.998705, 0.217428
0.998705, 0.217367
0.998705, 0.217306
0.998705, 0.217244
0.998705, 0.217183
0.998705, 0.217122
0.998705, 0.217061
0.998705, 0.217000
0.998705, 0.216939
0.998705, 0.216878
0.998705, 0.216817
0.998705, 0.216756
0.998705, 0.216695
0.998705, 0.216634
0.998705, 0.216573
0.998705, 0.216512
0.998705, 0.216451
0.998705, 0.216391
0.998705, 0.216330
0.998705, 0.216269
0.998705, 0.216209
0.998705, 0.216148
0.998705, 0.216087
0.998705, 0.216027
0.998705, 0.215966
0.998705, 0.215906
0.998705, 0.215845
0.998705, 0.215785
0.998705, 0.215725
0.998705, 0.215664
0.998705, 0.215604
0.998705, 0.215544
0.998705, 0.215484
0.998705, 0.215423
0.998705, 0.215363
0.998705, 0.215303
0.998705, 0.215243
0.998705, 0.215183
0.998705, 0.215123
0.998705, 0.215063
0.998705, 0.215003
0.998705, 0.214943
0.998705, 0.214883
0.998705, 0.214823
0.998705, 0.214763
0.998705, 0.214703
0.998705, 0.214644
0.998705, 0.214584
0.998705, 0.214524
0.998705, 0.214465
0.998705, 0.214405
0.998705, 0.214345
0.998705, 0.214286
0.998705, 0.214226
0.998705, 0.214167
0.998705, 0.214107
0.998705, 0.214048
0.998705, 0.213988
0.998705, 0.213929
0.998705, 0.213870
0.998705, 0.213810
0.998705, 0.213751
0.998705, 0.213692
0.998705, 0.213633
0.998705, 0.213573
0.998705, 0.213514
0.998705, 0.213455
0.998705, 0.213396
0.998705, 0.213337
0.998705, 0.213278
0.998705, 0.213219
0.998705, 0.213160
0.998705, 0.213101
0.998705, 0.213042
0.998705, 0.212983
0.998705, 0.212925
0.998705, 0.212866
0.998705, 0.212807
0.998705, 0.212748
0.998705, 0.212690
0.998705, 0.212631
0.998705, 0.212572
0.998705, 0.212514
0.998705, 0.212455
0.998705, 0.212397
0.998705, 0.212338
0.998705, 0.212280
1.000000, 0.212497
