PR-AUC score 0.381976
0.000000, 1.000000
0.016949, 1.000000
0.033898, 1.000000
0.050847, 1.000000
0.067797, 1.000000
0.067797, 0.800000
0.084746, 0.833333
0.101695, 0.857143
0.118644, 0.875000
0.135593, 0.888889
0.152542, 0.900000
0.152542, 0.818182
0.169492, 0.833333
0.169492, 0.769231
0.169492, 0.714286
0.186441, 0.733333
0.203390, 0.750000
0.220339, 0.764706
0.220339, 0.722222
0.220339, 0.684211
0.237288, 0.700000
0.254237, 0.714286
0.271186, 0.727273
0.271186, 0.695652
0.288136, 0.708333
0.288136, 0.680000
0.305085, 0.692308
0.322034, 0.703704
0.322034, 0.678571
0.322034, 0.655172
0.322034, 0.633333
0.322034, 0.612903
0.322034, 0.593750
0.322034, 0.575758
0.338983, 0.588235
0.338983, 0.571429
0.338983, 0.555556
0.338983, 0.540541
0.338983, 0.526316
0.338983, 0.512821
0.338983, 0.500000
0.338983, 0.487805
0.338983, 0.476190
0.338983, 0.465116
0.338983, 0.454545
0.338983, 0.444444
0.338983, 0.434783
0.338983, 0.425532
0.338983, 0.416667
0.338983, 0.408163
0.338983, 0.400000
0.338983, 0.392157
0.338983, 0.384615
0.338983, 0.377358
0.338983, 0.370370
0.338983, 0.363636
0.338983, 0.357143
0.355932, 0.368421
0.372881, 0.379310
0.389831, 0.389831
0.389831, 0.383333
0.389831, 0.377049
0.389831, 0.370968
0.389831, 0.365079
0.389831, 0.359375
0.406780, 0.369231
0.406780, 0.363636
0.406780, 0.358209
0.406780, 0.352941
0.406780, 0.347826
0.406780, 0.342857
0.406780, 0.338028
0.406780, 0.333333
0.406780, 0.328767
0.406780, 0.324324
0.406780, 0.320000
0.406780, 0.315789
0.406780, 0.311688
0.423729, 0.320513
0.423729, 0.316456
0.440678, 0.325000
0.440678, 0.320988
0.440678, 0.317073
0.440678, 0.313253
0.440678, 0.309524
0.440678, 0.305882
0.440678, 0.302326
0.440678, 0.298851
0.440678, 0.295455
0.440678, 0.292135
0.440678, 0.288889
0.440678, 0.285714
0.440678, 0.282609
0.440678, 0.279570
0.440678, 0.276596
0.457627, 0.284211
0.457627, 0.281250
0.457627, 0.278351
0.457627, 0.275510
0.474576, 0.282828
0.491525, 0.290000
0.491525, 0.287129
0.491525, 0.284314
0.491525, 0.281553
0.491525, 0.278846
0.491525, 0.276190
0.491525, 0.273585
0.491525, 0.271028
0.491525, 0.268519
0.491525, 0.266055
0.491525, 0.263636
0.508475, 0.270270
0.508475, 0.267857
0.508475, 0.265487
0.508475, 0.263158
0.508475, 0.260870
0.508475, 0.258621
0.508475, 0.256410
0.508475, 0.254237
0.508475, 0.252101
0.508475, 0.250000
0.508475, 0.247934
0.508475, 0.245902
0.525424, 0.252033
0.525424, 0.250000
0.525424, 0.248000
0.542373, 0.253968
0.542373, 0.251969
0.559322, 0.257812
0.559322, 0.255814
0.559322, 0.253846
0.559322, 0.251908
0.559322, 0.250000
0.559322, 0.248120
0.559322, 0.246269
0.559322, 0.244444
0.559322, 0.242647
0.559322, 0.240876
0.559322, 0.239130
0.559322, 0.237410
0.559322, 0.235714
0.559322, 0.234043
0.576271, 0.239437
0.576271, 0.237762
0.576271, 0.236111
0.576271, 0.234483
0.576271, 0.232877
0.576271, 0.231293
0.576271, 0.229730
0.576271, 0.228188
0.576271, 0.226667
0.576271, 0.225166
0.576271, 0.223684
0.576271, 0.222222
0.576271, 0.220779
0.576271, 0.219355
0.593220, 0.224359
0.593220, 0.222930
0.593220, 0.221519
0.593220, 0.220126
0.610169, 0.225000
0.610169, 0.223602
0.610169, 0.222222
0.610169, 0.220859
0.610169, 0.219512
0.610169, 0.218182
0.610169, 0.216867
0.610169, 0.215569
0.610169, 0.214286
0.610169, 0.213018
0.610169, 0.211765
0.627119, 0.216374
0.627119, 0.215116
0.627119, 0.213873
0.644068, 0.218391
0.644068, 0.217143
0.644068, 0.215909
0.644068, 0.214689
0.644068, 0.213483
0.644068, 0.212291
0.644068, 0.211111
0.644068, 0.209945
0.644068, 0.208791
0.644068, 0.207650
0.644068, 0.206522
0.644068, 0.205405
0.644068, 0.204301
0.644068, 0.203209
0.644068, 0.202128
0.644068, 0.201058
0.644068, 0.200000
0.644068, 0.198953
0.644068, 0.197917
0.644068, 0.196891
0.644068, 0.195876
0.644068, 0.194872
0.644068, 0.193878
0.644068, 0.192893
0.644068, 0.191919
0.644068, 0.190955
0.644068, 0.190000
0.644068, 0.189055
0.644068, 0.188119
0.644068, 0.187192
0.644068, 0.186275
0.644068, 0.185366
0.644068, 0.184466
0.644068, 0.183575
0.644068, 0.182692
0.644068, 0.181818
0.644068, 0.180952
0.644068, 0.180095
0.644068, 0.179245
0.644068, 0.178404
0.644068, 0.177570
0.644068, 0.176744
0.644068, 0.175926
0.644068, 0.175115
0.644068, 0.174312
0.644068, 0.173516
0.644068, 0.172727
0.644068, 0.171946
0.644068, 0.171171
0.644068, 0.170404
0.644068, 0.169643
0.644068, 0.168889
0.644068, 0.168142
0.644068, 0.167401
0.644068, 0.166667
0.644068, 0.165939
0.644068, 0.165217
0.644068, 0.164502
0.644068, 0.163793
0.644068, 0.163090
0.644068, 0.162393
0.644068, 0.161702
0.644068, 0.161017
0.644068, 0.160338
0.644068, 0.159664
0.644068, 0.158996
0.644068, 0.158333
0.644068, 0.157676
0.644068, 0.157025
0.644068, 0.156379
0.644068, 0.155738
0.644068, 0.155102
0.644068, 0.154472
0.644068, 0.153846
0.644068, 0.153226
0.644068, 0.152610
0.644068, 0.152000
0.644068, 0.151394
0.644068, 0.150794
0.644068, 0.150198
0.644068, 0.149606
0.644068, 0.149020
0.644068, 0.148438
0.644068, 0.147860
0.644068, 0.147287
0.644068, 0.146718
0.644068, 0.146154
0.644068, 0.145594
0.644068, 0.145038
0.644068, 0.144487
0.644068, 0.143939
0.644068, 0.143396
0.661017, 0.146617
0.661017, 0.146067
0.661017, 0.145522
0.661017, 0.144981
0.661017, 0.144444
0.661017, 0.143911
0.661017, 0.143382
0.661017, 0.142857
0.661017, 0.142336
0.661017, 0.141818
0.661017, 0.141304
0.661017, 0.140794
0.661017, 0.140288
0.661017, 0.139785
0.661017, 0.139286
0.661017, 0.138790
0.661017, 0.138298
0.661017, 0.137809
0.661017, 0.137324
0.661017, 0.136842
0.661017, 0.136364
0.661017, 0.135889
0.661017, 0.135417
0.661017, 0.134948
0.661017, 0.134483
0.661017, 0.134021
0.661017, 0.133562
0.661017, 0.133106
0.661017, 0.132653
0.677966, 0.135593
0.677966, 0.135135
0.677966, 0.134680
0.677966, 0.134228
0.677966, 0.133779
0.677966, 0.133333
0.677966, 0.132890
0.677966, 0.132450
0.677966, 0.132013
0.677966, 0.131579
0.677966, 0.131148
0.694915, 0.133987
0.694915, 0.133550
0.694915, 0.133117
0.694915, 0.132686
0.694915, 0.132258
0.694915, 0.131833
0.694915, 0.131410
0.694915, 0.130990
0.694915, 0.130573
0.694915, 0.130159
0.694915, 0.129747
0.694915, 0.129338
0.694915, 0.128931
0.694915, 0.128527
0.694915, 0.128125
0.694915, 0.127726
0.694915, 0.127329
0.694915, 0.126935
0.694915, 0.126543
0.694915, 0.126154
0.694915, 0.125767
0.694915, 0.125382
0.694915, 0.125000
0.694915, 0.124620
0.694915, 0.124242
0.694915, 0.123867
0.694915, 0.123494
0.694915, 0.123123
0.694915, 0.122754
0.694915, 0.122388
0.694915, 0.122024
0.694915, 0.121662
0.694915, 0.121302
0.694915, 0.120944
0.694915, 0.120588
0.694915, 0.120235
0.694915, 0.119883
0.694915, 0.119534
0.694915, 0.119186
0.694915, 0.118841
0.694915, 0.118497
0.694915, 0.118156
0.694915, 0.117816
0.694915, 0.117479
0.694915, 0.117143
0.694915, 0.116809
0.694915, 0.116477
0.711864, 0.118980
0.711864, 0.118644
0.711864, 0.118310
0.711864, 0.117978
0.711864, 0.117647
0.711864, 0.117318
0.711864, 0.116992
0.711864, 0.116667
0.711864, 0.116343
0.711864, 0.116022
0.711864, 0.115702
0.711864, 0.115385
0.711864, 0.115068
0.711864, 0.114754
0.711864, 0.114441
0.711864, 0.114130
0.711864, 0.113821
0.711864, 0.113514
0.711864, 0.113208
0.711864, 0.112903
0.711864, 0.112601
0.711864, 0.112299
0.711864, 0.112000
0.711864, 0.111702
0.711864, 0.111406
0.728814, 0.113757
0.728814, 0.113456
0.728814, 0.113158
0.728814, 0.112861
0.728814, 0.112565
0.728814, 0.112272
0.728814, 0.111979
0.728814, 0.111688
0.728814, 0.111399
0.728814, 0.111111
0.728814, 0.110825
0.728814, 0.110540
0.728814, 0.110256
0.728814, 0.109974
0.728814, 0.109694
0.728814, 0.109415
0.728814, 0.109137
0.728814, 0.108861
0.728814, 0.108586
0.728814, 0.108312
0.728814, 0.108040
0.728814, 0.107769
0.728814, 0.107500
0.728814, 0.107232
0.728814, 0.106965
0.728814, 0.106700
0.728814, 0.106436
0.728814, 0.106173
0.728814, 0.105911
0.728814, 0.105651
0.728814, 0.105392
0.728814, 0.105134
0.728814, 0.104878
0.728814, 0.104623
0.728814, 0.104369
0.728814, 0.104116
0.728814, 0.103865
0.728814, 0.103614
0.728814, 0.103365
0.728814, 0.103118
0.728814, 0.102871
0.728814, 0.102625
0.728814, 0.102381
0.728814, 0.102138
0.728814, 0.101896
0.728814, 0.101655
0.728814, 0.101415
0.728814, 0.101176
0.728814, 0.100939
0.728814, 0.100703
0.728814, 0.100467
0.728814, 0.100233
0.728814, 0.100000
0.728814, 0.099768
0.728814, 0.099537
0.728814, 0.099307
0.728814, 0.099078
0.728814, 0.098851
0.728814, 0.098624
0.728814, 0.098398
0.728814, 0.098174
0.728814, 0.097950
0.728814, 0.097727
0.728814, 0.097506
0.728814, 0.097285
0.728814, 0.097065
0.728814, 0.096847
0.728814, 0.096629
0.728814, 0.096413
0.728814, 0.096197
0.728814, 0.095982
0.728814, 0.095768
0.728814, 0.095556
0.728814, 0.095344
0.728814, 0.095133
0.728814, 0.094923
0.728814, 0.094714
0.728814, 0.094505
0.728814, 0.094298
0.728814, 0.094092
0.728814, 0.093886
0.728814, 0.093682
0.728814, 0.093478
0.728814, 0.093275
0.728814, 0.093074
0.728814, 0.092873
0.728814, 0.092672
0.728814, 0.092473
0.728814, 0.092275
0.728814, 0.092077
0.728814, 0.091880
0.728814, 0.091684
0.728814, 0.091489
0.728814, 0.091295
0.728814, 0.091102
0.745763, 0.093023
0.745763, 0.092827
0.745763, 0.092632
0.745763, 0.092437
0.745763, 0.092243
0.745763, 0.092050
0.745763, 0.091858
0.745763, 0.091667
0.745763, 0.091476
0.745763, 0.091286
0.745763, 0.091097
0.745763, 0.090909
0.745763, 0.090722
0.745763, 0.090535
0.745763, 0.090349
0.745763, 0.090164
0.745763, 0.089980
0.745763, 0.089796
0.745763, 0.089613
0.745763, 0.089431
0.745763, 0.089249
0.745763, 0.089069
0.745763, 0.088889
0.745763, 0.088710
0.745763, 0.088531
0.745763, 0.088353
0.745763, 0.088176
0.745763, 0.088000
0.745763, 0.087824
0.745763, 0.087649
0.745763, 0.087475
0.745763, 0.087302
0.745763, 0.087129
0.745763, 0.086957
0.745763, 0.086785
0.745763, 0.086614
0.745763, 0.086444
0.745763, 0.086275
0.745763, 0.086106
0.745763, 0.085938
0.745763, 0.085770
0.745763, 0.085603
0.745763, 0.085437
0.745763, 0.085271
0.745763, 0.085106
0.745763, 0.084942
0.745763, 0.084778
0.745763, 0.084615
0.745763, 0.084453
0.745763, 0.084291
0.745763, 0.084130
0.745763, 0.083969
0.745763, 0.083810
0.745763, 0.083650
0.745763, 0.083491
0.745763, 0.083333
0.745763, 0.083176
0.745763, 0.083019
0.745763, 0.082863
0.745763, 0.082707
0.745763, 0.082552
0.745763, 0.082397
0.745763, 0.082243
0.745763, 0.082090
0.745763, 0.081937
0.745763, 0.081784
0.745763, 0.081633
0.745763, 0.081481
0.745763, 0.081331
0.745763, 0.081181
0.745763, 0.081031
0.745763, 0.080882
0.745763, 0.080734
0.745763, 0.080586
0.745763, 0.080439
0.745763, 0.080292
0.745763, 0.080146
0.745763, 0.080000
0.745763, 0.079855
0.745763, 0.079710
0.745763, 0.079566
0.762712, 0.081227
0.762712, 0.081081
0.762712, 0.080935
0.762712, 0.080790
0.762712, 0.080645
0.762712, 0.080501
0.762712, 0.080357
0.762712, 0.080214
0.762712, 0.080071
0.762712, 0.079929
0.762712, 0.079787
0.762712, 0.079646
0.762712, 0.079505
0.779661, 0.081129
0.779661, 0.080986
0.779661, 0.080844
0.779661, 0.080702
0.779661, 0.080560
0.779661, 0.080420
0.779661, 0.080279
0.779661, 0.080139
0.779661, 0.080000
0.779661, 0.079861
0.779661, 0.079723
0.779661, 0.079585
0.779661, 0.079447
0.779661, 0.079310
0.779661, 0.079174
0.779661, 0.079038
0.779661, 0.078902
0.779661, 0.078767
0.779661, 0.078632
0.779661, 0.078498
0.779661, 0.078365
0.779661, 0.078231
0.779661, 0.078098
0.779661, 0.077966
0.779661, 0.077834
0.779661, 0.077703
0.779661, 0.077572
0.779661, 0.077441
0.779661, 0.077311
0.779661, 0.077181
0.779661, 0.077052
0.779661, 0.076923
0.779661, 0.076795
0.779661, 0.076667
0.779661, 0.076539
0.779661, 0.076412
0.779661, 0.076285
0.779661, 0.076159
0.779661, 0.076033
0.779661, 0.075908
0.779661, 0.075783
0.779661, 0.075658
0.779661, 0.075534
0.779661, 0.075410
0.779661, 0.075286
0.779661, 0.075163
0.779661, 0.075041
0.779661, 0.074919
0.779661, 0.074797
0.779661, 0.074675
0.779661, 0.074554
0.779661, 0.074434
0.779661, 0.074313
0.779661, 0.074194
0.779661, 0.074074
0.779661, 0.073955
0.779661, 0.073836
0.779661, 0.073718
0.779661, 0.073600
0.779661, 0.073482
0.779661, 0.073365
0.779661, 0.073248
0.779661, 0.073132
0.779661, 0.073016
0.779661, 0.072900
0.779661, 0.072785
0.779661, 0.072670
0.779661, 0.072555
0.779661, 0.072441
0.779661, 0.072327
0.779661, 0.072214
0.779661, 0.072100
0.779661, 0.071987
0.779661, 0.071875
0.779661, 0.071763
0.779661, 0.071651
0.779661, 0.071540
0.779661, 0.071429
0.779661, 0.071318
0.779661, 0.071207
0.779661, 0.071097
0.779661, 0.070988
0.779661, 0.070878
0.779661, 0.070769
0.779661, 0.070661
0.779661, 0.070552
0.779661, 0.070444
0.779661, 0.070336
0.779661, 0.070229
0.779661, 0.070122
0.779661, 0.070015
0.779661, 0.069909
0.779661, 0.069803
0.779661, 0.069697
0.779661, 0.069592
0.779661, 0.069486
0.779661, 0.069382
0.779661, 0.069277
0.779661, 0.069173
0.779661, 0.069069
0.779661, 0.068966
0.779661, 0.068862
0.779661, 0.068759
0.779661, 0.068657
0.779661, 0.068554
0.779661, 0.068452
0.779661, 0.068351
0.779661, 0.068249
0.779661, 0.068148
0.779661, 0.068047
0.779661, 0.067947
0.779661, 0.067847
0.779661, 0.067747
0.779661, 0.067647
0.779661, 0.067548
0.779661, 0.067449
0.779661, 0.067350
0.779661, 0.067251
0.779661, 0.067153
0.779661, 0.067055
0.779661, 0.066958
0.779661, 0.066860
0.779661, 0.066763
0.779661, 0.066667
0.779661, 0.066570
0.779661, 0.066474
0.779661, 0.066378
0.779661, 0.066282
0.779661, 0.066187
0.779661, 0.066092
0.779661, 0.065997
0.779661, 0.065903
0.779661, 0.065808
0.779661, 0.065714
0.779661, 0.065621
0.779661, 0.065527
0.779661, 0.065434
0.779661, 0.065341
0.779661, 0.065248
0.779661, 0.065156
0.779661, 0.065064
0.779661, 0.064972
0.779661, 0.064880
0.779661, 0.064789
0.779661, 0.064698
0.779661, 0.064607
0.779661, 0.064516
0.779661, 0.064426
0.779661, 0.064336
0.779661, 0.064246
0.779661, 0.064156
0.779661, 0.064067
0.779661, 0.063978
0.779661, 0.063889
0.779661, 0.063800
0.779661, 0.063712
0.779661, 0.063624
0.779661, 0.063536
0.779661, 0.063448
0.779661, 0.063361
0.779661, 0.063274
0.779661, 0.063187
0.779661, 0.063100
0.779661, 0.063014
0.779661, 0.062927
0.779661, 0.062842
0.779661, 0.062756
0.779661, 0.062670
0.779661, 0.062585
0.779661, 0.062500
0.779661, 0.062415
0.779661, 0.062331
0.779661, 0.062246
0.779661, 0.062162
0.779661, 0.062078
0.779661, 0.061995
0.779661, 0.061911
0.779661, 0.061828
0.779661, 0.061745
0.779661, 0.061662
0.779661, 0.061580
0.779661, 0.061497
0.779661, 0.061415
0.779661, 0.061333
0.779661, 0.061252
0.779661, 0.061170
0.779661, 0.061089
0.779661, 0.061008
0.779661, 0.060927
0.779661, 0.060847
0.779661, 0.060766
0.779661, 0.060686
0.779661, 0.060606
0.779661, 0.060526
0.779661, 0.060447
0.779661, 0.060367
0.779661, 0.060288
0.779661, 0.060209
0.779661, 0.060131
0.779661, 0.060052
0.779661, 0.059974
0.779661, 0.059896
0.779661, 0.059818
0.779661, 0.059740
0.779661, 0.059663
0.779661, 0.059585
0.779661, 0.059508
0.779661, 0.059432
0.779661, 0.059355
0.779661, 0.059278
0.779661, 0.059202
0.779661, 0.059126
0.779661, 0.059050
0.779661, 0.058974
0.779661, 0.058899
0.779661, 0.058824
0.779661, 0.058748
0.779661, 0.058673
0.779661, 0.058599
0.779661, 0.058524
0.779661, 0.058450
0.779661, 0.058376
0.779661, 0.058302
0.779661, 0.058228
0.779661, 0.058154
0.779661, 0.058081
0.779661, 0.058008
0.779661, 0.057935
0.779661, 0.057862
0.779661, 0.057789
0.779661, 0.057716
0.779661, 0.057644
0.779661, 0.057572
0.779661, 0.057500
0.779661, 0.057428
0.779661, 0.057357
0.779661, 0.057285
0.779661, 0.057214
0.779661, 0.057143
0.779661, 0.057072
0.779661, 0.057001
0.779661, 0.056931
0.779661, 0.056860
0.779661, 0.056790
0.779661, 0.056720
0.779661, 0.056650
0.779661, 0.056581
0.779661, 0.056511
0.779661, 0.056442
0.779661, 0.056373
0.779661, 0.056304
0.779661, 0.056235
0.779661, 0.056166
0.779661, 0.056098
0.779661, 0.056029
0.779661, 0.055961
0.779661, 0.055893
0.779661, 0.055825
0.779661, 0.055758
0.779661, 0.055690
0.779661, 0.055623
0.779661, 0.055556
0.779661, 0.055489
0.779661, 0.055422
0.779661, 0.055355
0.779661, 0.055288
0.779661, 0.055222
0.779661, 0.055156
0.779661, 0.055090
0.779661, 0.055024
0.779661, 0.054958
0.779661, 0.054893
0.779661, 0.054827
0.779661, 0.054762
0.779661, 0.054697
0.779661, 0.054632
0.779661, 0.054567
0.779661, 0.054502
0.779661, 0.054438
0.779661, 0.054374
0.779661, 0.054309
0.779661, 0.054245
0.779661, 0.054181
0.779661, 0.054118
0.779661, 0.054054
0.779661, 0.053991
0.779661, 0.053927
0.779661, 0.053864
0.779661, 0.053801
0.779661, 0.053738
0.779661, 0.053676
0.779661, 0.053613
0.779661, 0.053551
0.779661, 0.053488
0.779661, 0.053426
0.779661, 0.053364
0.779661, 0.053302
0.779661, 0.053241
0.779661, 0.053179
0.779661, 0.053118
0.796610, 0.054210
0.796610, 0.054147
0.796610, 0.054085
0.796610, 0.054023
0.796610, 0.053961
0.796610, 0.053899
0.796610, 0.053837
0.796610, 0.053776
0.796610, 0.053714
0.796610, 0.053653
0.796610, 0.053592
0.796610, 0.053531
0.796610, 0.053470
0.796610, 0.053409
0.796610, 0.053348
0.796610, 0.053288
0.796610, 0.053228
0.796610, 0.053167
0.796610, 0.053107
0.796610, 0.053047
0.796610, 0.052988
0.796610, 0.052928
0.796610, 0.052868
0.796610, 0.052809
0.796610, 0.052750
0.796610, 0.052691
0.796610, 0.052632
0.796610, 0.052573
0.796610, 0.052514
0.796610, 0.052455
0.796610, 0.052397
0.796610, 0.052339
0.796610, 0.052280
0.796610, 0.052222
0.796610, 0.052164
0.796610, 0.052106
0.796610, 0.052049
0.796610, 0.051991
0.796610, 0.051934
0.796610, 0.051876
0.796610, 0.051819
0.796610, 0.051762
0.796610, 0.051705
0.796610, 0.051648
0.796610, 0.051592
0.796610, 0.051535
0.796610, 0.051479
0.796610, 0.051422
0.796610, 0.051366
0.796610, 0.051310
0.796610, 0.051254
0.796610, 0.051198
0.796610, 0.051143
0.796610, 0.051087
0.796610, 0.051031
0.796610, 0.050976
0.796610, 0.050921
0.796610, 0.050866
0.796610, 0.050811
0.796610, 0.050756
0.796610, 0.050701
0.796610, 0.050647
0.796610, 0.050592
0.796610, 0.050538
0.796610, 0.050483
0.796610, 0.050429
0.796610, 0.050375
0.796610, 0.050321
0.796610, 0.050267
0.796610, 0.050214
0.796610, 0.050160
0.796610, 0.050107
0.796610, 0.050053
0.796610, 0.050000
0.796610, 0.049947
0.796610, 0.049894
0.796610, 0.049841
0.796610, 0.049788
0.796610, 0.049735
0.796610, 0.049683
0.796610, 0.049630
0.796610, 0.049578
0.796610, 0.049526
0.796610, 0.049474
0.796610, 0.049422
0.796610, 0.049370
0.796610, 0.049318
0.796610, 0.049266
0.796610, 0.049215
0.796610, 0.049163
0.796610, 0.049112
0.796610, 0.049061
0.796610, 0.049009
0.796610, 0.048958
0.796610, 0.048907
0.796610, 0.048857
0.796610, 0.048806
0.796610, 0.048755
0.796610, 0.048705
0.796610, 0.048654
0.796610, 0.048604
0.796610, 0.048554
0.796610, 0.048504
0.796610, 0.048454
0.796610, 0.048404
0.796610, 0.048354
0.796610, 0.048304
0.796610, 0.048255
0.796610, 0.048205
0.796610, 0.048156
0.796610, 0.048106
0.796610, 0.048057
0.796610, 0.048008
0.796610, 0.047959
0.796610, 0.047910
0.796610, 0.047862
0.796610, 0.047813
0.796610, 0.047764
0.796610, 0.047716
0.796610, 0.047667
0.796610, 0.047619
0.796610, 0.047571
0.796610, 0.047523
0.796610, 0.047475
0.796610, 0.047427
0.796610, 0.047379
0.796610, 0.047331
0.796610, 0.047284
0.796610, 0.047236
0.796610, 0.047189
0.796610, 0.047141
0.796610, 0.047094
0.796610, 0.047047
0.796610, 0.047000
0.796610, 0.046953
0.796610, 0.046906
0.796610, 0.046859
0.796610, 0.046813
0.796610, 0.046766
0.796610, 0.046720
0.796610, 0.046673
0.796610, 0.046627
0.796610, 0.046581
0.796610, 0.046535
0.796610, 0.046489
0.796610, 0.046443
0.796610, 0.046397
0.796610, 0.046351
0.796610, 0.046305
0.796610, 0.046260
0.796610, 0.046214
0.796610, 0.046169
0.796610, 0.046124
0.796610, 0.046078
0.796610, 0.046033
0.796610, 0.045988
0.796610, 0.045943
0.796610, 0.045898
0.796610, 0.045854
0.796610, 0.045809
0.796610, 0.045764
0.796610, 0.045720
0.796610, 0.045675
0.796610, 0.045631
0.796610, 0.045587
0.796610, 0.045543
0.796610, 0.045499
0.796610, 0.045455
0.796610, 0.045411
0.796610, 0.045367
0.796610, 0.045323
0.796610, 0.045279
0.796610, 0.045236
0.796610, 0.045192
0.796610, 0.045149
0.796610, 0.045106
0.796610, 0.045062
0.796610, 0.045019
0.796610, 0.044976
0.796610, 0.044933
0.796610, 0.044890
0.796610, 0.044847
0.796610, 0.044805
0.796610, 0.044762
0.796610, 0.044719
0.796610, 0.044677
0.796610, 0.044634
0.796610, 0.044592
0.796610, 0.044550
0.796610, 0.044508
0.796610, 0.044465
0.796610, 0.044423
0.796610, 0.044381
0.796610, 0.044340
0.796610, 0.044298
0.796610, 0.044256
0.796610, 0.044214
0.796610, 0.044173
0.796610, 0.044131
0.796610, 0.044090
0.796610, 0.044049
0.796610, 0.044007
0.796610, 0.043966
0.796610, 0.043925
0.796610, 0.043884
0.796610, 0.043843
0.796610, 0.043802
0.796610, 0.043762
0.796610, 0.043721
0.796610, 0.043680
0.796610, 0.043640
0.796610, 0.043599
0.796610, 0.043559
0.796610, 0.043519
0.796610, 0.043478
0.796610, 0.043438
0.796610, 0.043398
0.796610, 0.043358
0.796610, 0.043318
0.796610, 0.043278
0.796610, 0.043238
0.796610, 0.043199
0.796610, 0.043159
0.796610, 0.043119
0.796610, 0.043080
0.796610, 0.043040
0.796610, 0.043001
0.796610, 0.042962
0.796610, 0.042922
0.796610, 0.042883
0.796610, 0.042844
0.796610, 0.042805
0.796610, 0.042766
0.796610, 0.042727
0.796610, 0.042688
0.796610, 0.042650
0.796610, 0.042611
0.796610, 0.042572
0.796610, 0.042534
0.796610, 0.042495
0.796610, 0.042457
0.796610, 0.042419
0.796610, 0.042381
0.796610, 0.042342
0.796610, 0.042304
0.796610, 0.042266
0.796610, 0.042228
0.796610, 0.042190
0.796610, 0.042152
0.796610, 0.042115
0.796610, 0.042077
0.796610, 0.042039
0.796610, 0.042002
0.796610, 0.041964
0.796610, 0.041927
0.796610, 0.041889
0.796610, 0.041852
0.796610, 0.041815
0.796610, 0.041778
0.796610, 0.041741
0.796610, 0.041704
0.796610, 0.041667
0.796610, 0.041630
0.796610, 0.041593
0.796610, 0.041556
0.796610, 0.041519
0.796610, 0.041483
0.796610, 0.041446
0.796610, 0.041410
0.796610, 0.041373
0.796610, 0.041337
0.796610, 0.041301
0.796610, 0.041264
0.796610, 0.041228
0.796610, 0.041192
0.796610, 0.041156
0.796610, 0.041120
0.796610, 0.041084
0.796610, 0.041048
0.796610, 0.041012
0.796610, 0.040976
0.796610, 0.040941
0.796610, 0.040905
0.796610, 0.040870
0.796610, 0.040834
0.796610, 0.040799
0.796610, 0.040763
0.796610, 0.040728
0.796610, 0.040693
0.796610, 0.040657
0.796610, 0.040622
0.796610, 0.040587
0.796610, 0.040552
0.796610, 0.040517
0.796610, 0.040482
0.796610, 0.040448
0.796610, 0.040413
0.796610, 0.040378
0.796610, 0.040343
0.796610, 0.040309
0.796610, 0.040274
0.796610, 0.040240
0.796610, 0.040205
0.796610, 0.040171
0.796610, 0.040137
0.796610, 0.040102
0.796610, 0.040068
0.796610, 0.040034
0.796610, 0.040000
0.796610, 0.039966
0.796610, 0.039932
0.796610, 0.039898
0.796610, 0.039864
0.796610, 0.039831
0.796610, 0.039797
0.796610, 0.039763
0.796610, 0.039730
0.796610, 0.039696
0.796610, 0.039662
0.796610, 0.039629
0.796610, 0.039596
0.796610, 0.039562
0.796610, 0.039529
0.796610, 0.039496
0.796610, 0.039463
0.796610, 0.039430
0.796610, 0.039396
0.796610, 0.039363
0.796610, 0.039331
0.796610, 0.039298
0.796610, 0.039265
0.796610, 0.039232
0.796610, 0.039199
0.796610, 0.039167
0.796610, 0.039134
0.796610, 0.039101
0.796610, 0.039069
0.796610, 0.039037
0.796610, 0.039004
0.796610, 0.038972
0.796610, 0.038940
0.796610, 0.038907
0.796610, 0.038875
0.796610, 0.038843
0.796610, 0.038811
0.796610, 0.038779
0.796610, 0.038747
0.796610, 0.038715
0.796610, 0.038683
0.796610, 0.038651
0.796610, 0.038620
0.796610, 0.038588
0.796610, 0.038556
0.796610, 0.038525
0.796610, 0.038493
0.796610, 0.038462
0.796610, 0.038430
0.796610, 0.038399
0.796610, 0.038367
0.796610, 0.038336
0.796610, 0.038305
0.796610, 0.038274
0.796610, 0.038242
0.796610, 0.038211
0.796610, 0.038180
0.796610, 0.038149
0.796610, 0.038118
0.796610, 0.038088
0.796610, 0.038057
0.796610, 0.038026
0.796610, 0.037995
0.796610, 0.037964
0.796610, 0.037934
0.796610, 0.037903
0.796610, 0.037873
0.796610, 0.037842
0.796610, 0.037812
0.796610, 0.037781
0.796610, 0.037751
0.796610, 0.037721
0.796610, 0.037690
0.796610, 0.037660
0.796610, 0.037630
0.796610, 0.037600
0.796610, 0.037570
0.796610, 0.037540
0.796610, 0.037510
0.796610, 0.037480
0.796610, 0.037450
0.796610, 0.037420
0.796610, 0.037391
0.796610, 0.037361
0.796610, 0.037331
0.796610, 0.037302
0.796610, 0.037272
0.796610, 0.037242
0.796610, 0.037213
0.796610, 0.037184
0.796610, 0.037154
0.796610, 0.037125
0.796610, 0.037096
0.796610, 0.037066
0.796610, 0.037037
0.796610, 0.037008
0.796610, 0.036979
0.796610, 0.036950
0.796610, 0.036921
0.796610, 0.036892
0.796610, 0.036863
0.796610, 0.036834
0.796610, 0.036805
0.796610, 0.036776
0.796610, 0.036747
0.796610, 0.036719
0.796610, 0.036690
0.796610, 0.036661
0.796610, 0.036633
0.796610, 0.036604
0.796610, 0.036576
0.796610, 0.036547
0.796610, 0.036519
0.796610, 0.036491
0.796610, 0.036462
0.796610, 0.036434
0.796610, 0.036406
0.796610, 0.036378
0.796610, 0.036350
0.796610, 0.036321
0.796610, 0.036293
0.796610, 0.036265
0.796610, 0.036237
0.796610, 0.036210
0.796610, 0.036182
0.796610, 0.036154
0.796610, 0.036126
0.796610, 0.036098
0.796610, 0.036071
0.796610, 0.036043
0.796610, 0.036015
0.796610, 0.035988
0.796610, 0.035960
0.796610, 0.035933
0.796610, 0.035905
0.796610, 0.035878
0.796610, 0.035850
0.796610, 0.035823
0.796610, 0.035796
0.796610, 0.035769
0.796610, 0.035741
0.796610, 0.035714
0.796610, 0.035687
0.796610, 0.035660
0.796610, 0.035633
0.796610, 0.035606
0.796610, 0.035579
0.796610, 0.035552
0.796610, 0.035525
0.796610, 0.035498
0.796610, 0.035472
0.796610, 0.035445
0.796610, 0.035418
0.796610, 0.035392
0.796610, 0.035365
0.796610, 0.035338
0.796610, 0.035312
0.796610, 0.035285
0.796610, 0.035259
0.796610, 0.035232
0.796610, 0.035206
0.796610, 0.035180
0.796610, 0.035153
0.796610, 0.035127
0.796610, 0.035101
0.796610, 0.035075
0.796610, 0.035048
0.796610, 0.035022
0.796610, 0.034996
0.796610, 0.034970
0.796610, 0.034944
0.796610, 0.034918
0.796610, 0.034892
0.796610, 0.034866
0.796610, 0.034841
0.796610, 0.034815
0.796610, 0.034789
0.796610, 0.034763
0.796610, 0.034738
0.796610, 0.034712
0.796610, 0.034686
0.796610, 0.034661
0.796610, 0.034635
0.796610, 0.034610
0.796610, 0.034584
0.796610, 0.034559
0.796610, 0.034533
0.796610, 0.034508
0.796610, 0.034483
0.796610, 0.034457
0.796610, 0.034432
0.796610, 0.034407
0.796610, 0.034382
0.796610, 0.034357
0.796610, 0.034332
0.796610, 0.034307
0.796610, 0.034282
0.796610, 0.034257
0.796610, 0.034232
0.796610, 0.034207
0.796610, 0.034182
0.796610, 0.034157
0.796610, 0.034132
0.796610, 0.034107
0.796610, 0.034083
0.796610, 0.034058
0.796610, 0.034033
0.796610, 0.034009
0.796610, 0.033984
0.796610, 0.033960
0.796610, 0.033935
0.796610, 0.033911
0.796610, 0.033886
0.796610, 0.033862
0.796610, 0.033837
0.796610, 0.033813
0.796610, 0.033789
0.796610, 0.033764
0.796610, 0.033740
0.796610, 0.033716
0.796610, 0.033692
0.796610, 0.033668
0.796610, 0.033644
0.796610, 0.033619
0.796610, 0.033595
0.796610, 0.033571
0.796610, 0.033547
0.796610, 0.033524
0.796610, 0.033500
0.796610, 0.033476
0.796610, 0.033452
0.796610, 0.033428
0.813559, 0.034115
0.813559, 0.034091
0.813559, 0.034067
0.813559, 0.034043
0.813559, 0.034018
0.813559, 0.033994
0.813559, 0.033970
0.813559, 0.033946
0.813559, 0.033922
0.813559, 0.033898
0.813559, 0.033874
0.813559, 0.033850
0.813559, 0.033827
0.813559, 0.033803
0.813559, 0.033779
0.813559, 0.033755
0.813559, 0.033732
0.813559, 0.033708
0.813559, 0.033684
0.813559, 0.033661
0.813559, 0.033637
0.813559, 0.033613
0.813559, 0.033590
0.813559, 0.033566
0.813559, 0.033543
0.813559, 0.033520
0.813559, 0.033496
0.813559, 0.033473
0.813559, 0.033449
0.813559, 0.033426
0.813559, 0.033403
0.813559, 0.033380
0.813559, 0.033356
0.813559, 0.033333
0.813559, 0.033310
0.813559, 0.033287
0.813559, 0.033264
0.813559, 0.033241
0.813559, 0.033218
0.813559, 0.033195
0.813559, 0.033172
0.813559, 0.033149
0.813559, 0.033126
0.813559, 0.033103
0.813559, 0.033081
0.813559, 0.033058
0.813559, 0.033035
0.813559, 0.033012
0.813559, 0.032990
0.813559, 0.032967
0.813559, 0.032944
0.813559, 0.032922
0.813559, 0.032899
0.813559, 0.032877
0.813559, 0.032854
0.813559, 0.032832
0.813559, 0.032809
0.813559, 0.032787
0.813559, 0.032765
0.813559, 0.032742
0.813559, 0.032720
0.813559, 0.032698
0.813559, 0.032675
0.813559, 0.032653
0.813559, 0.032631
0.813559, 0.032609
0.813559, 0.032587
0.813559, 0.032564
0.813559, 0.032542
0.813559, 0.032520
0.813559, 0.032498
0.813559, 0.032476
0.813559, 0.032454
0.813559, 0.032432
0.813559, 0.032411
0.813559, 0.032389
0.813559, 0.032367
0.813559, 0.032345
0.813559, 0.032323
0.813559, 0.032301
0.813559, 0.032280
0.813559, 0.032258
0.813559, 0.032236
0.813559, 0.032215
0.813559, 0.032193
0.813559, 0.032172
0.813559, 0.032150
0.813559, 0.032129
0.813559, 0.032107
0.813559, 0.032086
0.813559, 0.032064
0.813559, 0.032043
0.830508, 0.032688
0.830508, 0.032667
0.830508, 0.032645
0.830508, 0.032623
0.830508, 0.032601
0.830508, 0.032580
0.830508, 0.032558
0.830508, 0.032537
0.830508, 0.032515
0.830508, 0.032493
0.830508, 0.032472
0.830508, 0.032450
0.830508, 0.032429
0.830508, 0.032407
0.830508, 0.032386
0.830508, 0.032365
0.830508, 0.032343
0.830508, 0.032322
0.830508, 0.032301
0.830508, 0.032279
0.830508, 0.032258
0.830508, 0.032237
0.830508, 0.032216
0.830508, 0.032194
0.830508, 0.032173
0.830508, 0.032152
0.830508, 0.032131
0.830508, 0.032110
0.830508, 0.032089
0.830508, 0.032068
0.830508, 0.032047
0.830508, 0.032026
0.830508, 0.032005
0.830508, 0.031984
0.830508, 0.031963
0.830508, 0.031943
0.830508, 0.031922
0.830508, 0.031901
0.830508, 0.031880
0.830508, 0.031860
0.830508, 0.031839
0.830508, 0.031818
0.830508, 0.031798
0.830508, 0.031777
0.830508, 0.031756
0.830508, 0.031736
0.830508, 0.031715
0.830508, 0.031695
0.830508, 0.031674
0.830508, 0.031654
0.830508, 0.031633
0.830508, 0.031613
0.830508, 0.031593
0.830508, 0.031572
0.830508, 0.031552
0.830508, 0.031532
0.830508, 0.031511
0.830508, 0.031491
0.830508, 0.031471
0.830508, 0.031451
0.830508, 0.031430
0.830508, 0.031410
0.830508, 0.031390
0.830508, 0.031370
0.847458, 0.031990
0.847458, 0.031969
0.847458, 0.031949
0.847458, 0.031928
0.847458, 0.031908
0.847458, 0.031888
0.847458, 0.031847
0.847458, 0.031827
0.847458, 0.031807
0.847458, 0.031786
0.847458, 0.031766
0.847458, 0.031746
0.847458, 0.031726
0.847458, 0.031706
0.847458, 0.031686
0.847458, 0.031666
0.847458, 0.031646
0.847458, 0.031626
0.847458, 0.031606
0.847458, 0.031586
0.847458, 0.031566
0.847458, 0.031546
0.847458, 0.031526
0.847458, 0.031506
0.847458, 0.031486
0.847458, 0.031466
0.847458, 0.031447
0.847458, 0.031427
0.847458, 0.031407
0.847458, 0.031387
0.847458, 0.031368
0.847458, 0.031348
0.847458, 0.031328
0.847458, 0.031309
0.847458, 0.031289
0.847458, 0.031270
0.847458, 0.031250
0.847458, 0.031230
0.847458, 0.031211
0.847458, 0.031192
0.847458, 0.031172
0.847458, 0.031153
0.847458, 0.031133
0.847458, 0.031114
0.847458, 0.031095
0.847458, 0.031075
0.847458, 0.031056
0.847458, 0.031037
0.847458, 0.031017
0.847458, 0.030998
0.847458, 0.030979
0.847458, 0.030960
0.847458, 0.030941
0.847458, 0.030921
0.847458, 0.030902
0.847458, 0.030883
0.847458, 0.030864
0.847458, 0.030845
0.847458, 0.030826
0.847458, 0.030807
0.847458, 0.030788
0.847458, 0.030769
0.847458, 0.030750
0.847458, 0.030731
0.847458, 0.030713
0.847458, 0.030694
0.847458, 0.030675
0.847458, 0.030656
0.847458, 0.030637
0.847458, 0.030618
0.847458, 0.030600
0.847458, 0.030581
0.847458, 0.030562
0.847458, 0.030544
0.847458, 0.030525
0.847458, 0.030506
0.847458, 0.030488
0.847458, 0.030469
0.847458, 0.030451
0.847458, 0.030432
0.847458, 0.030414
0.847458, 0.030395
0.847458, 0.030377
0.847458, 0.030358
0.847458, 0.030340
0.847458, 0.030321
0.847458, 0.030303
0.847458, 0.030285
0.847458, 0.030266
0.847458, 0.030248
0.847458, 0.030230
0.847458, 0.030211
0.847458, 0.030193
0.847458, 0.030175
0.847458, 0.030157
0.847458, 0.030139
0.847458, 0.030120
0.847458, 0.030102
0.847458, 0.030084
0.847458, 0.030066
0.847458, 0.030048
0.847458, 0.030030
0.847458, 0.030012
0.847458, 0.029994
0.847458, 0.029976
0.847458, 0.029958
0.847458, 0.029940
0.847458, 0.029922
0.847458, 0.029904
0.847458, 0.029886
0.847458, 0.029869
0.847458, 0.029851
0.847458, 0.029833
0.847458, 0.029815
0.847458, 0.029797
0.847458, 0.029780
0.847458, 0.029762
0.847458, 0.029744
0.847458, 0.029727
0.847458, 0.029709
0.847458, 0.029691
0.847458, 0.029674
0.847458, 0.029656
0.847458, 0.029638
0.847458, 0.029621
0.847458, 0.029603
0.847458, 0.029586
0.847458, 0.029568
0.847458, 0.029551
0.847458, 0.029533
0.847458, 0.029516
0.847458, 0.029499
0.847458, 0.029481
0.847458, 0.029464
0.847458, 0.029446
0.847458, 0.029429
0.847458, 0.029412
0.847458, 0.029394
0.847458, 0.029377
0.847458, 0.029360
0.847458, 0.029343
0.847458, 0.029326
0.847458, 0.029308
0.847458, 0.029291
0.847458, 0.029274
0.847458, 0.029257
0.847458, 0.029240
0.847458, 0.029223
0.847458, 0.029206
0.847458, 0.029189
0.847458, 0.029172
0.847458, 0.029155
0.847458, 0.029138
0.847458, 0.029121
0.847458, 0.029104
0.847458, 0.029087
0.847458, 0.029070
0.847458, 0.029053
0.847458, 0.029036
0.847458, 0.029019
0.847458, 0.029002
0.847458, 0.028986
0.847458, 0.028969
0.847458, 0.028952
0.847458, 0.028935
0.847458, 0.028918
0.847458, 0.028902
0.847458, 0.028885
0.847458, 0.028868
0.847458, 0.028852
0.847458, 0.028835
0.847458, 0.028818
0.847458, 0.028802
0.847458, 0.028785
0.847458, 0.028769
0.847458, 0.028752
0.864407, 0.029310
0.864407, 0.029294
0.864407, 0.029277
0.864407, 0.029260
0.864407, 0.029243
0.864407, 0.029226
0.864407, 0.029210
0.864407, 0.029193
0.881356, 0.029748
0.881356, 0.029731
0.881356, 0.029714
0.881356, 0.029697
0.881356, 0.029680
0.881356, 0.029663
0.881356, 0.029647
0.898305, 0.030199
0.898305, 0.030182
0.898305, 0.030165
0.898305, 0.030148
0.898305, 0.030131
0.898305, 0.030114
0.898305, 0.030097
0.898305, 0.030079
0.898305, 0.030062
0.898305, 0.030045
0.898305, 0.030028
0.898305, 0.030011
0.898305, 0.029994
0.898305, 0.029977
0.898305, 0.029960
0.898305, 0.029944
0.898305, 0.029927
0.898305, 0.029910
0.898305, 0.029893
0.898305, 0.029876
0.898305, 0.029859
0.898305, 0.029842
0.898305, 0.029826
0.898305, 0.029809
0.898305, 0.029792
0.898305, 0.029775
0.898305, 0.029759
0.898305, 0.029742
0.898305, 0.029725
0.898305, 0.029709
0.898305, 0.029692
0.898305, 0.029675
0.898305, 0.029659
0.898305, 0.029642
0.898305, 0.029625
0.898305, 0.029609
0.898305, 0.029592
0.898305, 0.029576
0.898305, 0.029559
0.898305, 0.029543
0.898305, 0.029526
0.898305, 0.029510
0.898305, 0.029494
0.898305, 0.029477
0.898305, 0.029461
0.898305, 0.029444
0.898305, 0.029428
0.898305, 0.029412
0.898305, 0.029395
0.898305, 0.029379
0.898305, 0.029363
0.898305, 0.029347
0.898305, 0.029330
0.898305, 0.029314
0.898305, 0.029298
0.898305, 0.029282
0.898305, 0.029266
0.898305, 0.029249
0.898305, 0.029233
0.915254, 0.029768
0.915254, 0.029752
0.915254, 0.029736
0.915254, 0.029719
0.915254, 0.029703
0.915254, 0.029687
0.915254, 0.029670
0.915254, 0.029654
0.915254, 0.029638
0.915254, 0.029622
0.915254, 0.029605
0.915254, 0.029589
0.915254, 0.029573
0.915254, 0.029557
0.932203, 0.030088
0.932203, 0.030071
0.932203, 0.030055
0.932203, 0.030038
0.932203, 0.030022
0.932203, 0.030005
0.932203, 0.029989
0.932203, 0.029973
0.932203, 0.029956
0.932203, 0.029940
0.932203, 0.029924
0.932203, 0.029908
0.932203, 0.029891
0.932203, 0.029875
0.932203, 0.029859
0.932203, 0.029843
0.932203, 0.029826
0.932203, 0.029810
0.932203, 0.029794
0.932203, 0.029778
0.932203, 0.029762
0.932203, 0.029746
0.932203, 0.029730
0.932203, 0.029714
0.932203, 0.029698
0.932203, 0.029682
0.932203, 0.029666
0.932203, 0.029650
0.932203, 0.029634
0.932203, 0.029618
0.932203, 0.029602
0.932203, 0.029586
0.932203, 0.029570
0.932203, 0.029554
0.932203, 0.029538
0.932203, 0.029522
0.932203, 0.029506
0.932203, 0.029491
0.932203, 0.029475
0.932203, 0.029459
0.932203, 0.029443
0.932203, 0.029428
0.932203, 0.029412
0.932203, 0.029396
0.932203, 0.029380
0.932203, 0.029365
0.932203, 0.029349
0.932203, 0.029333
0.932203, 0.029318
0.932203, 0.029302
0.932203, 0.029286
0.932203, 0.029271
0.932203, 0.029255
0.932203, 0.029240
0.932203, 0.029224
0.932203, 0.029209
0.932203, 0.029193
0.932203, 0.029178
0.932203, 0.029162
0.932203, 0.029147
0.932203, 0.029131
0.932203, 0.029116
0.932203, 0.029101
0.932203, 0.029085
0.932203, 0.029070
0.932203, 0.029054
0.932203, 0.029039
0.932203, 0.029024
0.932203, 0.029008
0.932203, 0.028993
0.932203, 0.028978
0.932203, 0.028963
0.932203, 0.028947
0.932203, 0.028932
0.932203, 0.028917
0.932203, 0.028902
0.932203, 0.028887
0.932203, 0.028871
0.932203, 0.028856
0.932203, 0.028841
0.932203, 0.028826
0.932203, 0.028811
0.932203, 0.028796
0.932203, 0.028781
0.932203, 0.028766
0.932203, 0.028751
0.932203, 0.028736
0.932203, 0.028721
0.932203, 0.028706
0.932203, 0.028691
0.932203, 0.028676
0.932203, 0.028661
0.932203, 0.028646
0.932203, 0.028631
0.932203, 0.028616
0.932203, 0.028601
0.932203, 0.028586
0.932203, 0.028571
0.932203, 0.028557
0.932203, 0.028542
0.932203, 0.028527
0.932203, 0.028512
0.932203, 0.028497
0.932203, 0.028483
0.932203, 0.028468
0.932203, 0.028453
0.932203, 0.028438
0.932203, 0.028424
0.932203, 0.028409
0.932203, 0.028394
0.932203, 0.028380
0.932203, 0.028365
0.932203, 0.028351
0.932203, 0.028336
0.932203, 0.028321
0.932203, 0.028307
0.932203, 0.028292
0.932203, 0.028278
0.932203, 0.028263
0.932203, 0.028249
0.932203, 0.028234
0.932203, 0.028220
0.932203, 0.028205
0.932203, 0.028191
0.932203, 0.028176
0.932203, 0.028162
0.932203, 0.028147
0.932203, 0.028133
0.932203, 0.028119
0.932203, 0.028104
0.932203, 0.028090
0.932203, 0.028076
0.932203, 0.028061
0.932203, 0.028047
0.932203, 0.028033
0.932203, 0.028018
0.932203, 0.028004
0.932203, 0.027990
0.932203, 0.027976
0.932203, 0.027961
0.932203, 0.027947
0.932203, 0.027933
0.932203, 0.027919
0.932203, 0.027905
0.932203, 0.027890
0.932203, 0.027876
0.932203, 0.027862
0.932203, 0.027848
0.932203, 0.027834
0.932203, 0.027820
0.932203, 0.027806
0.932203, 0.027792
0.932203, 0.027778
0.932203, 0.027764
0.932203, 0.027750
0.932203, 0.027736
0.932203, 0.027722
0.932203, 0.027708
0.932203, 0.027694
0.932203, 0.027680
0.932203, 0.027666
0.932203, 0.027652
0.932203, 0.027638
0.932203, 0.027624
0.932203, 0.027610
0.932203, 0.027597
0.932203, 0.027583
0.932203, 0.027569
0.932203, 0.027555
0.932203, 0.027541
0.932203, 0.027528
0.932203, 0.027514
0.932203, 0.027500
0.932203, 0.027486
0.932203, 0.027473
0.932203, 0.027459
0.932203, 0.027445
0.932203, 0.027431
0.932203, 0.027418
0.932203, 0.027404
0.932203, 0.027390
0.932203, 0.027377
0.932203, 0.027363
0.932203, 0.027350
0.932203, 0.027336
0.932203, 0.027322
0.932203, 0.027309
0.932203, 0.027295
0.932203, 0.027282
0.932203, 0.027268
0.932203, 0.027255
0.932203, 0.027241
0.932203, 0.027228
0.932203, 0.027214
0.932203, 0.027201
0.932203, 0.027187
0.932203, 0.027174
0.932203, 0.027160
0.932203, 0.027147
0.932203, 0.027134
0.932203, 0.027120
0.932203, 0.027107
0.932203, 0.027094
0.932203, 0.027080
0.932203, 0.027067
0.932203, 0.027054
0.932203, 0.027040
0.932203, 0.027027
0.932203, 0.027014
0.932203, 0.027000
0.949153, 0.027478
0.949153, 0.027464
0.949153, 0.027451
0.949153, 0.027438
0.949153, 0.027424
0.949153, 0.027411
0.949153, 0.027397
0.949153, 0.027384
0.949153, 0.027370
0.949153, 0.027357
0.949153, 0.027344
0.949153, 0.027330
0.949153, 0.027317
0.949153, 0.027304
0.949153, 0.027290
0.949153, 0.027277
0.949153, 0.027264
0.949153, 0.027251
0.949153, 0.027237
0.949153, 0.027224
0.949153, 0.027211
0.949153, 0.027198
0.949153, 0.027184
0.949153, 0.027171
0.949153, 0.027158
0.949153, 0.027145
0.949153, 0.027132
0.949153, 0.027119
0.949153, 0.027106
0.949153, 0.027092
0.949153, 0.027079
0.949153, 0.027066
0.949153, 0.027053
0.949153, 0.027040
0.949153, 0.027027
0.949153, 0.027014
0.949153, 0.027001
0.949153, 0.026988
0.949153, 0.026975
0.949153, 0.026962
0.949153, 0.026949
0.949153, 0.026936
0.949153, 0.026923
0.949153, 0.026910
0.949153, 0.026897
0.949153, 0.026884
0.949153, 0.026871
0.949153, 0.026859
0.949153, 0.026846
0.949153, 0.026833
0.949153, 0.026820
0.949153, 0.026807
0.949153, 0.026794
0.949153, 0.026781
0.949153, 0.026769
0.949153, 0.026756
0.949153, 0.026743
0.949153, 0.026730
0.949153, 0.026718
0.949153, 0.026705
0.949153, 0.026692
0.949153, 0.026679
0.949153, 0.026667
0.949153, 0.026654
0.949153, 0.026641
0.949153, 0.026629
0.949153, 0.026616
0.949153, 0.026603
0.949153, 0.026591
0.949153, 0.026578
0.949153, 0.026565
0.949153, 0.026553
0.949153, 0.026540
0.949153, 0.026528
0.949153, 0.026515
0.949153, 0.026503
0.949153, 0.026490
0.949153, 0.026478
0.949153, 0.026465
0.949153, 0.026453
0.949153, 0.026440
0.949153, 0.026428
0.949153, 0.026415
0.949153, 0.026403
0.949153, 0.026390
0.949153, 0.026378
0.949153, 0.026365
0.949153, 0.026353
0.949153, 0.026341
0.949153, 0.026328
0.949153, 0.026316
0.949153, 0.026303
0.949153, 0.026291
0.949153, 0.026279
0.949153, 0.026266
0.949153, 0.026254
0.949153, 0.026242
0.949153, 0.026230
0.949153, 0.026217
0.949153, 0.026205
0.949153, 0.026193
0.949153, 0.026180
0.949153, 0.026168
0.949153, 0.026156
0.949153, 0.026144
0.949153, 0.026132
0.949153, 0.026119
0.949153, 0.026107
0.949153, 0.026095
0.949153, 0.026083
0.949153, 0.026071
0.949153, 0.026059
0.949153, 0.026047
0.949153, 0.026034
0.949153, 0.026022
0.949153, 0.026010
0.949153, 0.025998
0.949153, 0.025986
0.949153, 0.025974
0.949153, 0.025962
0.949153, 0.025950
0.949153, 0.025938
0.949153, 0.025926
0.949153, 0.025914
0.949153, 0.025902
0.949153, 0.025890
0.949153, 0.025878
0.949153, 0.025866
0.949153, 0.025854
0.949153, 0.025842
0.949153, 0.025830
0.949153, 0.025818
0.949153, 0.025806
0.949153, 0.025795
0.949153, 0.025783
0.949153, 0.025771
0.949153, 0.025759
0.949153, 0.025747
0.949153, 0.025735
0.949153, 0.025723
0.949153, 0.025712
0.949153, 0.025700
0.949153, 0.025688
0.949153, 0.025676
0.949153, 0.025665
0.949153, 0.025653
0.949153, 0.025641
0.949153, 0.025629
0.949153, 0.025618
0.949153, 0.025606
0.949153, 0.025594
0.949153, 0.025582
0.949153, 0.025571
0.949153, 0.025559
0.949153, 0.025547
0.949153, 0.025536
0.949153, 0.025524
0.949153, 0.025513
0.949153, 0.025501
0.949153, 0.025489
0.949153, 0.025478
0.949153, 0.025466
0.949153, 0.025455
0.949153, 0.025443
0.949153, 0.025431
0.949153, 0.025420
0.949153, 0.025408
0.949153, 0.025397
0.949153, 0.025385
0.949153, 0.025374
0.949153, 0.025362
0.949153, 0.025351
0.949153, 0.025339
0.949153, 0.025328
0.949153, 0.025316
0.949153, 0.025305
0.949153, 0.025294
0.949153, 0.025282
0.949153, 0.025271
0.949153, 0.025259
0.949153, 0.025248
0.949153, 0.025237
0.949153, 0.025225
0.949153, 0.025214
0.949153, 0.025203
0.949153, 0.025191
0.949153, 0.025180
0.949153, 0.025169
0.949153, 0.025157
0.949153, 0.025146
0.949153, 0.025135
0.949153, 0.025123
0.949153, 0.025112
0.949153, 0.025101
0.949153, 0.025090
0.949153, 0.025078
0.949153, 0.025067
0.949153, 0.025056
0.949153, 0.025045
0.949153, 0.025034
0.949153, 0.025022
0.949153, 0.025011
0.949153, 0.025000
0.949153, 0.024989
0.949153, 0.024978
0.949153, 0.024967
0.949153, 0.024955
0.949153, 0.024944
0.949153, 0.024933
0.949153, 0.024922
0.949153, 0.024911
0.949153, 0.024900
0.949153, 0.024889
0.949153, 0.024878
0.949153, 0.024867
0.949153, 0.024856
0.949153, 0.024845
0.949153, 0.024834
0.949153, 0.024823
0.949153, 0.024812
0.949153, 0.024801
0.949153, 0.024790
0.949153, 0.024779
0.949153, 0.024768
0.949153, 0.024757
0.949153, 0.024746
0.949153, 0.024735
0.949153, 0.024724
0.949153, 0.024713
0.949153, 0.024702
0.949153, 0.024691
0.949153, 0.024680
0.949153, 0.024670
0.949153, 0.024659
0.949153, 0.024648
0.949153, 0.024637
0.949153, 0.024626
0.949153, 0.024615
0.949153, 0.024605
0.949153, 0.024594
0.949153, 0.024583
0.949153, 0.024572
0.949153, 0.024561
0.949153, 0.024551
0.949153, 0.024540
0.949153, 0.024529
0.949153, 0.024518
0.949153, 0.024508
0.949153, 0.024497
0.949153, 0.024486
0.949153, 0.024476
0.949153, 0.024465
0.949153, 0.024454
0.949153, 0.024443
0.949153, 0.024433
0.949153, 0.024422
0.949153, 0.024412
0.949153, 0.024401
0.949153, 0.024390
0.949153, 0.024380
0.949153, 0.024369
0.949153, 0.024358
0.949153, 0.024348
0.949153, 0.024337
0.949153, 0.024327
0.949153, 0.024316
0.949153, 0.024306
0.949153, 0.024295
0.949153, 0.024284
0.949153, 0.024274
0.949153, 0.024263
0.949153, 0.024253
0.949153, 0.024242
0.966102, 0.024665
0.966102, 0.024654
0.966102, 0.024643
0.966102, 0.024633
0.966102, 0.024622
0.966102, 0.024611
0.966102, 0.024601
0.966102, 0.024590
0.966102, 0.024580
0.966102, 0.024569
0.966102, 0.024558
0.966102, 0.024548
0.966102, 0.024537
0.966102, 0.024527
0.966102, 0.024516
0.966102, 0.024506
0.966102, 0.024495
0.966102, 0.024485
0.966102, 0.024474
0.966102, 0.024464
0.966102, 0.024453
0.966102, 0.024443
0.966102, 0.024432
0.966102, 0.024422
0.966102, 0.024411
0.966102, 0.024401
0.966102, 0.024390
0.966102, 0.024380
0.966102, 0.024369
0.966102, 0.024359
0.966102, 0.024349
0.966102, 0.024338
0.966102, 0.024328
0.966102, 0.024317
0.966102, 0.024307
0.966102, 0.024297
0.966102, 0.024286
0.966102, 0.024276
0.966102, 0.024266
0.966102, 0.024255
0.966102, 0.024245
0.966102, 0.024235
0.966102, 0.024224
0.966102, 0.024214
0.983051, 0.024628
0.983051, 0.024618
0.983051, 0.024608
0.983051, 0.024597
0.983051, 0.024587
0.983051, 0.024576
0.983051, 0.024566
0.983051, 0.024555
0.983051, 0.024545
0.983051, 0.024535
0.983051, 0.024524
0.983051, 0.024514
0.983051, 0.024504
0.983051, 0.024493
0.983051, 0.024483
0.983051, 0.024473
0.983051, 0.024462
0.983051, 0.024452
0.983051, 0.024442
0.983051, 0.024431
0.983051, 0.024421
0.983051, 0.024411
0.983051, 0.024401
0.983051, 0.024390
0.983051, 0.024380
0.983051, 0.024370
0.983051, 0.024360
0.983051, 0.024349
0.983051, 0.024339
0.983051, 0.024329
0.983051, 0.024319
0.983051, 0.024308
0.983051, 0.024298
0.983051, 0.024288
0.983051, 0.024278
0.983051, 0.024268
0.983051, 0.024258
0.983051, 0.024247
0.983051, 0.024237
0.983051, 0.024227
0.983051, 0.024217
0.983051, 0.024207
0.983051, 0.024197
0.983051, 0.024187
0.983051, 0.024177
0.983051, 0.024167
0.983051, 0.024157
0.983051, 0.024147
0.983051, 0.024136
0.983051, 0.024126
0.983051, 0.024116
0.983051, 0.024106
0.983051, 0.024096
0.983051, 0.024086
0.983051, 0.024076
0.983051, 0.024066
0.983051, 0.024056
0.983051, 0.024046
0.983051, 0.024036
0.983051, 0.024027
0.983051, 0.024017
0.983051, 0.024007
0.983051, 0.023997
0.983051, 0.023987
0.983051, 0.023977
0.983051, 0.023967
0.983051, 0.023957
0.983051, 0.023947
0.983051, 0.023937
0.983051, 0.023927
0.983051, 0.023918
0.983051, 0.023908
0.983051, 0.023898
0.983051, 0.023888
0.983051, 0.023878
0.983051, 0.023868
0.983051, 0.023858
0.983051, 0.023849
0.983051, 0.023839
0.983051, 0.023829
0.983051, 0.023819
0.983051, 0.023810
0.983051, 0.023800
0.983051, 0.023790
0.983051, 0.023780
0.983051, 0.023770
0.983051, 0.023761
0.983051, 0.023751
0.983051, 0.023741
0.983051, 0.023732
0.983051, 0.023722
0.983051, 0.023712
0.983051, 0.023702
0.983051, 0.023693
0.983051, 0.023683
0.983051, 0.023673
0.983051, 0.023664
0.983051, 0.023654
0.983051, 0.023645
1.000000, 0.024042
