0.0144 0.8950980392157539 0.013333333333333348
0.0432 0.05627450980392177 0.0
0.072 0.02117647058823527 0.0
0.1008 0.0033333333333333322 5.88235294117647E-4
0.1296 0.001176470588235294 0.001176470588235294
0.15839999999999999 5.88235294117647E-4 0.0017647058823529408
0.1872 0.0 7.84313725490196E-4
0.216 1.96078431372549E-4 0.001372549019607843
0.2448 0.0 0.0
0.2736 0.0 0.0
0.3024 3.92156862745098E-4 0.0
0.3312 0.0 0.0
0.36 1.96078431372549E-4 0.0
0.3888 3.92156862745098E-4 0.0
0.41759999999999997 1.96078431372549E-4 0.0
0.44639999999999996 0.0 0.0
0.4752 0.0 0.0
0.504 0.0 0.0
0.5327999999999999 0.0 0.0
0.5616 0.0 0.0
0.5904 0.0 0.0
0.6192 0.0 0.0
0.648 0.0 0.0
0.6768 0.0 0.0
0.7056 1.96078431372549E-4 0.0
0.7343999999999999 0.0 0.0
0.7632 0.0 0.0
0.7919999999999999 0.0 0.0
0.8208 0.0 0.0
0.8496 0.0 0.0
0.8784 0.0 0.0
0.9072 0.0 0.0
0.9359999999999999 1.96078431372549E-4 0.0
0.9648 1.96078431372549E-4 0.0
0.9935999999999999 0.0 0.0
1.0224 0.0 0.0
1.0512 0.0 0.0
1.08 0.0 0.0
1.1088 0.0 0.0
1.1376 0.0 0.0
1.1663999999999999 0.0 0.0
1.1952 0.0 0.0
1.224 0.0 0.0
1.2528 0.0 0.0
1.2816 0.0 0.0
1.3104 0.0 0.0
1.3392 0.0 0.0
1.3679999999999999 0.0 1.96078431372549E-4
1.3968 0.0 0.0
1.4256 1.96078431372549E-4 0.0
1.4544 0.0 1.96078431372549E-4
1.4831999999999999 0.0 0.0
1.512 3.92156862745098E-4 0.0
1.5408 0.0 0.0
1.5695999999999999 0.0 0.0
1.5984 0.0 0.0
1.6272 0.0 0.0
1.656 0.0 0.0
1.6847999999999999 0.0 0.0
1.7136 0.0 0.0
1.7424 0.0 0.0
1.7711999999999999 0.0 0.0
1.8 0.0 1.96078431372549E-4
