# ROCAUC: 0.906156
# False Positive Rate True Positive Rate
0.0 0.0
0.0 0.01
4.0E-4 0.01
4.0E-4 0.02
6.000000000000001E-4 0.02
6.000000000000001E-4 0.03
0.0024000000000000002 0.03
0.0024000000000000002 0.09
0.0026000000000000003 0.09
0.0026000000000000003 0.17
0.0028 0.17
0.0028 0.18
0.003 0.18
0.003 0.2
0.0032 0.2
0.0032 0.23
0.0036000000000000003 0.23
0.0036000000000000003 0.25
0.0038 0.25
0.0038 0.26
0.004200000000000001 0.26
0.004200000000000001 0.29
0.0048000000000000004 0.29
0.0048000000000000004 0.31
0.0078000000000000005 0.31
0.0078000000000000005 0.32
0.1366 0.32
0.1366 1.0
1.0 1.0
