PR-AUC score 0.018544
0.000000, 0.000000
0.000000, 0.000000
0.000000, 0.000000
0.000000, 0.000000
0.000000, 0.000000
0.000000, 0.000000
0.000000, 0.000000
0.000000, 0.000000
0.000000, 0.000000
0.000000, 0.000000
0.000000, 0.000000
0.000000, 0.000000
0.000000, 0.000000
0.000000, 0.000000
0.000000, 0.000000
0.000000, 0.000000
0.000000, 0.000000
0.000000, 0.000000
0.000000, 0.000000
0.000000, 0.000000
0.000000, 0.000000
0.000000, 0.000000
0.000000, 0.000000
0.000000, 0.000000
0.000000, 0.000000
0.000000, 0.000000
0.000000, 0.000000
0.000000, 0.000000
0.000000, 0.000000
0.000000, 0.000000
0.000000, 0.000000
0.000000, 0.000000
0.000000, 0.000000
0.000000, 0.000000
0.000000, 0.000000
0.000000, 0.000000
0.000000, 0.000000
0.000000, 0.000000
0.000000, 0.000000
0.000000, 0.000000
0.000000, 0.000000
0.000000, 0.000000
0.000000, 0.000000
0.000000, 0.000000
0.000000, 0.000000
0.000000, 0.000000
0.000000, 0.000000
0.000000, 0.000000
0.000000, 0.000000
0.000000, 0.000000
0.000000, 0.000000
0.000000, 0.000000
0.000000, 0.000000
0.000000, 0.000000
0.000000, 0.000000
0.000000, 0.000000
0.000000, 0.000000
0.000000, 0.000000
0.000000, 0.000000
0.000000, 0.000000
0.000000, 0.000000
0.000000, 0.000000
0.000000, 0.000000
0.000000, 0.000000
0.000000, 0.000000
0.000000, 0.000000
0.000000, 0.000000
0.000000, 0.000000
0.000000, 0.000000
0.000000, 0.000000
0.000000, 0.000000
0.000000, 0.000000
0.000000, 0.000000
0.000000, 0.000000
0.000000, 0.000000
0.000000, 0.000000
0.000000, 0.000000
0.000000, 0.000000
0.000000, 0.000000
0.000000, 0.000000
0.000000, 0.000000
0.000000, 0.000000
0.000000, 0.000000
0.000000, 0.000000
0.000000, 0.000000
0.000000, 0.000000
0.000000, 0.000000
0.000000, 0.000000
0.000000, 0.000000
0.000000, 0.000000
0.000000, 0.000000
0.000000, 0.000000
0.000000, 0.000000
0.000000, 0.000000
0.000000, 0.000000
0.000000, 0.000000
0.000000, 0.000000
0.000000, 0.000000
0.000000, 0.000000
0.000000, 0.000000
0.000000, 0.000000
0.000000, 0.000000
0.000000, 0.000000
0.000000, 0.000000
0.000000, 0.000000
0.000000, 0.000000
0.000000, 0.000000
0.000000, 0.000000
0.000000, 0.000000
0.000000, 0.000000
0.000000, 0.000000
0.000000, 0.000000
0.000000, 0.000000
0.000000, 0.000000
0.000000, 0.000000
0.000000, 0.000000
0.000000, 0.000000
0.000000, 0.000000
0.000000, 0.000000
0.000000, 0.000000
0.000000, 0.000000
0.000000, 0.000000
0.000000, 0.000000
0.000000, 0.000000
0.000000, 0.000000
0.000000, 0.000000
0.000000, 0.000000
0.000000, 0.000000
0.000000, 0.000000
0.000000, 0.000000
0.000000, 0.000000
0.000000, 0.000000
0.000000, 0.000000
0.000000, 0.000000
0.000000, 0.000000
0.000000, 0.000000
0.010000, 0.007143
0.010000, 0.007092
0.010000, 0.007042
0.010000, 0.006993
0.010000, 0.006944
0.010000, 0.006897
0.010000, 0.006849
0.010000, 0.006803
0.010000, 0.006757
0.010000, 0.006711
0.010000, 0.006667
0.010000, 0.006623
0.010000, 0.006579
0.010000, 0.006494
0.010000, 0.006452
0.010000, 0.006410
0.010000, 0.006369
0.010000, 0.006329
0.010000, 0.006289
0.010000, 0.006250
0.010000, 0.006211
0.010000, 0.006173
0.010000, 0.006135
0.010000, 0.006098
0.010000, 0.006061
0.010000, 0.006024
0.010000, 0.005988
0.010000, 0.005952
0.010000, 0.005917
0.010000, 0.005882
0.010000, 0.005848
0.010000, 0.005814
0.010000, 0.005780
0.010000, 0.005747
0.010000, 0.005714
0.010000, 0.005682
0.010000, 0.005650
0.010000, 0.005587
0.010000, 0.005556
0.010000, 0.005525
0.010000, 0.005495
0.010000, 0.005464
0.010000, 0.005435
0.010000, 0.005405
0.010000, 0.005376
0.010000, 0.005348
0.010000, 0.005319
0.010000, 0.005291
0.010000, 0.005263
0.010000, 0.005236
0.010000, 0.005208
0.010000, 0.005181
0.010000, 0.005155
0.010000, 0.005128
0.010000, 0.005102
0.010000, 0.005076
0.010000, 0.005051
0.010000, 0.005025
0.010000, 0.005000
0.010000, 0.004975
0.010000, 0.004950
0.010000, 0.004926
0.010000, 0.004902
0.010000, 0.004878
0.010000, 0.004854
0.010000, 0.004831
0.010000, 0.004808
0.010000, 0.004785
0.010000, 0.004762
0.010000, 0.004739
0.010000, 0.004717
0.010000, 0.004695
0.010000, 0.004673
0.010000, 0.004651
0.010000, 0.004630
0.010000, 0.004608
0.010000, 0.004587
0.010000, 0.004566
0.010000, 0.004525
0.010000, 0.004505
0.010000, 0.004484
0.010000, 0.004464
0.010000, 0.004444
0.010000, 0.004425
0.010000, 0.004405
0.010000, 0.004386
0.010000, 0.004367
0.010000, 0.004348
0.010000, 0.004329
0.010000, 0.004310
0.010000, 0.004292
0.010000, 0.004255
0.010000, 0.004237
0.010000, 0.004219
0.010000, 0.004202
0.010000, 0.004184
0.010000, 0.004167
0.010000, 0.004132
0.010000, 0.004115
0.010000, 0.004098
0.010000, 0.004082
0.010000, 0.004065
0.010000, 0.004049
0.010000, 0.004032
0.010000, 0.004016
0.010000, 0.004000
0.010000, 0.003984
0.010000, 0.003968
0.010000, 0.003953
0.010000, 0.003922
0.010000, 0.003906
0.020000, 0.007782
0.020000, 0.007752
0.020000, 0.007722
0.020000, 0.007692
0.020000, 0.007663
0.020000, 0.007634
0.020000, 0.007576
0.020000, 0.007547
0.020000, 0.007519
0.020000, 0.007491
0.020000, 0.007463
0.020000, 0.007435
0.020000, 0.007407
0.020000, 0.007380
0.020000, 0.007353
0.020000, 0.007326
0.020000, 0.007299
0.020000, 0.007273
0.020000, 0.007246
0.020000, 0.007220
0.020000, 0.007194
0.020000, 0.007168
0.020000, 0.007143
0.020000, 0.007117
0.020000, 0.007092
0.020000, 0.007067
0.020000, 0.007042
0.020000, 0.007018
0.020000, 0.006993
0.020000, 0.006969
0.020000, 0.006944
0.020000, 0.006920
0.020000, 0.006897
0.020000, 0.006873
0.020000, 0.006849
0.020000, 0.006826
0.020000, 0.006803
0.020000, 0.006780
0.020000, 0.006757
0.020000, 0.006734
0.020000, 0.006711
0.020000, 0.006667
0.020000, 0.006645
0.020000, 0.006623
0.020000, 0.006601
0.020000, 0.006579
0.020000, 0.006557
0.020000, 0.006536
0.020000, 0.006515
0.020000, 0.006494
0.020000, 0.006472
0.020000, 0.006452
0.020000, 0.006431
0.020000, 0.006410
0.020000, 0.006390
0.020000, 0.006369
0.020000, 0.006349
0.020000, 0.006309
0.020000, 0.006289
0.020000, 0.006270
0.020000, 0.006250
0.020000, 0.006231
0.020000, 0.006211
0.020000, 0.006192
0.020000, 0.006173
0.020000, 0.006154
0.020000, 0.006135
0.020000, 0.006116
0.020000, 0.006098
0.020000, 0.006079
0.030000, 0.009091
0.030000, 0.009063
0.030000, 0.009009
0.030000, 0.008982
0.030000, 0.008955
0.030000, 0.008929
0.030000, 0.008902
0.030000, 0.008876
0.040000, 0.011799
0.040000, 0.011765
0.040000, 0.011730
0.040000, 0.011696
0.040000, 0.011662
0.040000, 0.011628
0.040000, 0.011594
0.040000, 0.011561
0.040000, 0.011527
0.040000, 0.011494
0.040000, 0.011461
0.040000, 0.011429
0.040000, 0.011396
0.040000, 0.011364
0.040000, 0.011331
0.040000, 0.011236
0.040000, 0.011204
0.040000, 0.011142
0.040000, 0.011111
0.040000, 0.011080
0.040000, 0.011050
0.040000, 0.011019
0.040000, 0.010989
0.040000, 0.010959
0.040000, 0.010899
0.040000, 0.010870
0.040000, 0.010840
0.040000, 0.010811
0.040000, 0.010782
0.040000, 0.010724
0.040000, 0.010695
0.040000, 0.010667
0.040000, 0.010638
0.040000, 0.010610
0.040000, 0.010582
0.040000, 0.010554
0.040000, 0.010526
0.040000, 0.010499
0.040000, 0.010471
0.040000, 0.010444
0.040000, 0.010417
0.040000, 0.010390
0.040000, 0.010363
0.040000, 0.010336
0.040000, 0.010309
0.040000, 0.010283
0.040000, 0.010256
0.040000, 0.010230
0.040000, 0.010204
0.040000, 0.010178
0.040000, 0.010152
0.040000, 0.010127
0.040000, 0.010101
0.040000, 0.010076
0.040000, 0.010050
0.040000, 0.010025
0.040000, 0.010000
0.040000, 0.009975
0.040000, 0.009950
0.040000, 0.009926
0.040000, 0.009901
0.040000, 0.009877
0.040000, 0.009852
0.040000, 0.009828
0.040000, 0.009804
0.040000, 0.009780
0.040000, 0.009756
0.040000, 0.009732
0.040000, 0.009709
0.040000, 0.009685
0.040000, 0.009662
0.040000, 0.009639
0.040000, 0.009615
0.040000, 0.009592
0.040000, 0.009547
0.040000, 0.009524
0.040000, 0.009501
0.040000, 0.009479
0.040000, 0.009456
0.040000, 0.009434
0.040000, 0.009412
0.040000, 0.009390
0.040000, 0.009368
0.040000, 0.009346
0.040000, 0.009324
0.040000, 0.009302
0.040000, 0.009281
0.040000, 0.009259
0.040000, 0.009238
0.040000, 0.009217
0.040000, 0.009195
0.040000, 0.009174
0.040000, 0.009153
0.040000, 0.009132
0.040000, 0.009112
0.040000, 0.009091
0.040000, 0.009070
0.040000, 0.009050
0.040000, 0.009029
0.040000, 0.009009
0.040000, 0.008989
0.040000, 0.008969
0.040000, 0.008949
0.040000, 0.008929
0.040000, 0.008909
0.040000, 0.008889
0.040000, 0.008869
0.040000, 0.008850
0.040000, 0.008830
0.040000, 0.008811
0.040000, 0.008791
0.040000, 0.008772
0.040000, 0.008753
0.040000, 0.008734
0.040000, 0.008715
0.040000, 0.008696
0.040000, 0.008677
0.040000, 0.008658
0.040000, 0.008639
0.040000, 0.008621
0.040000, 0.008602
0.040000, 0.008584
0.040000, 0.008565
0.040000, 0.008547
0.040000, 0.008529
0.040000, 0.008511
0.040000, 0.008493
0.040000, 0.008475
0.040000, 0.008457
0.040000, 0.008439
0.040000, 0.008421
0.040000, 0.008403
0.040000, 0.008386
0.040000, 0.008368
0.040000, 0.008351
0.040000, 0.008333
0.040000, 0.008316
0.040000, 0.008299
0.040000, 0.008247
0.040000, 0.008230
0.040000, 0.008214
0.040000, 0.008197
0.040000, 0.008163
0.040000, 0.008147
0.040000, 0.008114
0.040000, 0.008097
0.040000, 0.008081
0.040000, 0.008065
0.040000, 0.008048
0.040000, 0.008032
0.040000, 0.008000
0.040000, 0.007968
0.040000, 0.007952
0.040000, 0.007937
0.040000, 0.007921
0.040000, 0.007905
0.040000, 0.007890
0.040000, 0.007874
0.040000, 0.007843
0.040000, 0.007828
0.040000, 0.007812
0.040000, 0.007797
0.040000, 0.007782
0.040000, 0.007752
0.040000, 0.007737
0.040000, 0.007722
0.040000, 0.007707
0.040000, 0.007692
0.040000, 0.007678
0.040000, 0.007663
0.040000, 0.007648
0.040000, 0.007634
0.040000, 0.007619
0.040000, 0.007605
0.040000, 0.007576
0.040000, 0.007561
0.040000, 0.007547
0.040000, 0.007533
0.040000, 0.007519
0.040000, 0.007491
0.040000, 0.007477
0.040000, 0.007463
0.040000, 0.007449
0.040000, 0.007435
0.040000, 0.007421
0.040000, 0.007407
0.040000, 0.007394
0.040000, 0.007380
0.050000, 0.009208
0.050000, 0.009191
0.050000, 0.009174
0.050000, 0.009158
0.050000, 0.009141
0.050000, 0.009124
0.050000, 0.009107
0.050000, 0.009091
0.050000, 0.009074
0.050000, 0.009058
0.050000, 0.009042
0.050000, 0.009025
0.050000, 0.009009
0.050000, 0.008993
0.050000, 0.008977
0.050000, 0.008961
0.050000, 0.008945
0.050000, 0.008929
0.050000, 0.008913
0.050000, 0.008897
0.050000, 0.008881
0.050000, 0.008865
0.050000, 0.008850
0.050000, 0.008834
0.050000, 0.008818
0.050000, 0.008803
0.050000, 0.008787
0.050000, 0.008772
0.050000, 0.008757
0.050000, 0.008741
0.050000, 0.008726
0.050000, 0.008711
0.050000, 0.008696
0.050000, 0.008681
0.060000, 0.010399
0.060000, 0.010381
0.060000, 0.010363
0.060000, 0.010345
0.060000, 0.010327
0.060000, 0.010309
0.060000, 0.010292
0.060000, 0.010256
0.060000, 0.010239
0.060000, 0.010221
0.060000, 0.010204
0.060000, 0.010187
0.060000, 0.010152
0.060000, 0.010135
0.060000, 0.010118
0.060000, 0.010101
0.060000, 0.010084
0.060000, 0.010067
0.060000, 0.010050
0.060000, 0.010033
0.060000, 0.010017
0.060000, 0.010000
0.060000, 0.009983
0.060000, 0.009967
0.060000, 0.009934
0.060000, 0.009917
0.060000, 0.009901
0.060000, 0.009885
0.060000, 0.009868
0.070000, 0.011494
0.070000, 0.011475
0.070000, 0.011457
0.070000, 0.011438
0.070000, 0.011419
0.070000, 0.011401
0.070000, 0.011382
0.070000, 0.011364
0.070000, 0.011345
0.070000, 0.011327
0.070000, 0.011309
0.070000, 0.011290
0.070000, 0.011272
0.070000, 0.011254
0.070000, 0.011236
0.070000, 0.011218
0.070000, 0.011200
0.070000, 0.011182
0.070000, 0.011164
0.070000, 0.011146
0.070000, 0.011129
0.070000, 0.011111
0.070000, 0.011094
0.070000, 0.011076
0.070000, 0.011058
0.070000, 0.011041
0.070000, 0.011006
0.070000, 0.010989
0.070000, 0.010972
0.070000, 0.010955
0.070000, 0.010937
0.070000, 0.010920
0.070000, 0.010903
0.070000, 0.010886
0.070000, 0.010870
0.070000, 0.010853
0.070000, 0.010836
0.070000, 0.010819
0.070000, 0.010802
0.070000, 0.010769
0.070000, 0.010753
0.070000, 0.010736
0.070000, 0.010720
0.070000, 0.010687
0.070000, 0.010671
0.070000, 0.010654
0.070000, 0.010638
0.070000, 0.010622
0.070000, 0.010606
0.070000, 0.010590
0.070000, 0.010574
0.070000, 0.010558
0.070000, 0.010542
0.070000, 0.010526
0.070000, 0.010511
0.070000, 0.010495
0.070000, 0.010479
0.070000, 0.010448
0.070000, 0.010432
0.070000, 0.010401
0.070000, 0.010386
0.070000, 0.010370
0.070000, 0.010355
0.070000, 0.010340
0.070000, 0.010324
0.070000, 0.010294
0.070000, 0.010279
0.070000, 0.010264
0.070000, 0.010249
0.070000, 0.010234
0.070000, 0.010219
0.070000, 0.010189
0.070000, 0.010174
0.070000, 0.010145
0.070000, 0.010130
0.070000, 0.010116
0.070000, 0.010101
0.070000, 0.010086
0.070000, 0.010072
0.070000, 0.010057
0.070000, 0.010043
0.070000, 0.010029
0.070000, 0.010014
0.070000, 0.009986
0.070000, 0.009972
0.070000, 0.009957
0.070000, 0.009943
0.070000, 0.009929
0.070000, 0.009915
0.070000, 0.009901
0.070000, 0.009887
0.070000, 0.009873
0.070000, 0.009859
0.070000, 0.009831
0.070000, 0.009818
0.070000, 0.009804
0.070000, 0.009790
0.070000, 0.009777
0.070000, 0.009763
0.070000, 0.009749
0.070000, 0.009736
0.070000, 0.009722
0.070000, 0.009709
0.070000, 0.009695
0.070000, 0.009682
0.070000, 0.009669
0.070000, 0.009642
0.070000, 0.009615
0.070000, 0.009602
0.070000, 0.009589
0.070000, 0.009576
0.070000, 0.009563
0.070000, 0.009550
0.070000, 0.009537
0.070000, 0.009524
0.070000, 0.009511
0.080000, 0.010855
0.080000, 0.010840
0.080000, 0.010825
0.080000, 0.010811
0.080000, 0.010796
0.080000, 0.010782
0.080000, 0.010767
0.080000, 0.010753
0.080000, 0.010738
0.080000, 0.010724
0.080000, 0.010710
0.080000, 0.010695
0.080000, 0.010681
0.080000, 0.010667
0.080000, 0.010652
0.080000, 0.010638
0.080000, 0.010624
0.080000, 0.010610
0.080000, 0.010596
0.080000, 0.010582
0.080000, 0.010568
0.080000, 0.010554
0.080000, 0.010526
0.080000, 0.010512
0.080000, 0.010499
0.080000, 0.010485
0.080000, 0.010471
0.080000, 0.010458
0.080000, 0.010444
0.080000, 0.010430
0.080000, 0.010417
0.080000, 0.010403
0.080000, 0.010390
0.080000, 0.010376
0.080000, 0.010363
0.080000, 0.010349
0.080000, 0.010323
0.080000, 0.010309
0.080000, 0.010283
0.080000, 0.010270
0.080000, 0.010256
0.080000, 0.010243
0.080000, 0.010230
0.080000, 0.010217
0.080000, 0.010204
0.080000, 0.010191
0.080000, 0.010178
0.080000, 0.010165
0.080000, 0.010139
0.080000, 0.010127
0.080000, 0.010114
0.080000, 0.010101
0.080000, 0.010088
0.080000, 0.010076
0.080000, 0.010063
0.080000, 0.010050
0.080000, 0.010025
0.080000, 0.010013
0.080000, 0.010000
0.080000, 0.009988
0.080000, 0.009975
0.080000, 0.009950
0.080000, 0.009938
0.080000, 0.009926
0.080000, 0.009913
0.080000, 0.009901
0.080000, 0.009889
0.080000, 0.009877
0.080000, 0.009864
0.080000, 0.009852
0.080000, 0.009840
0.080000, 0.009828
0.080000, 0.009816
0.080000, 0.009804
0.080000, 0.009792
0.080000, 0.009780
0.080000, 0.009768
0.080000, 0.009756
0.080000, 0.009744
0.080000, 0.009732
0.080000, 0.009709
0.080000, 0.009697
0.080000, 0.009685
0.080000, 0.009674
0.080000, 0.009650
0.080000, 0.009639
0.080000, 0.009627
0.080000, 0.009615
0.080000, 0.009604
0.080000, 0.009592
0.080000, 0.009581
0.080000, 0.009569
0.080000, 0.009558
0.080000, 0.009547
0.080000, 0.009535
0.080000, 0.009524
0.080000, 0.009512
0.080000, 0.009501
0.080000, 0.009490
0.080000, 0.009479
0.080000, 0.009467
0.080000, 0.009456
0.080000, 0.009445
0.080000, 0.009423
0.080000, 0.009412
0.080000, 0.009401
0.080000, 0.009390
0.080000, 0.009379
0.080000, 0.009368
0.080000, 0.009357
0.080000, 0.009346
0.080000, 0.009335
0.080000, 0.009324
0.080000, 0.009313
0.080000, 0.009302
0.080000, 0.009292
0.080000, 0.009281
0.080000, 0.009270
0.080000, 0.009259
0.080000, 0.009249
0.080000, 0.009238
0.080000, 0.009227
0.080000, 0.009217
0.080000, 0.009206
0.080000, 0.009195
0.080000, 0.009185
0.080000, 0.009174
0.080000, 0.009164
0.080000, 0.009153
0.080000, 0.009143
0.080000, 0.009132
0.080000, 0.009122
0.080000, 0.009112
0.080000, 0.009101
0.080000, 0.009091
0.080000, 0.009081
0.080000, 0.009070
0.080000, 0.009060
0.080000, 0.009050
0.080000, 0.009040
0.080000, 0.009029
0.080000, 0.009019
0.080000, 0.009009
0.080000, 0.008999
0.080000, 0.008989
0.080000, 0.008979
0.080000, 0.008969
0.080000, 0.008959
0.080000, 0.008949
0.080000, 0.008939
0.080000, 0.008929
0.080000, 0.008919
0.080000, 0.008909
0.080000, 0.008899
0.080000, 0.008879
0.080000, 0.008869
0.080000, 0.008859
0.080000, 0.008850
0.080000, 0.008840
0.080000, 0.008830
0.080000, 0.008820
0.080000, 0.008811
0.080000, 0.008801
0.080000, 0.008791
0.080000, 0.008782
0.080000, 0.008772
0.080000, 0.008762
0.080000, 0.008753
0.080000, 0.008743
0.080000, 0.008734
0.080000, 0.008724
0.080000, 0.008715
0.080000, 0.008705
0.080000, 0.008696
0.080000, 0.008686
0.080000, 0.008677
0.080000, 0.008649
0.080000, 0.008639
0.080000, 0.008630
0.080000, 0.008621
0.080000, 0.008611
0.080000, 0.008602
0.080000, 0.008593
0.080000, 0.008584
0.080000, 0.008574
0.080000, 0.008565
0.080000, 0.008556
0.080000, 0.008547
0.080000, 0.008538
0.080000, 0.008529
0.080000, 0.008511
0.080000, 0.008502
0.080000, 0.008493
0.080000, 0.008484
0.080000, 0.008475
0.080000, 0.008466
0.080000, 0.008457
0.080000, 0.008448
0.080000, 0.008439
0.080000, 0.008430
0.080000, 0.008421
0.080000, 0.008412
0.080000, 0.008403
0.080000, 0.008395
0.080000, 0.008386
0.080000, 0.008377
0.080000, 0.008359
0.080000, 0.008351
0.080000, 0.008342
0.080000, 0.008333
0.080000, 0.008325
0.080000, 0.008316
0.080000, 0.008307
0.080000, 0.008299
0.080000, 0.008290
0.080000, 0.008282
0.080000, 0.008273
0.080000, 0.008264
0.080000, 0.008256
0.080000, 0.008247
0.080000, 0.008239
0.080000, 0.008230
0.080000, 0.008222
0.080000, 0.008214
0.080000, 0.008205
0.080000, 0.008197
0.080000, 0.008188
0.080000, 0.008172
0.080000, 0.008155
0.080000, 0.008147
0.080000, 0.008138
0.080000, 0.008122
0.080000, 0.008114
0.080000, 0.008105
0.080000, 0.008097
0.080000, 0.008081
0.080000, 0.008073
0.080000, 0.008065
0.080000, 0.008056
0.080000, 0.008048
0.080000, 0.008040
0.080000, 0.008032
0.080000, 0.008024
0.080000, 0.008016
0.080000, 0.008008
0.080000, 0.008000
0.080000, 0.007992
0.080000, 0.007984
0.080000, 0.007976
0.080000, 0.007968
0.080000, 0.007960
0.080000, 0.007952
0.080000, 0.007944
0.080000, 0.007937
0.080000, 0.007929
0.080000, 0.007913
0.080000, 0.007905
0.080000, 0.007897
0.080000, 0.007890
0.080000, 0.007882
0.080000, 0.007866
0.080000, 0.007859
0.080000, 0.007851
0.080000, 0.007843
0.080000, 0.007835
0.080000, 0.007828
0.080000, 0.007820
0.080000, 0.007812
0.080000, 0.007805
0.080000, 0.007797
0.080000, 0.007790
0.080000, 0.007782
0.080000, 0.007775
0.080000, 0.007767
0.080000, 0.007759
0.080000, 0.007752
0.080000, 0.007744
0.080000, 0.007737
0.080000, 0.007729
0.080000, 0.007722
0.080000, 0.007715
0.080000, 0.007707
0.080000, 0.007700
0.080000, 0.007692
0.080000, 0.007685
0.080000, 0.007678
0.080000, 0.007663
0.080000, 0.007656
0.080000, 0.007648
0.080000, 0.007641
0.080000, 0.007634
0.080000, 0.007626
0.080000, 0.007612
0.080000, 0.007597
0.080000, 0.007583
0.080000, 0.007576
0.080000, 0.007569
0.080000, 0.007561
0.080000, 0.007554
0.080000, 0.007547
0.080000, 0.007540
0.080000, 0.007533
0.080000, 0.007526
0.080000, 0.007519
0.080000, 0.007512
0.080000, 0.007505
0.080000, 0.007498
0.080000, 0.007491
0.080000, 0.007484
0.080000, 0.007477
0.080000, 0.007470
0.080000, 0.007463
0.080000, 0.007456
0.080000, 0.007449
0.080000, 0.007442
0.080000, 0.007435
0.080000, 0.007428
0.080000, 0.007421
0.080000, 0.007414
0.080000, 0.007407
0.080000, 0.007401
0.080000, 0.007394
0.080000, 0.007387
0.080000, 0.007380
0.080000, 0.007373
0.080000, 0.007366
0.080000, 0.007353
0.080000, 0.007346
0.080000, 0.007339
0.080000, 0.007333
0.080000, 0.007326
0.080000, 0.007319
0.080000, 0.007313
0.080000, 0.007299
0.080000, 0.007293
0.080000, 0.007286
0.080000, 0.007279
0.080000, 0.007266
0.080000, 0.007260
0.080000, 0.007253
0.080000, 0.007240
0.080000, 0.007233
0.080000, 0.007227
0.080000, 0.007214
0.080000, 0.007207
0.080000, 0.007201
0.080000, 0.007194
0.080000, 0.007188
0.080000, 0.007181
0.080000, 0.007149
0.080000, 0.007143
0.080000, 0.007136
0.080000, 0.007130
0.080000, 0.007124
0.080000, 0.007117
0.080000, 0.007111
0.080000, 0.007105
0.080000, 0.007098
0.080000, 0.007092
0.080000, 0.007086
0.080000, 0.007080
0.080000, 0.007073
0.080000, 0.007067
0.080000, 0.007061
0.080000, 0.007055
0.080000, 0.007042
0.080000, 0.007036
0.080000, 0.007030
0.080000, 0.007024
0.080000, 0.007018
0.080000, 0.007011
0.080000, 0.007005
0.080000, 0.006999
0.080000, 0.006987
0.080000, 0.006981
0.080000, 0.006975
0.080000, 0.006969
0.080000, 0.006957
0.080000, 0.006950
0.080000, 0.006944
0.080000, 0.006938
0.080000, 0.006932
0.080000, 0.006926
0.080000, 0.006920
0.080000, 0.006914
0.080000, 0.006908
0.080000, 0.006903
0.080000, 0.006897
0.080000, 0.006891
0.080000, 0.006885
0.080000, 0.006879
0.080000, 0.006873
0.090000, 0.007725
0.090000, 0.007712
0.090000, 0.007699
0.090000, 0.007692
0.090000, 0.007686
0.090000, 0.007679
0.090000, 0.007673
0.090000, 0.007666
0.090000, 0.007660
0.090000, 0.007653
0.090000, 0.007647
0.090000, 0.007640
0.090000, 0.007634
0.090000, 0.007627
0.090000, 0.007614
0.090000, 0.007608
0.090000, 0.007601
0.090000, 0.007589
0.090000, 0.007576
0.090000, 0.007563
0.090000, 0.007557
0.100000, 0.008389
0.100000, 0.008382
0.100000, 0.008375
0.100000, 0.008368
0.100000, 0.008361
0.100000, 0.008354
0.100000, 0.008347
0.100000, 0.008340
0.100000, 0.008333
0.100000, 0.008326
0.100000, 0.008319
0.100000, 0.008306
0.100000, 0.008299
0.100000, 0.008292
0.100000, 0.008285
0.100000, 0.008278
0.100000, 0.008271
0.100000, 0.008264
0.100000, 0.008258
0.100000, 0.008251
0.100000, 0.008237
0.100000, 0.008230
0.100000, 0.008224
0.100000, 0.008217
0.100000, 0.008210
0.100000, 0.008203
0.100000, 0.008197
0.100000, 0.008190
0.100000, 0.008183
0.100000, 0.008177
0.100000, 0.008170
0.100000, 0.008163
0.100000, 0.008157
0.100000, 0.008150
0.100000, 0.008143
0.100000, 0.008137
0.100000, 0.008130
0.100000, 0.008123
0.100000, 0.008117
0.100000, 0.008110
0.100000, 0.008104
0.100000, 0.008097
0.100000, 0.008091
0.100000, 0.008084
0.100000, 0.008078
0.100000, 0.008071
0.100000, 0.008065
0.100000, 0.008058
0.100000, 0.008052
0.100000, 0.008045
0.100000, 0.008039
0.100000, 0.008032
0.100000, 0.008026
0.100000, 0.008019
0.100000, 0.008013
0.100000, 0.008006
0.100000, 0.008000
0.100000, 0.007994
0.100000, 0.007987
0.100000, 0.007981
0.100000, 0.007974
0.100000, 0.007968
0.100000, 0.007962
0.100000, 0.007955
0.100000, 0.007949
0.100000, 0.007943
0.100000, 0.007937
0.100000, 0.007930
0.100000, 0.007924
0.100000, 0.007918
0.100000, 0.007911
0.100000, 0.007905
0.100000, 0.007899
0.100000, 0.007893
0.100000, 0.007886
0.100000, 0.007880
0.100000, 0.007874
0.100000, 0.007868
0.100000, 0.007862
0.100000, 0.007855
0.100000, 0.007849
0.100000, 0.007843
0.100000, 0.007831
0.100000, 0.007825
0.100000, 0.007819
0.100000, 0.007812
0.100000, 0.007806
0.100000, 0.007800
0.100000, 0.007788
0.100000, 0.007782
0.100000, 0.007776
0.100000, 0.007770
0.100000, 0.007764
0.100000, 0.007758
0.100000, 0.007752
0.100000, 0.007746
0.100000, 0.007740
0.100000, 0.007734
0.100000, 0.007728
0.100000, 0.007722
0.100000, 0.007710
0.100000, 0.007698
0.100000, 0.007692
0.100000, 0.007686
0.100000, 0.007680
0.100000, 0.007675
0.110000, 0.008429
0.110000, 0.008423
0.110000, 0.008416
0.110000, 0.008410
0.110000, 0.008403
0.110000, 0.008397
0.110000, 0.008391
0.110000, 0.008384
0.110000, 0.008378
0.110000, 0.008371
0.110000, 0.008346
0.110000, 0.008340
0.110000, 0.008327
0.110000, 0.008321
0.110000, 0.008314
0.110000, 0.008308
0.110000, 0.008289
0.110000, 0.008283
0.110000, 0.008277
0.110000, 0.008271
0.110000, 0.008264
0.110000, 0.008258
0.110000, 0.008252
0.110000, 0.008246
0.110000, 0.008240
0.110000, 0.008234
0.110000, 0.008227
0.110000, 0.008221
0.110000, 0.008215
0.110000, 0.008209
0.110000, 0.008203
0.110000, 0.008197
0.110000, 0.008191
0.110000, 0.008185
0.110000, 0.008178
0.110000, 0.008172
0.110000, 0.008166
0.110000, 0.008160
0.110000, 0.008154
0.110000, 0.008148
0.110000, 0.008142
0.110000, 0.008136
0.110000, 0.008130
0.110000, 0.008124
0.110000, 0.008118
0.110000, 0.008112
0.110000, 0.008106
0.110000, 0.008100
0.110000, 0.008094
0.110000, 0.008088
0.110000, 0.008070
0.110000, 0.008065
0.110000, 0.008059
0.110000, 0.008053
0.110000, 0.008047
0.110000, 0.008041
0.110000, 0.008035
0.110000, 0.008029
0.110000, 0.008023
0.110000, 0.008017
0.110000, 0.008012
0.110000, 0.008006
0.110000, 0.008000
0.110000, 0.007994
0.110000, 0.007983
0.110000, 0.007971
0.110000, 0.007965
0.110000, 0.007959
0.110000, 0.007954
0.110000, 0.007948
0.110000, 0.007942
0.110000, 0.007937
0.110000, 0.007931
0.110000, 0.007925
0.110000, 0.007919
0.110000, 0.007914
0.110000, 0.007908
0.110000, 0.007902
0.110000, 0.007897
0.110000, 0.007891
0.110000, 0.007885
0.110000, 0.007868
0.110000, 0.007863
0.110000, 0.007857
0.110000, 0.007852
0.110000, 0.007829
0.110000, 0.007818
0.110000, 0.007812
0.110000, 0.007807
0.110000, 0.007801
0.110000, 0.007796
0.110000, 0.007790
0.110000, 0.007785
0.110000, 0.007779
0.110000, 0.007774
0.110000, 0.007768
0.110000, 0.007763
0.110000, 0.007757
0.110000, 0.007752
0.110000, 0.007746
0.110000, 0.007741
0.110000, 0.007736
0.110000, 0.007730
0.110000, 0.007725
0.110000, 0.007719
0.110000, 0.007714
0.110000, 0.007708
0.110000, 0.007703
0.110000, 0.007698
0.110000, 0.007692
0.110000, 0.007687
0.110000, 0.007682
0.110000, 0.007676
0.110000, 0.007671
0.110000, 0.007666
0.110000, 0.007660
0.110000, 0.007655
0.110000, 0.007650
0.110000, 0.007644
0.110000, 0.007639
0.110000, 0.007634
0.110000, 0.007628
0.110000, 0.007623
0.110000, 0.007618
0.110000, 0.007612
0.110000, 0.007607
0.110000, 0.007602
0.110000, 0.007597
0.110000, 0.007591
0.120000, 0.008270
0.120000, 0.008264
0.120000, 0.008259
0.120000, 0.008253
0.120000, 0.008247
0.120000, 0.008242
0.120000, 0.008236
0.120000, 0.008230
0.120000, 0.008225
0.120000, 0.008219
0.120000, 0.008214
0.120000, 0.008208
0.120000, 0.008202
0.120000, 0.008197
0.120000, 0.008191
0.120000, 0.008186
0.120000, 0.008180
0.120000, 0.008174
0.120000, 0.008169
0.120000, 0.008163
0.120000, 0.008158
0.120000, 0.008152
0.120000, 0.008147
0.120000, 0.008141
0.120000, 0.008136
0.120000, 0.008130
0.120000, 0.008125
0.120000, 0.008119
0.120000, 0.008114
0.120000, 0.008108
0.120000, 0.008103
0.120000, 0.008097
0.120000, 0.008092
0.120000, 0.008086
0.120000, 0.008075
0.120000, 0.008065
0.120000, 0.008059
0.120000, 0.008054
0.120000, 0.008048
0.120000, 0.008043
0.120000, 0.008038
0.120000, 0.008032
0.120000, 0.008027
0.120000, 0.008021
0.120000, 0.008016
0.120000, 0.008011
0.120000, 0.008005
0.120000, 0.008000
0.120000, 0.007995
0.120000, 0.007989
0.120000, 0.007984
0.120000, 0.007979
0.120000, 0.007973
0.120000, 0.007968
0.120000, 0.007963
0.130000, 0.008621
0.140000, 0.009278
0.140000, 0.009272
0.140000, 0.009265
0.140000, 0.009259
0.140000, 0.009253
0.140000, 0.009241
0.140000, 0.009235
0.140000, 0.009229
0.140000, 0.009223
0.140000, 0.009217
0.140000, 0.009211
0.140000, 0.009204
0.140000, 0.009198
0.140000, 0.009192
0.140000, 0.009186
0.140000, 0.009180
0.140000, 0.009174
0.140000, 0.009168
0.140000, 0.009162
0.140000, 0.009150
0.140000, 0.009144
0.140000, 0.009138
0.140000, 0.009132
0.140000, 0.009126
0.140000, 0.009121
0.140000, 0.009115
0.140000, 0.009103
0.140000, 0.009097
0.140000, 0.009091
0.140000, 0.009085
0.140000, 0.009079
0.140000, 0.009073
0.140000, 0.009067
0.140000, 0.009061
0.140000, 0.009056
0.140000, 0.009050
0.140000, 0.009044
0.140000, 0.009038
0.140000, 0.009032
0.140000, 0.009026
0.140000, 0.009021
0.140000, 0.009015
0.140000, 0.009009
0.140000, 0.009003
0.140000, 0.008997
0.140000, 0.008992
0.140000, 0.008986
0.140000, 0.008980
0.140000, 0.008974
0.140000, 0.008969
0.150000, 0.009603
0.150000, 0.009597
0.150000, 0.009585
0.150000, 0.009579
0.150000, 0.009572
0.150000, 0.009566
0.150000, 0.009554
0.150000, 0.009548
0.150000, 0.009542
0.150000, 0.009536
0.150000, 0.009530
0.150000, 0.009518
0.150000, 0.009506
0.150000, 0.009500
0.150000, 0.009494
0.150000, 0.009482
0.150000, 0.009476
0.150000, 0.009464
0.150000, 0.009458
0.150000, 0.009452
0.150000, 0.009446
0.150000, 0.009434
0.150000, 0.009428
0.150000, 0.009422
0.150000, 0.009416
0.150000, 0.009410
0.150000, 0.009404
0.150000, 0.009398
0.150000, 0.009393
0.150000, 0.009387
0.150000, 0.009381
0.150000, 0.009375
0.150000, 0.009369
0.150000, 0.009363
0.150000, 0.009357
0.150000, 0.009346
0.150000, 0.009334
0.150000, 0.009328
0.150000, 0.009317
0.150000, 0.009311
0.160000, 0.009926
0.160000, 0.009919
0.160000, 0.009913
0.160000, 0.009907
0.160000, 0.009901
0.160000, 0.009889
0.160000, 0.009883
0.160000, 0.009877
0.160000, 0.009870
0.160000, 0.009864
0.160000, 0.009852
0.160000, 0.009846
0.160000, 0.009840
0.160000, 0.009834
0.160000, 0.009828
0.160000, 0.009822
0.160000, 0.009816
0.160000, 0.009804
0.160000, 0.009798
0.160000, 0.009792
0.160000, 0.009786
0.160000, 0.009780
0.160000, 0.009774
0.160000, 0.009768
0.160000, 0.009762
0.160000, 0.009756
0.160000, 0.009744
0.160000, 0.009732
0.160000, 0.009726
0.170000, 0.010328
0.170000, 0.010322
0.170000, 0.010316
0.170000, 0.010309
0.170000, 0.010303
0.170000, 0.010291
0.170000, 0.010284
0.170000, 0.010278
0.170000, 0.010266
0.170000, 0.010260
0.180000, 0.010850
0.180000, 0.010843
0.180000, 0.010837
0.180000, 0.010830
0.180000, 0.010824
0.180000, 0.010817
0.180000, 0.010811
0.180000, 0.010798
0.180000, 0.010791
0.180000, 0.010785
0.180000, 0.010778
0.180000, 0.010772
0.180000, 0.010766
0.180000, 0.010759
0.180000, 0.010753
0.180000, 0.010746
0.180000, 0.010740
0.180000, 0.010733
0.180000, 0.010721
0.180000, 0.010708
0.180000, 0.010702
0.180000, 0.010695
0.190000, 0.011276
0.190000, 0.011269
0.190000, 0.011256
0.190000, 0.011249
0.190000, 0.011243
0.190000, 0.011236
0.190000, 0.011229
0.190000, 0.011216
0.190000, 0.011209
0.190000, 0.011203
0.190000, 0.011196
0.190000, 0.011183
0.190000, 0.011176
0.190000, 0.011170
0.190000, 0.011163
0.190000, 0.011157
0.190000, 0.011150
0.190000, 0.011137
0.190000, 0.011131
0.190000, 0.011124
0.190000, 0.011118
0.190000, 0.011059
0.190000, 0.011053
0.190000, 0.011040
0.190000, 0.011034
0.190000, 0.011027
0.190000, 0.011021
0.190000, 0.011014
0.190000, 0.011008
0.190000, 0.011002
0.190000, 0.010995
0.190000, 0.010989
0.190000, 0.010983
0.190000, 0.010976
0.190000, 0.010970
0.190000, 0.010964
0.190000, 0.010957
0.190000, 0.010945
0.190000, 0.010938
0.190000, 0.010932
0.190000, 0.010926
0.190000, 0.010920
0.190000, 0.010913
0.190000, 0.010901
0.190000, 0.010894
0.190000, 0.010888
0.190000, 0.010882
0.190000, 0.010876
0.190000, 0.010870
0.190000, 0.010863
0.190000, 0.010857
0.190000, 0.010851
0.190000, 0.010845
0.190000, 0.010839
0.190000, 0.010832
0.190000, 0.010826
0.190000, 0.010820
0.190000, 0.010814
0.190000, 0.010808
0.190000, 0.010802
0.190000, 0.010789
0.190000, 0.010783
0.190000, 0.010777
0.190000, 0.010771
0.190000, 0.010765
0.190000, 0.010759
0.190000, 0.010753
0.190000, 0.010741
0.190000, 0.010728
0.190000, 0.010722
0.190000, 0.010716
0.190000, 0.010710
0.190000, 0.010704
0.190000, 0.010698
0.190000, 0.010692
0.190000, 0.010686
0.190000, 0.010680
0.190000, 0.010674
0.190000, 0.010668
0.190000, 0.010662
0.190000, 0.010656
0.190000, 0.010650
0.190000, 0.010644
0.190000, 0.010638
0.190000, 0.010632
0.190000, 0.010626
0.190000, 0.010620
0.190000, 0.010615
0.190000, 0.010609
0.190000, 0.010603
0.190000, 0.010597
0.190000, 0.010591
0.190000, 0.010585
0.190000, 0.010579
0.190000, 0.010573
0.190000, 0.010567
0.190000, 0.010561
0.190000, 0.010556
0.190000, 0.010550
0.190000, 0.010544
0.190000, 0.010538
0.190000, 0.010532
0.190000, 0.010526
0.190000, 0.010520
0.190000, 0.010515
0.190000, 0.010509
0.190000, 0.010503
0.190000, 0.010497
0.190000, 0.010491
0.190000, 0.010486
0.190000, 0.010480
0.190000, 0.010474
0.190000, 0.010468
0.190000, 0.010463
0.190000, 0.010457
0.190000, 0.010445
0.190000, 0.010440
0.190000, 0.010434
0.190000, 0.010428
0.190000, 0.010422
0.190000, 0.010417
0.190000, 0.010411
0.190000, 0.010400
0.190000, 0.010394
0.190000, 0.010388
0.190000, 0.010377
0.190000, 0.010371
0.190000, 0.010366
0.190000, 0.010360
0.190000, 0.010354
0.190000, 0.010349
0.190000, 0.010343
0.190000, 0.010337
0.190000, 0.010332
0.190000, 0.010320
0.190000, 0.010315
0.190000, 0.010309
0.190000, 0.010304
0.190000, 0.010298
0.190000, 0.010293
0.190000, 0.010287
0.190000, 0.010281
0.190000, 0.010276
0.190000, 0.010270
0.190000, 0.010265
0.190000, 0.010259
0.190000, 0.010254
0.190000, 0.010248
0.190000, 0.010243
0.190000, 0.010237
0.190000, 0.010232
0.190000, 0.010226
0.190000, 0.010221
0.190000, 0.010210
0.190000, 0.010204
0.190000, 0.010199
0.200000, 0.010730
0.200000, 0.010724
0.200000, 0.010718
0.200000, 0.010712
0.200000, 0.010707
0.200000, 0.010701
0.200000, 0.010695
0.200000, 0.010689
0.200000, 0.010684
0.200000, 0.010678
0.200000, 0.010672
0.200000, 0.010667
0.200000, 0.010661
0.200000, 0.010655
0.200000, 0.010650
0.200000, 0.010644
0.200000, 0.010638
0.200000, 0.010633
0.200000, 0.010627
0.200000, 0.010621
0.200000, 0.010616
0.200000, 0.010610
0.200000, 0.010604
0.200000, 0.010599
0.200000, 0.010593
0.200000, 0.010588
0.200000, 0.010582
0.200000, 0.010576
0.200000, 0.010571
0.200000, 0.010565
0.200000, 0.010560
0.200000, 0.010554
0.200000, 0.010549
0.200000, 0.010543
0.200000, 0.010537
0.200000, 0.010532
0.200000, 0.010526
0.200000, 0.010521
0.200000, 0.010515
0.200000, 0.010510
0.200000, 0.010504
0.200000, 0.010499
0.200000, 0.010493
0.200000, 0.010488
0.200000, 0.010482
0.200000, 0.010477
0.200000, 0.010471
0.200000, 0.010466
0.200000, 0.010460
0.210000, 0.010978
0.210000, 0.010972
0.210000, 0.010966
0.210000, 0.010960
0.210000, 0.010955
0.210000, 0.010949
0.210000, 0.010943
0.210000, 0.010937
0.210000, 0.010932
0.210000, 0.010926
0.210000, 0.010920
0.210000, 0.010915
0.210000, 0.010909
0.210000, 0.010903
0.210000, 0.010898
0.210000, 0.010892
0.210000, 0.010886
0.210000, 0.010881
0.210000, 0.010875
0.210000, 0.010870
0.210000, 0.010864
0.210000, 0.010858
0.210000, 0.010853
0.210000, 0.010847
0.210000, 0.010842
0.210000, 0.010836
0.210000, 0.010830
0.210000, 0.010819
0.210000, 0.010814
0.210000, 0.010808
0.210000, 0.010802
0.210000, 0.010797
0.210000, 0.010791
0.210000, 0.010786
0.210000, 0.010780
0.210000, 0.010775
0.210000, 0.010769
0.210000, 0.010764
0.210000, 0.010758
0.210000, 0.010753
0.210000, 0.010747
0.210000, 0.010742
0.210000, 0.010736
0.210000, 0.010731
0.210000, 0.010725
0.210000, 0.010720
0.210000, 0.010714
0.210000, 0.010709
0.210000, 0.010703
0.210000, 0.010698
0.210000, 0.010692
0.210000, 0.010687
0.210000, 0.010682
0.210000, 0.010676
0.210000, 0.010671
0.210000, 0.010665
0.210000, 0.010660
0.210000, 0.010654
0.210000, 0.010649
0.210000, 0.010644
0.210000, 0.010638
0.210000, 0.010633
0.210000, 0.010628
0.210000, 0.010622
0.210000, 0.010617
0.210000, 0.010611
0.210000, 0.010606
0.210000, 0.010601
0.210000, 0.010595
0.210000, 0.010590
0.210000, 0.010579
0.210000, 0.010574
0.210000, 0.010569
0.210000, 0.010563
0.210000, 0.010553
0.210000, 0.010547
0.210000, 0.010537
0.210000, 0.010532
0.210000, 0.010521
0.210000, 0.010516
0.210000, 0.010511
0.210000, 0.010505
0.210000, 0.010500
0.210000, 0.010495
0.210000, 0.010490
0.210000, 0.010484
0.210000, 0.010474
0.210000, 0.010469
0.210000, 0.010463
0.210000, 0.010458
0.210000, 0.010453
0.210000, 0.010448
0.210000, 0.010443
0.210000, 0.010432
0.210000, 0.010427
0.210000, 0.010422
0.210000, 0.010412
0.210000, 0.010406
0.210000, 0.010401
0.210000, 0.010396
0.210000, 0.010391
0.210000, 0.010381
0.210000, 0.010375
0.210000, 0.010370
0.210000, 0.010365
0.210000, 0.010360
0.210000, 0.010355
0.210000, 0.010345
0.210000, 0.010340
0.210000, 0.010335
0.210000, 0.010330
0.210000, 0.010324
0.210000, 0.010319
0.210000, 0.010309
0.210000, 0.010304
0.210000, 0.010299
0.210000, 0.010294
0.210000, 0.010289
0.210000, 0.010284
0.210000, 0.010279
0.210000, 0.010269
0.210000, 0.010264
0.210000, 0.010254
0.210000, 0.010244
0.210000, 0.010239
0.210000, 0.010234
0.210000, 0.010229
0.210000, 0.010224
0.210000, 0.010219
0.210000, 0.010214
0.210000, 0.010209
0.210000, 0.010204
0.210000, 0.010199
0.210000, 0.010189
0.210000, 0.010179
0.210000, 0.010174
0.210000, 0.010169
0.210000, 0.010165
0.210000, 0.010160
0.210000, 0.010155
0.210000, 0.010150
0.210000, 0.010145
0.220000, 0.010623
0.220000, 0.010618
0.220000, 0.010613
0.220000, 0.010608
0.220000, 0.010597
0.220000, 0.010592
0.220000, 0.010587
0.220000, 0.010582
0.220000, 0.010577
0.220000, 0.010567
0.220000, 0.010562
0.220000, 0.010552
0.220000, 0.010536
0.220000, 0.010531
0.220000, 0.010526
0.220000, 0.010516
0.220000, 0.010506
0.220000, 0.010496
0.230000, 0.010963
0.230000, 0.010958
0.230000, 0.010952
0.230000, 0.010942
0.230000, 0.010937
0.230000, 0.010932
0.230000, 0.010921
0.230000, 0.010916
0.230000, 0.010911
0.230000, 0.010906
0.230000, 0.010900
0.230000, 0.010895
0.230000, 0.010890
0.230000, 0.010885
0.230000, 0.010880
0.230000, 0.010875
0.230000, 0.010870
0.230000, 0.010864
0.230000, 0.010854
0.230000, 0.010849
0.230000, 0.010844
0.230000, 0.010834
0.230000, 0.010824
0.230000, 0.010818
0.230000, 0.010813
0.230000, 0.010808
0.230000, 0.010798
0.230000, 0.010793
0.230000, 0.010788
0.230000, 0.010783
0.230000, 0.010773
0.230000, 0.010768
0.230000, 0.010763
0.230000, 0.010758
0.230000, 0.010753
0.230000, 0.010748
0.230000, 0.010743
0.230000, 0.010738
0.230000, 0.010733
0.230000, 0.010728
0.230000, 0.010723
0.230000, 0.010718
0.230000, 0.010713
0.230000, 0.010708
0.230000, 0.010703
0.230000, 0.010698
0.230000, 0.010693
0.230000, 0.010688
0.230000, 0.010683
0.230000, 0.010678
0.230000, 0.010673
0.230000, 0.010668
0.230000, 0.010663
0.230000, 0.010658
0.230000, 0.010653
0.230000, 0.010643
0.230000, 0.010624
0.230000, 0.010619
0.230000, 0.010614
0.230000, 0.010609
0.230000, 0.010604
0.230000, 0.010599
0.230000, 0.010594
0.230000, 0.010584
0.230000, 0.010580
0.230000, 0.010575
0.230000, 0.010570
0.230000, 0.010565
0.230000, 0.010555
0.230000, 0.010550
0.230000, 0.010546
0.230000, 0.010541
0.230000, 0.010536
0.230000, 0.010531
0.230000, 0.010526
0.230000, 0.010522
0.230000, 0.010512
0.230000, 0.010507
0.230000, 0.010502
0.230000, 0.010497
0.230000, 0.010493
0.230000, 0.010488
0.230000, 0.010483
0.230000, 0.010478
0.230000, 0.010474
0.230000, 0.010469
0.230000, 0.010464
0.230000, 0.010459
0.230000, 0.010450
0.230000, 0.010445
0.230000, 0.010440
0.230000, 0.010436
0.230000, 0.010431
0.230000, 0.010426
0.230000, 0.010421
0.230000, 0.010417
0.230000, 0.010412
0.230000, 0.010407
0.230000, 0.010403
0.230000, 0.010398
0.230000, 0.010393
0.230000, 0.010388
0.230000, 0.010384
0.230000, 0.010379
0.230000, 0.010374
0.230000, 0.010370
0.230000, 0.010365
0.230000, 0.010360
0.230000, 0.010356
0.230000, 0.010351
0.230000, 0.010346
0.230000, 0.010342
0.230000, 0.010337
0.230000, 0.010332
0.230000, 0.010328
0.230000, 0.010323
0.230000, 0.010319
0.230000, 0.010314
0.230000, 0.010309
0.230000, 0.010305
0.230000, 0.010300
0.230000, 0.010291
0.230000, 0.010286
0.230000, 0.010282
0.230000, 0.010277
0.230000, 0.010272
0.230000, 0.010268
0.230000, 0.010263
0.230000, 0.010259
0.230000, 0.010254
0.230000, 0.010250
0.230000, 0.010245
0.230000, 0.010240
0.230000, 0.010236
0.230000, 0.010231
0.230000, 0.010227
0.230000, 0.010222
0.230000, 0.010218
0.230000, 0.010213
0.230000, 0.010209
0.230000, 0.010204
0.230000, 0.010200
0.230000, 0.010195
0.230000, 0.010191
0.230000, 0.010186
0.230000, 0.010181
0.230000, 0.010177
0.230000, 0.010172
0.230000, 0.010168
0.230000, 0.010163
0.230000, 0.010159
0.230000, 0.010155
0.230000, 0.010150
0.230000, 0.010146
0.230000, 0.010132
0.230000, 0.010128
0.230000, 0.010123
0.230000, 0.010119
0.230000, 0.010114
0.230000, 0.010110
0.230000, 0.010105
0.230000, 0.010101
0.230000, 0.010097
0.230000, 0.010092
0.230000, 0.010079
0.230000, 0.010074
0.230000, 0.010070
0.230000, 0.010066
0.230000, 0.010061
0.230000, 0.010057
0.230000, 0.010052
0.230000, 0.010048
0.230000, 0.010044
0.230000, 0.010039
0.230000, 0.010035
0.230000, 0.010031
0.230000, 0.010026
0.230000, 0.010022
0.230000, 0.010017
0.230000, 0.010013
0.230000, 0.010009
0.230000, 0.010000
0.230000, 0.009996
0.230000, 0.009991
0.230000, 0.009987
0.230000, 0.009983
0.230000, 0.009978
0.230000, 0.009974
0.230000, 0.009970
0.230000, 0.009965
0.230000, 0.009957
0.230000, 0.009952
0.230000, 0.009948
0.230000, 0.009939
0.230000, 0.009935
0.230000, 0.009931
0.230000, 0.009927
0.230000, 0.009922
0.230000, 0.009918
0.230000, 0.009914
0.230000, 0.009910
0.230000, 0.009905
0.230000, 0.009901
0.290000, 0.012452
0.290000, 0.012446
0.290000, 0.012441
0.290000, 0.012436
0.290000, 0.012430
0.290000, 0.012425
0.290000, 0.012420
0.290000, 0.012414
0.290000, 0.012409
0.290000, 0.012404
0.290000, 0.012398
0.290000, 0.012393
0.290000, 0.012383
0.290000, 0.012377
0.290000, 0.012372
0.290000, 0.012361
0.290000, 0.012356
0.290000, 0.012351
0.290000, 0.012340
0.290000, 0.012335
0.290000, 0.012330
0.290000, 0.012325
0.290000, 0.012319
0.290000, 0.012309
0.290000, 0.012304
0.290000, 0.012299
0.290000, 0.012293
0.290000, 0.012288
0.290000, 0.012283
0.290000, 0.012278
0.290000, 0.012273
0.290000, 0.012267
0.290000, 0.012262
0.290000, 0.012257
0.290000, 0.012252
0.290000, 0.012247
0.290000, 0.012241
0.290000, 0.012236
0.290000, 0.012231
0.290000, 0.012226
0.290000, 0.012221
0.290000, 0.012216
0.290000, 0.012205
0.290000, 0.012200
0.290000, 0.012195
0.290000, 0.012185
0.290000, 0.012180
0.290000, 0.012170
0.290000, 0.012164
0.290000, 0.012154
0.290000, 0.012149
0.290000, 0.012144
0.290000, 0.012139
0.290000, 0.012134
0.290000, 0.012129
0.290000, 0.012124
0.290000, 0.012119
0.290000, 0.012114
0.290000, 0.012109
0.290000, 0.012104
0.290000, 0.012093
0.290000, 0.012088
0.290000, 0.012078
0.290000, 0.012068
0.290000, 0.012063
0.290000, 0.012058
0.290000, 0.012048
0.290000, 0.012043
0.290000, 0.012038
0.290000, 0.012033
0.290000, 0.012028
0.290000, 0.012023
0.290000, 0.012018
0.290000, 0.012013
0.290000, 0.012008
0.290000, 0.012003
0.290000, 0.011998
0.290000, 0.011993
0.290000, 0.011988
0.300000, 0.012392
0.300000, 0.012386
0.300000, 0.012376
0.300000, 0.012371
0.300000, 0.012366
0.300000, 0.012361
0.300000, 0.012356
0.300000, 0.012351
0.300000, 0.012341
0.300000, 0.012336
0.300000, 0.012330
0.300000, 0.012325
0.300000, 0.012320
0.300000, 0.012315
0.300000, 0.012300
0.300000, 0.012295
0.300000, 0.012285
0.300000, 0.012275
0.300000, 0.012270
0.300000, 0.012265
0.300000, 0.012260
0.310000, 0.012658
0.310000, 0.012653
0.310000, 0.012648
0.310000, 0.012643
0.310000, 0.012638
0.310000, 0.012632
0.310000, 0.012627
0.310000, 0.012622
0.310000, 0.012617
0.310000, 0.012607
0.320000, 0.013003
0.320000, 0.012987
0.320000, 0.012976
0.320000, 0.012971
0.320000, 0.012966
0.320000, 0.012961
0.320000, 0.012955
0.320000, 0.012945
0.320000, 0.012935
0.320000, 0.012929
0.330000, 0.013323
0.330000, 0.013317
0.330000, 0.013312
0.330000, 0.013306
0.330000, 0.013296
0.330000, 0.013290
0.330000, 0.013280
0.330000, 0.013269
0.330000, 0.013264
0.330000, 0.013258
0.330000, 0.013253
0.330000, 0.013248
0.330000, 0.013242
0.330000, 0.013226
0.330000, 0.013221
0.330000, 0.013216
0.330000, 0.013211
0.330000, 0.013205
0.330000, 0.013200
0.330000, 0.013195
0.330000, 0.013184
0.330000, 0.013174
0.330000, 0.013168
0.330000, 0.013163
0.330000, 0.013153
0.330000, 0.013147
0.330000, 0.013142
0.330000, 0.013137
0.330000, 0.013126
0.330000, 0.013116
0.330000, 0.013111
0.330000, 0.013106
0.330000, 0.013100
0.330000, 0.013085
0.340000, 0.013471
0.340000, 0.013465
0.340000, 0.013455
0.340000, 0.013449
0.340000, 0.013444
0.340000, 0.013439
0.340000, 0.013433
0.340000, 0.013428
0.340000, 0.013423
0.340000, 0.013418
0.340000, 0.013412
0.340000, 0.013407
0.340000, 0.013402
0.340000, 0.013396
0.340000, 0.013391
0.340000, 0.013386
0.340000, 0.013381
0.340000, 0.013375
0.340000, 0.013370
0.340000, 0.013365
0.340000, 0.013360
0.340000, 0.013354
0.340000, 0.013349
0.340000, 0.013344
0.340000, 0.013339
0.340000, 0.013333
0.340000, 0.013328
0.340000, 0.013323
0.340000, 0.013318
0.340000, 0.013312
0.340000, 0.013307
0.340000, 0.013302
0.340000, 0.013297
0.340000, 0.013292
0.340000, 0.013286
0.340000, 0.013281
0.340000, 0.013276
0.340000, 0.013271
0.340000, 0.013266
0.340000, 0.013261
0.340000, 0.013255
0.340000, 0.013250
0.340000, 0.013245
0.800000, 0.030604
0.800000, 0.030593
0.810000, 0.030963
0.810000, 0.030951
0.810000, 0.030940
0.810000, 0.030928
0.810000, 0.030916
0.810000, 0.030904
0.810000, 0.030892
0.810000, 0.030881
0.810000, 0.030869
0.810000, 0.030857
0.810000, 0.030845
0.810000, 0.030834
0.810000, 0.030822
0.810000, 0.030810
0.810000, 0.030798
0.810000, 0.030787
0.810000, 0.030775
0.810000, 0.030763
0.810000, 0.030752
0.810000, 0.030740
0.810000, 0.030728
0.810000, 0.030717
0.810000, 0.030705
0.810000, 0.030693
0.810000, 0.030670
0.810000, 0.030647
0.810000, 0.030635
0.810000, 0.030624
0.810000, 0.030612
0.810000, 0.030601
0.810000, 0.030589
0.810000, 0.030578
0.810000, 0.030566
0.810000, 0.030555
0.810000, 0.030543
0.810000, 0.030531
0.810000, 0.030520
0.810000, 0.030508
0.810000, 0.030497
0.810000, 0.030486
0.810000, 0.030474
0.810000, 0.030463
0.810000, 0.030451
0.810000, 0.030440
0.810000, 0.030417
0.810000, 0.030405
0.810000, 0.030394
0.810000, 0.030383
0.810000, 0.030360
0.810000, 0.030348
0.810000, 0.030337
0.810000, 0.030326
0.810000, 0.030303
0.810000, 0.030292
0.810000, 0.030280
0.810000, 0.030269
0.810000, 0.030258
0.810000, 0.030246
0.810000, 0.030235
0.810000, 0.030224
0.810000, 0.030213
0.810000, 0.030190
0.810000, 0.030179
0.810000, 0.030156
0.810000, 0.030145
0.810000, 0.030134
0.810000, 0.030123
0.810000, 0.030112
0.810000, 0.030100
0.810000, 0.030089
0.810000, 0.030078
0.810000, 0.030056
0.810000, 0.030045
0.810000, 0.030033
0.810000, 0.030022
0.810000, 0.030011
0.810000, 0.030000
0.810000, 0.029989
0.810000, 0.029978
0.810000, 0.029967
0.810000, 0.029945
0.810000, 0.029933
0.810000, 0.029911
0.810000, 0.029889
0.820000, 0.030236
0.820000, 0.030225
0.820000, 0.030214
0.820000, 0.030203
0.820000, 0.030191
0.820000, 0.030180
0.820000, 0.030169
0.820000, 0.030158
0.820000, 0.030147
0.820000, 0.030136
0.820000, 0.030125
0.820000, 0.030114
0.820000, 0.030103
0.820000, 0.030092
0.820000, 0.030081
0.820000, 0.030059
0.820000, 0.030048
0.820000, 0.030026
0.820000, 0.030015
0.820000, 0.029993
0.820000, 0.029982
0.820000, 0.029971
0.820000, 0.029960
0.820000, 0.029949
0.820000, 0.029927
0.820000, 0.029916
0.820000, 0.029905
0.820000, 0.029894
0.820000, 0.029883
0.820000, 0.029872
0.820000, 0.029862
0.820000, 0.029851
0.820000, 0.029840
0.820000, 0.029829
0.820000, 0.029818
0.820000, 0.029807
0.820000, 0.029797
0.820000, 0.029786
0.820000, 0.029775
0.820000, 0.029764
0.820000, 0.029753
0.820000, 0.029742
0.820000, 0.029732
0.820000, 0.029721
0.820000, 0.029710
0.820000, 0.029689
0.820000, 0.029678
0.820000, 0.029667
0.820000, 0.029656
0.820000, 0.029646
0.820000, 0.029635
0.820000, 0.029624
0.820000, 0.029603
0.820000, 0.029592
0.820000, 0.029582
0.820000, 0.029571
0.820000, 0.029560
0.820000, 0.029528
0.820000, 0.029518
0.820000, 0.029507
0.820000, 0.029496
0.820000, 0.029486
0.820000, 0.029475
0.820000, 0.029465
0.820000, 0.029454
0.820000, 0.029443
0.820000, 0.029433
0.820000, 0.029412
0.830000, 0.029760
0.830000, 0.029749
0.840000, 0.030086
0.840000, 0.030064
0.840000, 0.030043
0.840000, 0.030032
0.840000, 0.030021
0.840000, 0.030011
0.840000, 0.030000
0.840000, 0.029989
0.840000, 0.029979
0.840000, 0.029968
0.840000, 0.029957
0.840000, 0.029947
0.840000, 0.029936
0.840000, 0.029925
0.840000, 0.029915
0.840000, 0.029904
0.840000, 0.029893
0.840000, 0.029883
0.840000, 0.029872
0.840000, 0.029861
0.840000, 0.029851
0.840000, 0.029840
0.840000, 0.029830
0.840000, 0.029819
0.840000, 0.029808
0.840000, 0.029798
0.840000, 0.029787
0.840000, 0.029777
0.850000, 0.030120
0.850000, 0.030099
0.850000, 0.030088
0.850000, 0.030078
0.850000, 0.030057
0.850000, 0.030046
0.850000, 0.030035
0.850000, 0.030025
0.850000, 0.030014
0.850000, 0.030004
0.850000, 0.029972
0.850000, 0.029961
0.850000, 0.029951
0.850000, 0.029930
0.850000, 0.029909
0.850000, 0.029887
0.850000, 0.029877
0.850000, 0.029866
0.850000, 0.029856
0.850000, 0.029846
0.850000, 0.029835
0.850000, 0.029825
0.850000, 0.029814
0.850000, 0.029804
0.850000, 0.029793
0.850000, 0.029783
0.850000, 0.029762
0.850000, 0.029751
0.850000, 0.029741
0.850000, 0.029720
0.850000, 0.029710
0.850000, 0.029689
0.850000, 0.029679
0.850000, 0.029668
0.850000, 0.029658
0.850000, 0.029648
0.850000, 0.029637
0.850000, 0.029627
0.850000, 0.029617
0.850000, 0.029606
0.850000, 0.029586
0.850000, 0.029576
0.850000, 0.029565
0.850000, 0.029555
0.850000, 0.029545
0.850000, 0.029534
0.850000, 0.029524
0.850000, 0.029514
0.850000, 0.029504
0.850000, 0.029493
0.850000, 0.029483
0.850000, 0.029463
0.850000, 0.029453
0.850000, 0.029442
0.850000, 0.029432
0.850000, 0.029422
0.850000, 0.029412
0.850000, 0.029402
0.850000, 0.029391
0.850000, 0.029381
0.850000, 0.029371
0.850000, 0.029361
0.850000, 0.029351
0.850000, 0.029341
0.850000, 0.029331
0.850000, 0.029310
0.850000, 0.029300
0.850000, 0.029290
0.850000, 0.029280
0.850000, 0.029270
0.850000, 0.029260
0.850000, 0.029250
0.850000, 0.029240
0.850000, 0.029230
0.850000, 0.029220
0.850000, 0.029210
0.850000, 0.029200
0.850000, 0.029190
0.850000, 0.029180
0.850000, 0.029170
0.850000, 0.029160
0.850000, 0.029150
0.850000, 0.029130
0.850000, 0.029120
0.850000, 0.029110
0.850000, 0.029100
0.850000, 0.029080
0.860000, 0.029402
0.860000, 0.029382
0.860000, 0.029372
0.860000, 0.029362
0.860000, 0.029352
0.860000, 0.029342
0.860000, 0.029332
0.860000, 0.029322
0.860000, 0.029312
0.860000, 0.029302
0.860000, 0.029292
0.860000, 0.029282
0.860000, 0.029272
0.860000, 0.029252
0.860000, 0.029242
0.860000, 0.029232
0.860000, 0.029222
0.860000, 0.029212
0.860000, 0.029202
0.860000, 0.029192
0.860000, 0.029182
0.860000, 0.029172
0.860000, 0.029153
0.860000, 0.029143
0.860000, 0.029133
0.860000, 0.029123
0.860000, 0.029113
0.860000, 0.029103
0.860000, 0.029093
0.860000, 0.029084
0.860000, 0.029074
0.860000, 0.029064
0.860000, 0.029044
0.860000, 0.029034
0.860000, 0.029025
0.860000, 0.029015
0.860000, 0.028995
0.860000, 0.028976
0.860000, 0.028966
0.860000, 0.028956
0.860000, 0.028946
0.860000, 0.028937
0.860000, 0.028927
0.860000, 0.028917
0.860000, 0.028908
0.860000, 0.028898
0.860000, 0.028888
0.860000, 0.028878
0.860000, 0.028869
0.860000, 0.028859
0.860000, 0.028849
0.860000, 0.028840
0.860000, 0.028830
0.860000, 0.028820
0.860000, 0.028811
0.860000, 0.028801
0.860000, 0.028791
0.860000, 0.028782
0.860000, 0.028772
0.860000, 0.028763
0.860000, 0.028753
0.860000, 0.028724
0.860000, 0.028715
0.860000, 0.028705
0.860000, 0.028695
0.860000, 0.028686
0.870000, 0.029000
0.870000, 0.028990
0.870000, 0.028981
0.870000, 0.028971
0.870000, 0.028961
0.870000, 0.028952
0.870000, 0.028932
0.870000, 0.028923
0.870000, 0.028913
0.870000, 0.028904
0.870000, 0.028894
0.870000, 0.028884
0.870000, 0.028875
0.870000, 0.028865
0.870000, 0.028856
0.870000, 0.028846
0.870000, 0.028837
0.870000, 0.028827
0.870000, 0.028817
0.870000, 0.028808
0.870000, 0.028789
0.870000, 0.028779
0.870000, 0.028770
0.870000, 0.028760
0.870000, 0.028741
0.870000, 0.028732
0.870000, 0.028722
0.870000, 0.028713
0.870000, 0.028703
0.870000, 0.028694
0.870000, 0.028684
0.870000, 0.028675
0.870000, 0.028666
0.870000, 0.028656
0.870000, 0.028647
0.870000, 0.028637
0.870000, 0.028618
0.870000, 0.028609
0.870000, 0.028600
0.870000, 0.028590
0.870000, 0.028571
0.870000, 0.028562
0.870000, 0.028553
0.870000, 0.028543
0.870000, 0.028534
0.870000, 0.028525
0.870000, 0.028515
0.870000, 0.028497
0.870000, 0.028487
0.870000, 0.028478
0.870000, 0.028469
0.870000, 0.028459
0.870000, 0.028450
0.870000, 0.028431
0.870000, 0.028422
0.870000, 0.028413
0.870000, 0.028404
0.870000, 0.028394
0.870000, 0.028376
0.870000, 0.028357
0.870000, 0.028339
0.870000, 0.028330
0.870000, 0.028320
0.870000, 0.028311
0.870000, 0.028293
0.870000, 0.028283
0.870000, 0.028274
0.870000, 0.028256
0.870000, 0.028247
0.870000, 0.028228
0.870000, 0.028210
0.870000, 0.028201
0.870000, 0.028183
0.870000, 0.028174
0.870000, 0.028164
0.870000, 0.028155
0.870000, 0.028146
0.870000, 0.028137
0.870000, 0.028128
0.870000, 0.028110
0.870000, 0.028101
0.870000, 0.028083
0.870000, 0.028074
0.870000, 0.028065
0.870000, 0.028055
0.870000, 0.028046
0.870000, 0.028037
0.870000, 0.028028
0.870000, 0.028019
0.870000, 0.028010
0.870000, 0.028001
0.870000, 0.027992
0.870000, 0.027983
0.870000, 0.027974
0.870000, 0.027965
0.870000, 0.027956
0.870000, 0.027947
0.870000, 0.027938
0.870000, 0.027920
0.870000, 0.027911
0.870000, 0.027903
0.870000, 0.027894
0.870000, 0.027876
0.870000, 0.027867
0.870000, 0.027858
0.870000, 0.027849
0.870000, 0.027840
0.870000, 0.027831
0.870000, 0.027822
0.870000, 0.027813
0.870000, 0.027804
0.870000, 0.027787
0.870000, 0.027751
0.870000, 0.027742
0.870000, 0.027716
0.870000, 0.027698
0.870000, 0.027689
0.870000, 0.027681
0.870000, 0.027672
0.870000, 0.027663
0.870000, 0.027654
0.880000, 0.027963
0.880000, 0.027954
0.880000, 0.027945
0.880000, 0.027937
0.880000, 0.027928
0.880000, 0.027919
0.880000, 0.027910
0.880000, 0.027901
0.880000, 0.027892
0.880000, 0.027883
0.880000, 0.027857
0.880000, 0.027848
0.880000, 0.027839
0.880000, 0.027830
0.880000, 0.027822
0.880000, 0.027813
0.880000, 0.027804
0.880000, 0.027795
0.880000, 0.027787
0.880000, 0.027769
0.880000, 0.027760
0.880000, 0.027734
0.880000, 0.027725
0.880000, 0.027708
0.880000, 0.027690
0.880000, 0.027673
0.880000, 0.027664
0.880000, 0.027656
0.880000, 0.027647
0.880000, 0.027638
0.880000, 0.027630
0.880000, 0.027621
0.880000, 0.027612
0.880000, 0.027586
0.880000, 0.027569
0.880000, 0.027560
0.880000, 0.027552
0.880000, 0.027534
0.880000, 0.027526
0.880000, 0.027517
0.880000, 0.027509
0.880000, 0.027500
0.880000, 0.027491
0.880000, 0.027483
0.880000, 0.027466
0.880000, 0.027457
0.880000, 0.027449
0.880000, 0.027440
0.880000, 0.027431
0.880000, 0.027423
0.880000, 0.027414
0.880000, 0.027406
0.880000, 0.027397
0.880000, 0.027389
0.880000, 0.027380
0.880000, 0.027372
0.880000, 0.027363
0.880000, 0.027355
0.880000, 0.027338
0.880000, 0.027329
0.880000, 0.027321
0.880000, 0.027312
0.880000, 0.027304
0.880000, 0.027295
0.880000, 0.027287
0.880000, 0.027278
0.880000, 0.027270
0.880000, 0.027261
0.880000, 0.027253
0.880000, 0.027245
0.880000, 0.027236
0.880000, 0.027228
0.880000, 0.027219
0.880000, 0.027211
0.880000, 0.027202
0.880000, 0.027194
0.880000, 0.027186
0.880000, 0.027177
0.880000, 0.027169
0.880000, 0.027160
0.880000, 0.027152
0.880000, 0.027144
0.880000, 0.027135
0.880000, 0.027127
0.880000, 0.027119
0.880000, 0.027110
0.880000, 0.027102
0.880000, 0.027094
0.880000, 0.027085
0.880000, 0.027077
0.880000, 0.027069
0.880000, 0.027060
0.880000, 0.027052
0.880000, 0.027044
0.880000, 0.027035
0.880000, 0.027027
0.880000, 0.027019
0.880000, 0.027010
0.880000, 0.027002
0.880000, 0.026994
0.880000, 0.026986
0.880000, 0.026977
0.880000, 0.026969
0.880000, 0.026961
0.880000, 0.026953
0.880000, 0.026944
0.880000, 0.026936
0.880000, 0.026928
0.880000, 0.026920
0.880000, 0.026911
0.880000, 0.026903
0.880000, 0.026895
0.880000, 0.026887
0.880000, 0.026878
0.880000, 0.026870
0.880000, 0.026862
0.880000, 0.026854
0.880000, 0.026846
0.880000, 0.026837
0.880000, 0.026829
0.880000, 0.026821
0.880000, 0.026813
0.880000, 0.026805
0.880000, 0.026797
0.880000, 0.026788
0.880000, 0.026780
0.880000, 0.026772
0.880000, 0.026764
0.880000, 0.026756
0.880000, 0.026748
0.880000, 0.026740
0.880000, 0.026731
0.880000, 0.026723
0.880000, 0.026715
0.880000, 0.026707
0.880000, 0.026699
0.880000, 0.026691
0.880000, 0.026683
0.880000, 0.026675
0.880000, 0.026667
0.880000, 0.026659
0.880000, 0.026651
0.880000, 0.026642
0.880000, 0.026634
0.880000, 0.026626
0.880000, 0.026618
0.880000, 0.026610
0.880000, 0.026602
0.880000, 0.026594
0.880000, 0.026586
0.880000, 0.026578
0.880000, 0.026570
0.880000, 0.026562
0.880000, 0.026554
0.880000, 0.026546
0.880000, 0.026538
0.880000, 0.026530
0.880000, 0.026522
0.880000, 0.026514
0.880000, 0.026506
0.880000, 0.026498
0.880000, 0.026490
0.880000, 0.026482
0.880000, 0.026474
0.880000, 0.026466
0.880000, 0.026458
0.880000, 0.026450
0.880000, 0.026442
0.880000, 0.026434
0.880000, 0.026426
0.880000, 0.026418
0.880000, 0.026411
0.880000, 0.026403
0.880000, 0.026395
0.890000, 0.026687
0.890000, 0.026679
0.890000, 0.026671
0.890000, 0.026663
0.890000, 0.026655
0.890000, 0.026647
0.890000, 0.026639
0.890000, 0.026631
0.890000, 0.026623
0.890000, 0.026615
0.890000, 0.026607
0.890000, 0.026599
0.890000, 0.026591
0.890000, 0.026583
0.890000, 0.026575
0.890000, 0.026567
0.890000, 0.026559
0.890000, 0.026551
0.890000, 0.026543
0.890000, 0.026535
0.890000, 0.026528
0.890000, 0.026520
0.890000, 0.026512
0.890000, 0.026504
0.890000, 0.026496
0.890000, 0.026488
0.890000, 0.026480
0.890000, 0.026472
0.890000, 0.026464
0.890000, 0.026457
0.890000, 0.026449
0.890000, 0.026441
0.890000, 0.026433
0.890000, 0.026425
0.890000, 0.026417
0.890000, 0.026409
0.890000, 0.026402
0.890000, 0.026394
0.890000, 0.026386
0.890000, 0.026378
0.890000, 0.026370
0.890000, 0.026363
0.890000, 0.026355
0.890000, 0.026347
0.890000, 0.026339
0.890000, 0.026331
0.890000, 0.026324
0.890000, 0.026316
0.890000, 0.026308
0.890000, 0.026292
0.890000, 0.026285
0.890000, 0.026277
0.890000, 0.026269
0.890000, 0.026261
0.890000, 0.026254
0.890000, 0.026246
0.890000, 0.026238
0.890000, 0.026230
0.890000, 0.026223
0.890000, 0.026215
0.890000, 0.026207
0.890000, 0.026200
0.890000, 0.026192
0.890000, 0.026176
0.890000, 0.026169
0.890000, 0.026161
0.890000, 0.026153
0.890000, 0.026146
0.900000, 0.026432
0.900000, 0.026424
0.900000, 0.026416
0.900000, 0.026408
0.900000, 0.026401
0.900000, 0.026393
0.900000, 0.026385
0.900000, 0.026377
0.900000, 0.026370
0.900000, 0.026362
0.900000, 0.026354
0.900000, 0.026347
0.900000, 0.026339
0.900000, 0.026331
0.900000, 0.026323
0.900000, 0.026316
0.900000, 0.026308
0.900000, 0.026300
0.900000, 0.026293
0.900000, 0.026285
0.900000, 0.026277
0.900000, 0.026270
0.900000, 0.026262
0.900000, 0.026254
0.900000, 0.026247
0.900000, 0.026239
0.900000, 0.026231
0.900000, 0.026224
0.900000, 0.026216
0.900000, 0.026209
0.900000, 0.026201
0.900000, 0.026193
0.900000, 0.026186
0.900000, 0.026178
0.900000, 0.026170
0.900000, 0.026163
0.900000, 0.026155
0.900000, 0.026148
0.900000, 0.026140
0.900000, 0.026132
0.900000, 0.026125
0.900000, 0.026117
0.900000, 0.026110
0.900000, 0.026102
0.900000, 0.026095
0.900000, 0.026087
0.900000, 0.026079
0.900000, 0.026072
0.900000, 0.026064
0.900000, 0.026057
0.900000, 0.026049
0.900000, 0.026042
0.900000, 0.026034
0.900000, 0.026027
0.900000, 0.026019
0.900000, 0.026012
0.900000, 0.026004
0.900000, 0.025997
0.900000, 0.025989
0.900000, 0.025982
0.900000, 0.025974
0.900000, 0.025967
0.900000, 0.025959
0.900000, 0.025952
0.900000, 0.025944
0.900000, 0.025937
0.900000, 0.025929
0.900000, 0.025922
0.900000, 0.025914
0.900000, 0.025907
0.900000, 0.025899
0.900000, 0.025892
0.900000, 0.025884
0.900000, 0.025870
0.900000, 0.025862
0.900000, 0.025855
0.900000, 0.025847
0.900000, 0.025840
0.900000, 0.025832
0.900000, 0.025825
0.900000, 0.025818
0.900000, 0.025810
0.900000, 0.025803
0.900000, 0.025795
0.900000, 0.025788
0.900000, 0.025781
0.900000, 0.025773
0.900000, 0.025766
0.900000, 0.025758
0.900000, 0.025751
0.900000, 0.025744
0.900000, 0.025736
0.900000, 0.025729
0.900000, 0.025722
0.900000, 0.025714
0.900000, 0.025707
0.900000, 0.025700
0.900000, 0.025692
0.900000, 0.025685
0.900000, 0.025678
0.900000, 0.025670
0.900000, 0.025663
0.900000, 0.025648
0.900000, 0.025641
0.900000, 0.025634
0.900000, 0.025626
0.900000, 0.025619
0.900000, 0.025612
0.900000, 0.025605
0.900000, 0.025597
0.900000, 0.025590
0.900000, 0.025583
0.900000, 0.025568
0.900000, 0.025554
0.900000, 0.025546
0.900000, 0.025539
0.900000, 0.025532
0.900000, 0.025525
0.900000, 0.025517
0.900000, 0.025510
0.900000, 0.025503
0.900000, 0.025496
0.900000, 0.025489
0.900000, 0.025481
0.900000, 0.025474
0.900000, 0.025467
0.900000, 0.025460
0.900000, 0.025452
0.900000, 0.025445
0.900000, 0.025438
0.900000, 0.025424
0.900000, 0.025417
0.900000, 0.025409
0.900000, 0.025402
0.900000, 0.025395
0.900000, 0.025388
0.900000, 0.025381
0.900000, 0.025374
0.900000, 0.025366
0.900000, 0.025359
0.900000, 0.025352
0.900000, 0.025345
0.900000, 0.025338
0.900000, 0.025331
0.900000, 0.025324
0.900000, 0.025316
0.900000, 0.025309
0.900000, 0.025302
0.900000, 0.025295
0.900000, 0.025288
0.900000, 0.025281
0.900000, 0.025274
0.900000, 0.025267
0.900000, 0.025260
0.900000, 0.025253
0.900000, 0.025245
0.900000, 0.025238
0.900000, 0.025231
0.900000, 0.025224
0.900000, 0.025217
0.900000, 0.025210
0.900000, 0.025203
0.900000, 0.025196
0.900000, 0.025189
0.900000, 0.025182
0.900000, 0.025175
0.900000, 0.025168
0.900000, 0.025161
0.900000, 0.025154
0.900000, 0.025147
0.900000, 0.025140
0.900000, 0.025133
0.900000, 0.025126
0.900000, 0.025119
0.900000, 0.025112
0.900000, 0.025105
0.900000, 0.025098
0.900000, 0.025091
0.900000, 0.025084
0.900000, 0.025077
0.900000, 0.025070
0.900000, 0.025063
0.900000, 0.025042
0.900000, 0.025035
0.900000, 0.025028
0.900000, 0.025021
0.900000, 0.025014
0.900000, 0.025007
0.900000, 0.025000
0.900000, 0.024993
0.900000, 0.024986
0.900000, 0.024979
0.900000, 0.024972
0.900000, 0.024965
0.900000, 0.024958
0.900000, 0.024951
0.900000, 0.024945
0.900000, 0.024938
0.900000, 0.024931
0.900000, 0.024924
0.900000, 0.024917
0.900000, 0.024910
0.900000, 0.024903
0.900000, 0.024896
0.900000, 0.024889
0.900000, 0.024882
0.900000, 0.024876
0.900000, 0.024869
0.900000, 0.024862
0.900000, 0.024855
0.900000, 0.024848
0.900000, 0.024841
0.900000, 0.024834
0.900000, 0.024828
0.900000, 0.024821
0.900000, 0.024814
0.900000, 0.024807
0.900000, 0.024800
0.900000, 0.024793
0.900000, 0.024787
0.900000, 0.024780
0.900000, 0.024773
0.900000, 0.024766
0.900000, 0.024759
0.900000, 0.024752
0.900000, 0.024746
0.900000, 0.024739
0.900000, 0.024732
0.900000, 0.024725
0.900000, 0.024718
0.900000, 0.024705
0.900000, 0.024698
0.900000, 0.024691
0.900000, 0.024685
0.900000, 0.024678
0.900000, 0.024671
0.900000, 0.024664
0.900000, 0.024658
0.900000, 0.024651
0.900000, 0.024644
0.900000, 0.024637
0.900000, 0.024631
0.900000, 0.024624
0.900000, 0.024617
0.900000, 0.024610
0.900000, 0.024604
0.900000, 0.024597
0.900000, 0.024590
0.900000, 0.024583
0.900000, 0.024577
0.900000, 0.024570
0.900000, 0.024563
0.900000, 0.024557
0.900000, 0.024550
0.900000, 0.024543
0.900000, 0.024537
0.900000, 0.024530
0.900000, 0.024523
0.900000, 0.024516
0.900000, 0.024510
0.900000, 0.024503
0.900000, 0.024496
0.900000, 0.024490
0.900000, 0.024483
0.900000, 0.024476
0.900000, 0.024470
0.900000, 0.024463
0.900000, 0.024457
0.900000, 0.024450
0.900000, 0.024443
0.900000, 0.024437
0.900000, 0.024430
0.900000, 0.024423
0.900000, 0.024417
0.900000, 0.024410
0.900000, 0.024403
0.900000, 0.024397
0.900000, 0.024390
0.900000, 0.024384
0.900000, 0.024377
0.900000, 0.024370
0.900000, 0.024364
0.900000, 0.024357
0.900000, 0.024351
0.900000, 0.024344
0.900000, 0.024337
0.900000, 0.024331
0.900000, 0.024324
0.900000, 0.024318
0.900000, 0.024311
0.900000, 0.024305
0.900000, 0.024298
0.900000, 0.024291
0.900000, 0.024285
0.900000, 0.024278
0.900000, 0.024272
0.900000, 0.024265
0.900000, 0.024259
0.900000, 0.024252
0.900000, 0.024246
0.900000, 0.024239
0.900000, 0.024233
0.900000, 0.024226
0.900000, 0.024220
0.900000, 0.024213
0.900000, 0.024207
0.900000, 0.024200
0.900000, 0.024194
0.900000, 0.024187
0.900000, 0.024181
0.900000, 0.024174
0.900000, 0.024168
0.900000, 0.024161
0.900000, 0.024155
0.900000, 0.024148
0.900000, 0.024142
0.900000, 0.024135
0.900000, 0.024129
0.900000, 0.024122
0.900000, 0.024109
0.900000, 0.024103
0.900000, 0.024096
0.900000, 0.024090
0.900000, 0.024083
0.900000, 0.024077
0.900000, 0.024071
0.900000, 0.024064
0.900000, 0.024058
0.900000, 0.024051
0.900000, 0.024045
0.900000, 0.024032
0.900000, 0.024026
0.900000, 0.024019
0.900000, 0.024013
0.900000, 0.024006
0.900000, 0.024000
0.900000, 0.023994
0.900000, 0.023987
0.900000, 0.023981
0.900000, 0.023974
0.900000, 0.023968
0.900000, 0.023962
0.900000, 0.023955
0.900000, 0.023949
0.900000, 0.023936
0.900000, 0.023930
0.900000, 0.023923
0.900000, 0.023917
0.900000, 0.023911
0.900000, 0.023904
0.900000, 0.023898
0.900000, 0.023892
0.900000, 0.023885
0.900000, 0.023879
0.900000, 0.023873
0.900000, 0.023866
0.900000, 0.023860
0.900000, 0.023854
0.900000, 0.023847
0.900000, 0.023841
0.900000, 0.023835
0.900000, 0.023828
0.900000, 0.023822
0.900000, 0.023816
0.900000, 0.023810
0.900000, 0.023803
0.900000, 0.023797
0.900000, 0.023791
0.900000, 0.023778
0.900000, 0.023766
0.900000, 0.023759
0.900000, 0.023753
0.900000, 0.023747
0.900000, 0.023740
0.900000, 0.023734
0.900000, 0.023728
0.900000, 0.023722
0.900000, 0.023715
0.900000, 0.023709
0.900000, 0.023703
0.900000, 0.023697
0.900000, 0.023690
0.900000, 0.023684
0.900000, 0.023678
0.900000, 0.023672
0.900000, 0.023666
0.900000, 0.023659
0.900000, 0.023647
0.900000, 0.023641
0.900000, 0.023634
0.900000, 0.023628
0.900000, 0.023622
0.900000, 0.023616
0.900000, 0.023610
0.900000, 0.023603
0.900000, 0.023597
0.900000, 0.023591
0.900000, 0.023585
0.900000, 0.023579
0.900000, 0.023573
0.900000, 0.023566
0.900000, 0.023560
0.900000, 0.023554
0.900000, 0.023548
0.900000, 0.023542
0.900000, 0.023536
0.900000, 0.023529
0.900000, 0.023523
0.900000, 0.023517
0.900000, 0.023511
0.900000, 0.023505
0.900000, 0.023499
0.900000, 0.023493
0.900000, 0.023486
0.900000, 0.023480
0.900000, 0.023474
0.900000, 0.023468
0.900000, 0.023462
0.900000, 0.023456
0.900000, 0.023450
0.900000, 0.023444
0.900000, 0.023438
0.900000, 0.023431
0.900000, 0.023425
0.900000, 0.023419
0.900000, 0.023413
0.900000, 0.023407
0.900000, 0.023401
0.900000, 0.023395
0.900000, 0.023389
0.900000, 0.023383
0.900000, 0.023377
0.900000, 0.023371
0.900000, 0.023364
0.900000, 0.023358
0.900000, 0.023352
0.900000, 0.023346
0.900000, 0.023340
0.900000, 0.023334
0.900000, 0.023328
0.900000, 0.023322
0.900000, 0.023316
0.900000, 0.023310
0.900000, 0.023304
0.900000, 0.023298
0.900000, 0.023292
0.900000, 0.023286
0.900000, 0.023280
0.900000, 0.023274
0.900000, 0.023268
0.900000, 0.023262
0.900000, 0.023256
0.900000, 0.023250
0.900000, 0.023244
0.900000, 0.023238
0.900000, 0.023232
0.900000, 0.023226
0.900000, 0.023220
0.900000, 0.023214
0.900000, 0.023208
0.900000, 0.023202
0.900000, 0.023196
0.900000, 0.023190
0.900000, 0.023184
0.900000, 0.023178
0.900000, 0.023172
0.900000, 0.023166
0.900000, 0.023160
0.900000, 0.023148
0.900000, 0.023136
0.900000, 0.023118
0.900000, 0.023089
0.900000, 0.023077
0.900000, 0.023071
0.900000, 0.023065
0.900000, 0.023053
0.900000, 0.023047
0.900000, 0.023041
0.900000, 0.023036
0.900000, 0.023030
0.900000, 0.023024
0.900000, 0.023012
0.900000, 0.023006
0.900000, 0.023000
0.900000, 0.022989
0.900000, 0.022977
0.900000, 0.022971
0.900000, 0.022965
0.900000, 0.022959
0.900000, 0.022953
0.900000, 0.022947
0.900000, 0.022942
0.900000, 0.022936
0.900000, 0.022930
0.900000, 0.022924
0.900000, 0.022918
0.900000, 0.022912
0.900000, 0.022889
0.900000, 0.022883
0.900000, 0.022877
0.900000, 0.022872
0.900000, 0.022866
0.900000, 0.022860
0.900000, 0.022854
0.900000, 0.022837
0.900000, 0.022831
0.900000, 0.022825
0.900000, 0.022802
0.900000, 0.022796
0.900000, 0.022791
0.900000, 0.022785
0.900000, 0.022779
0.900000, 0.022773
0.900000, 0.022768
0.900000, 0.022762
0.900000, 0.022756
0.900000, 0.022750
0.900000, 0.022745
0.900000, 0.022739
0.900000, 0.022733
0.900000, 0.022727
0.900000, 0.022722
0.900000, 0.022716
0.900000, 0.022710
0.900000, 0.022704
0.900000, 0.022699
0.900000, 0.022693
0.900000, 0.022687
0.900000, 0.022681
0.900000, 0.022676
0.900000, 0.022670
0.900000, 0.022664
0.900000, 0.022647
0.900000, 0.022630
0.900000, 0.022624
0.900000, 0.022613
0.900000, 0.022607
0.900000, 0.022602
0.900000, 0.022596
0.900000, 0.022590
0.900000, 0.022579
0.900000, 0.022573
0.900000, 0.022568
0.900000, 0.022562
0.900000, 0.022551
0.900000, 0.022528
0.900000, 0.022523
0.900000, 0.022517
0.900000, 0.022511
0.900000, 0.022500
0.900000, 0.022494
0.900000, 0.022455
0.900000, 0.022444
0.900000, 0.022438
0.900000, 0.022433
0.900000, 0.022427
0.900000, 0.022422
0.900000, 0.022410
0.900000, 0.022405
0.900000, 0.022399
0.900000, 0.022394
0.900000, 0.022388
0.900000, 0.022382
0.900000, 0.022377
0.900000, 0.022371
0.900000, 0.022366
0.900000, 0.022360
0.900000, 0.022355
0.900000, 0.022349
0.900000, 0.022344
0.900000, 0.022338
0.900000, 0.022333
0.900000, 0.022327
0.900000, 0.022321
0.900000, 0.022316
0.900000, 0.022310
0.900000, 0.022305
0.900000, 0.022294
0.900000, 0.022288
0.900000, 0.022283
0.900000, 0.022277
0.900000, 0.022272
0.900000, 0.022266
0.900000, 0.022261
0.900000, 0.022228
0.900000, 0.022222
0.900000, 0.022217
0.900000, 0.022211
0.900000, 0.022206
0.900000, 0.022200
0.900000, 0.022195
0.900000, 0.022189
0.900000, 0.022184
0.900000, 0.022178
0.900000, 0.022173
0.900000, 0.022167
0.900000, 0.022162
0.900000, 0.022157
0.900000, 0.022151
0.900000, 0.022146
0.900000, 0.022140
0.900000, 0.022135
0.900000, 0.022124
0.900000, 0.022118
0.900000, 0.022113
0.900000, 0.022108
0.900000, 0.022102
0.900000, 0.022097
0.900000, 0.022086
0.900000, 0.022080
0.900000, 0.022075
0.900000, 0.022070
0.900000, 0.022064
0.900000, 0.022059
0.900000, 0.022053
0.900000, 0.022048
0.900000, 0.022043
0.900000, 0.022032
0.900000, 0.022016
0.900000, 0.021978
0.900000, 0.021967
0.900000, 0.021962
0.900000, 0.021946
0.900000, 0.021941
0.900000, 0.021935
0.900000, 0.021930
0.900000, 0.021924
0.900000, 0.021919
0.900000, 0.021914
0.900000, 0.021908
0.900000, 0.021903
0.900000, 0.021898
0.900000, 0.021892
0.900000, 0.021887
0.900000, 0.021882
0.900000, 0.021877
0.900000, 0.021871
0.900000, 0.021866
0.900000, 0.021861
0.900000, 0.021855
0.900000, 0.021850
0.900000, 0.021845
0.900000, 0.021839
0.900000, 0.021834
0.900000, 0.021829
0.900000, 0.021823
0.900000, 0.021818
0.900000, 0.021813
0.900000, 0.021808
0.900000, 0.021802
0.900000, 0.021797
0.900000, 0.021792
0.900000, 0.021786
0.900000, 0.021781
0.900000, 0.021776
0.900000, 0.021771
0.900000, 0.021765
0.900000, 0.021760
0.900000, 0.021755
0.900000, 0.021750
0.900000, 0.021744
0.900000, 0.021739
0.900000, 0.021734
0.900000, 0.021729
0.900000, 0.021723
0.900000, 0.021718
0.900000, 0.021713
0.900000, 0.021708
0.900000, 0.021702
0.900000, 0.021697
0.900000, 0.021692
0.900000, 0.021687
0.900000, 0.021682
0.900000, 0.021676
0.900000, 0.021671
0.900000, 0.021666
0.900000, 0.021661
0.900000, 0.021655
0.900000, 0.021650
0.900000, 0.021645
0.900000, 0.021640
0.900000, 0.021635
0.900000, 0.021629
0.900000, 0.021624
0.900000, 0.021619
0.900000, 0.021614
0.900000, 0.021609
0.900000, 0.021603
0.900000, 0.021598
0.900000, 0.021593
0.900000, 0.021588
0.900000, 0.021583
0.900000, 0.021578
0.900000, 0.021572
0.900000, 0.021567
0.900000, 0.021562
0.900000, 0.021557
0.900000, 0.021552
0.900000, 0.021547
0.900000, 0.021541
0.900000, 0.021536
0.900000, 0.021531
0.900000, 0.021526
0.900000, 0.021521
0.900000, 0.021516
0.900000, 0.021511
0.900000, 0.021505
0.900000, 0.021500
0.900000, 0.021495
0.900000, 0.021490
0.900000, 0.021485
0.900000, 0.021480
0.900000, 0.021475
0.900000, 0.021469
0.900000, 0.021464
0.900000, 0.021459
0.900000, 0.021454
0.900000, 0.021449
0.900000, 0.021444
0.900000, 0.021439
0.900000, 0.021434
0.900000, 0.021429
0.900000, 0.021423
0.900000, 0.021418
0.900000, 0.021413
0.900000, 0.021408
0.900000, 0.021403
0.900000, 0.021398
0.900000, 0.021393
0.900000, 0.021388
0.900000, 0.021383
0.900000, 0.021378
0.900000, 0.021373
0.900000, 0.021368
0.900000, 0.021362
0.900000, 0.021357
0.900000, 0.021352
0.900000, 0.021347
0.900000, 0.021342
0.900000, 0.021337
0.900000, 0.021332
0.900000, 0.021327
0.900000, 0.021322
0.900000, 0.021297
0.900000, 0.021292
0.900000, 0.021287
0.900000, 0.021282
0.900000, 0.021277
0.900000, 0.021272
0.900000, 0.021267
0.900000, 0.021262
0.900000, 0.021256
0.900000, 0.021251
0.900000, 0.021246
0.900000, 0.021241
0.900000, 0.021236
0.900000, 0.021231
0.900000, 0.021226
0.900000, 0.021221
0.900000, 0.021216
0.900000, 0.021211
0.900000, 0.021206
0.900000, 0.021201
0.900000, 0.021196
0.900000, 0.021191
0.900000, 0.021186
0.900000, 0.021181
0.900000, 0.021176
0.900000, 0.021171
0.900000, 0.021167
0.900000, 0.021162
0.900000, 0.021157
0.900000, 0.021152
0.900000, 0.021147
0.900000, 0.021142
0.900000, 0.021137
0.900000, 0.021132
0.900000, 0.021127
0.900000, 0.021122
0.900000, 0.021117
0.900000, 0.021112
0.900000, 0.021107
0.900000, 0.021102
0.900000, 0.021097
0.900000, 0.021092
0.900000, 0.021087
0.900000, 0.021082
0.900000, 0.021077
0.900000, 0.021072
0.900000, 0.021067
0.900000, 0.021062
0.900000, 0.021058
0.900000, 0.021053
0.900000, 0.021048
0.900000, 0.021043
0.900000, 0.021038
0.900000, 0.021033
0.900000, 0.021028
0.900000, 0.021023
0.900000, 0.021018
0.900000, 0.021013
0.900000, 0.021008
0.900000, 0.021004
0.900000, 0.020999
0.900000, 0.020994
0.900000, 0.020989
0.900000, 0.020984
0.900000, 0.020979
0.900000, 0.020974
0.900000, 0.020969
0.900000, 0.020964
0.900000, 0.020959
0.900000, 0.020955
0.900000, 0.020950
0.900000, 0.020945
0.900000, 0.020940
0.900000, 0.020935
0.900000, 0.020930
0.900000, 0.020925
0.900000, 0.020921
0.900000, 0.020916
0.900000, 0.020911
0.900000, 0.020906
0.900000, 0.020901
0.900000, 0.020896
0.900000, 0.020891
0.900000, 0.020887
0.900000, 0.020882
0.900000, 0.020877
0.900000, 0.020872
0.900000, 0.020867
0.900000, 0.020862
0.900000, 0.020857
0.900000, 0.020853
0.900000, 0.020848
0.900000, 0.020843
0.900000, 0.020838
0.900000, 0.020833
0.900000, 0.020829
0.900000, 0.020824
0.900000, 0.020819
0.900000, 0.020814
0.900000, 0.020809
0.900000, 0.020804
0.900000, 0.020800
0.900000, 0.020795
0.900000, 0.020790
0.900000, 0.020785
0.900000, 0.020780
0.900000, 0.020776
0.900000, 0.020771
0.900000, 0.020766
0.900000, 0.020761
0.900000, 0.020756
0.900000, 0.020752
0.900000, 0.020747
0.900000, 0.020742
1.000000, 0.022994
