ROC-AUC score 0.517640
0.000000, 0.000000
0.000200, 0.000000
0.000400, 0.000000
0.000600, 0.000000
0.000800, 0.000000
0.001000, 0.000000
0.001200, 0.000000
0.001400, 0.000000
0.001600, 0.000000
0.001800, 0.000000
0.002000, 0.000000
0.002400, 0.000000
0.002600, 0.000000
0.002800, 0.000000
0.003000, 0.000000
0.003200, 0.000000
0.003400, 0.000000
0.003600, 0.000000
0.003800, 0.000000
0.004000, 0.000000
0.004200, 0.000000
0.004400, 0.000000
0.004600, 0.000000
0.004800, 0.000000
0.005000, 0.000000
0.005200, 0.000000
0.005400, 0.000000
0.005600, 0.000000
0.005800, 0.000000
0.006000, 0.000000
0.006200, 0.000000
0.006400, 0.000000
0.006600, 0.000000
0.006800, 0.000000
0.007000, 0.000000
0.007200, 0.000000
0.007400, 0.000000
0.007600, 0.000000
0.007800, 0.000000
0.008000, 0.000000
0.008200, 0.000000
0.008400, 0.000000
0.008600, 0.000000
0.008800, 0.000000
0.009000, 0.000000
0.009200, 0.000000
0.009600, 0.000000
0.009800, 0.000000
0.010000, 0.000000
0.010200, 0.000000
0.010400, 0.000000
0.010600, 0.000000
0.010800, 0.000000
0.011000, 0.000000
0.011200, 0.000000
0.011400, 0.000000
0.011600, 0.000000
0.011800, 0.000000
0.012000, 0.000000
0.012200, 0.000000
0.012400, 0.000000
0.012600, 0.000000
0.013000, 0.000000
0.013200, 0.000000
0.013400, 0.000000
0.013600, 0.000000
0.013800, 0.000000
0.014000, 0.000000
0.014200, 0.000000
0.014400, 0.000000
0.014600, 0.000000
0.014800, 0.000000
0.015000, 0.000000
0.015200, 0.000000
0.015400, 0.000000
0.015600, 0.000000
0.015800, 0.000000
0.016000, 0.000000
0.016200, 0.000000
0.016400, 0.000000
0.016600, 0.000000
0.016800, 0.000000
0.017000, 0.000000
0.017200, 0.000000
0.017400, 0.000000
0.017600, 0.000000
0.017800, 0.000000
0.018000, 0.000000
0.018200, 0.000000
0.018400, 0.000000
0.018600, 0.000000
0.018800, 0.000000
0.019000, 0.000000
0.019400, 0.000000
0.019600, 0.000000
0.019800, 0.000000
0.020000, 0.000000
0.020200, 0.000000
0.020400, 0.000000
0.020600, 0.000000
0.020800, 0.000000
0.021000, 0.000000
0.021200, 0.000000
0.021400, 0.000000
0.021600, 0.000000
0.021800, 0.000000
0.022000, 0.000000
0.022200, 0.000000
0.022400, 0.000000
0.022600, 0.000000
0.022800, 0.000000
0.023000, 0.000000
0.023200, 0.000000
0.023400, 0.000000
0.023600, 0.000000
0.023800, 0.000000
0.024000, 0.000000
0.024200, 0.000000
0.024400, 0.000000
0.024600, 0.000000
0.024800, 0.000000
0.025000, 0.000000
0.025200, 0.000000
0.025400, 0.000000
0.025600, 0.000000
0.025800, 0.000000
0.026000, 0.000000
0.026200, 0.000000
0.026400, 0.000000
0.026600, 0.000000
0.026800, 0.000000
0.027000, 0.000000
0.027200, 0.000000
0.027400, 0.000000
0.027600, 0.000000
0.027800, 0.000000
0.027800, 0.010000
0.028000, 0.010000
0.028200, 0.010000
0.028400, 0.010000
0.028600, 0.010000
0.028800, 0.010000
0.029000, 0.010000
0.029200, 0.010000
0.029400, 0.010000
0.029600, 0.010000
0.029800, 0.010000
0.030000, 0.010000
0.030200, 0.010000
0.030600, 0.010000
0.030800, 0.010000
0.031000, 0.010000
0.031200, 0.010000
0.031400, 0.010000
0.031600, 0.010000
0.031800, 0.010000
0.032000, 0.010000
0.032200, 0.010000
0.032400, 0.010000
0.032600, 0.010000
0.032800, 0.010000
0.033000, 0.010000
0.033200, 0.010000
0.033400, 0.010000
0.033600, 0.010000
0.033800, 0.010000
0.034000, 0.010000
0.034200, 0.010000
0.034400, 0.010000
0.034600, 0.010000
0.034800, 0.010000
0.035000, 0.010000
0.035200, 0.010000
0.035600, 0.010000
0.035800, 0.010000
0.036000, 0.010000
0.036200, 0.010000
0.036400, 0.010000
0.036600, 0.010000
0.036800, 0.010000
0.037000, 0.010000
0.037200, 0.010000
0.037400, 0.010000
0.037600, 0.010000
0.037800, 0.010000
0.038000, 0.010000
0.038200, 0.010000
0.038400, 0.010000
0.038600, 0.010000
0.038800, 0.010000
0.039000, 0.010000
0.039200, 0.010000
0.039400, 0.010000
0.039600, 0.010000
0.039800, 0.010000
0.040000, 0.010000
0.040200, 0.010000
0.040400, 0.010000
0.040600, 0.010000
0.040800, 0.010000
0.041000, 0.010000
0.041200, 0.010000
0.041400, 0.010000
0.041600, 0.010000
0.041800, 0.010000
0.042000, 0.010000
0.042200, 0.010000
0.042400, 0.010000
0.042600, 0.010000
0.042800, 0.010000
0.043000, 0.010000
0.043200, 0.010000
0.043400, 0.010000
0.043600, 0.010000
0.044000, 0.010000
0.044200, 0.010000
0.044400, 0.010000
0.044600, 0.010000
0.044800, 0.010000
0.045000, 0.010000
0.045200, 0.010000
0.045400, 0.010000
0.045600, 0.010000
0.045800, 0.010000
0.046000, 0.010000
0.046200, 0.010000
0.046400, 0.010000
0.046800, 0.010000
0.047000, 0.010000
0.047200, 0.010000
0.047400, 0.010000
0.047600, 0.010000
0.047800, 0.010000
0.048200, 0.010000
0.048400, 0.010000
0.048600, 0.010000
0.048800, 0.010000
0.049000, 0.010000
0.049200, 0.010000
0.049400, 0.010000
0.049600, 0.010000
0.049800, 0.010000
0.050000, 0.010000
0.050200, 0.010000
0.050400, 0.010000
0.050800, 0.010000
0.051000, 0.010000
0.051000, 0.020000
0.051200, 0.020000
0.051400, 0.020000
0.051600, 0.020000
0.051800, 0.020000
0.052000, 0.020000
0.052400, 0.020000
0.052600, 0.020000
0.052800, 0.020000
0.053000, 0.020000
0.053200, 0.020000
0.053400, 0.020000
0.053600, 0.020000
0.053800, 0.020000
0.054000, 0.020000
0.054200, 0.020000
0.054400, 0.020000
0.054600, 0.020000
0.054800, 0.020000
0.055000, 0.020000
0.055200, 0.020000
0.055400, 0.020000
0.055600, 0.020000
0.055800, 0.020000
0.056000, 0.020000
0.056200, 0.020000
0.056400, 0.020000
0.056600, 0.020000
0.056800, 0.020000
0.057000, 0.020000
0.057200, 0.020000
0.057400, 0.020000
0.057600, 0.020000
0.057800, 0.020000
0.058000, 0.020000
0.058200, 0.020000
0.058400, 0.020000
0.058600, 0.020000
0.058800, 0.020000
0.059000, 0.020000
0.059200, 0.020000
0.059600, 0.020000
0.059800, 0.020000
0.060000, 0.020000
0.060200, 0.020000
0.060400, 0.020000
0.060600, 0.020000
0.060800, 0.020000
0.061000, 0.020000
0.061200, 0.020000
0.061400, 0.020000
0.061600, 0.020000
0.061800, 0.020000
0.062000, 0.020000
0.062200, 0.020000
0.062400, 0.020000
0.062600, 0.020000
0.063000, 0.020000
0.063200, 0.020000
0.063400, 0.020000
0.063600, 0.020000
0.063800, 0.020000
0.064000, 0.020000
0.064200, 0.020000
0.064400, 0.020000
0.064600, 0.020000
0.064800, 0.020000
0.065000, 0.020000
0.065200, 0.020000
0.065400, 0.020000
0.065400, 0.030000
0.065600, 0.030000
0.066000, 0.030000
0.066200, 0.030000
0.066400, 0.030000
0.066600, 0.030000
0.066800, 0.030000
0.067000, 0.030000
0.067000, 0.040000
0.067200, 0.040000
0.067400, 0.040000
0.067600, 0.040000
0.067800, 0.040000
0.068000, 0.040000
0.068200, 0.040000
0.068400, 0.040000
0.068600, 0.040000
0.068800, 0.040000
0.069000, 0.040000
0.069200, 0.040000
0.069400, 0.040000
0.069600, 0.040000
0.069800, 0.040000
0.070400, 0.040000
0.070600, 0.040000
0.071000, 0.040000
0.071200, 0.040000
0.071400, 0.040000
0.071600, 0.040000
0.071800, 0.040000
0.072000, 0.040000
0.072200, 0.040000
0.072600, 0.040000
0.072800, 0.040000
0.073000, 0.040000
0.073200, 0.040000
0.073400, 0.040000
0.073800, 0.040000
0.074000, 0.040000
0.074200, 0.040000
0.074400, 0.040000
0.074600, 0.040000
0.074800, 0.040000
0.075000, 0.040000
0.075200, 0.040000
0.075400, 0.040000
0.075600, 0.040000
0.075800, 0.040000
0.076000, 0.040000
0.076200, 0.040000
0.076400, 0.040000
0.076600, 0.040000
0.076800, 0.040000
0.077000, 0.040000
0.077200, 0.040000
0.077400, 0.040000
0.077600, 0.040000
0.077800, 0.040000
0.078000, 0.040000
0.078200, 0.040000
0.078400, 0.040000
0.078600, 0.040000
0.078800, 0.040000
0.079000, 0.040000
0.079200, 0.040000
0.079400, 0.040000
0.079600, 0.040000
0.079800, 0.040000
0.080000, 0.040000
0.080200, 0.040000
0.080400, 0.040000
0.080600, 0.040000
0.080800, 0.040000
0.081000, 0.040000
0.081200, 0.040000
0.081400, 0.040000
0.081600, 0.040000
0.081800, 0.040000
0.082000, 0.040000
0.082200, 0.040000
0.082400, 0.040000
0.082600, 0.040000
0.083000, 0.040000
0.083200, 0.040000
0.083400, 0.040000
0.083600, 0.040000
0.083800, 0.040000
0.084000, 0.040000
0.084200, 0.040000
0.084400, 0.040000
0.084600, 0.040000
0.084800, 0.040000
0.085000, 0.040000
0.085200, 0.040000
0.085400, 0.040000
0.085600, 0.040000
0.085800, 0.040000
0.086000, 0.040000
0.086200, 0.040000
0.086400, 0.040000
0.086600, 0.040000
0.086800, 0.040000
0.087000, 0.040000
0.087200, 0.040000
0.087400, 0.040000
0.087600, 0.040000
0.087800, 0.040000
0.088000, 0.040000
0.088200, 0.040000
0.088400, 0.040000
0.088600, 0.040000
0.088800, 0.040000
0.089000, 0.040000
0.089200, 0.040000
0.089400, 0.040000
0.089600, 0.040000
0.089800, 0.040000
0.090000, 0.040000
0.090200, 0.040000
0.090400, 0.040000
0.090600, 0.040000
0.090800, 0.040000
0.091000, 0.040000
0.091200, 0.040000
0.091400, 0.040000
0.091600, 0.040000
0.091800, 0.040000
0.092000, 0.040000
0.092200, 0.040000
0.092400, 0.040000
0.092600, 0.040000
0.092800, 0.040000
0.093000, 0.040000
0.093200, 0.040000
0.093400, 0.040000
0.093600, 0.040000
0.093800, 0.040000
0.094000, 0.040000
0.094200, 0.040000
0.094400, 0.040000
0.094600, 0.040000
0.094800, 0.040000
0.095000, 0.040000
0.095200, 0.040000
0.095400, 0.040000
0.095600, 0.040000
0.096200, 0.040000
0.096400, 0.040000
0.096600, 0.040000
0.096800, 0.040000
0.097200, 0.040000
0.097400, 0.040000
0.097800, 0.040000
0.098000, 0.040000
0.098200, 0.040000
0.098400, 0.040000
0.098600, 0.040000
0.098800, 0.040000
0.099200, 0.040000
0.099600, 0.040000
0.099800, 0.040000
0.100000, 0.040000
0.100200, 0.040000
0.100400, 0.040000
0.100600, 0.040000
0.100800, 0.040000
0.101200, 0.040000
0.101400, 0.040000
0.101600, 0.040000
0.101800, 0.040000
0.102000, 0.040000
0.102400, 0.040000
0.102600, 0.040000
0.102800, 0.040000
0.103000, 0.040000
0.103200, 0.040000
0.103400, 0.040000
0.103600, 0.040000
0.103800, 0.040000
0.104000, 0.040000
0.104200, 0.040000
0.104400, 0.040000
0.104800, 0.040000
0.105000, 0.040000
0.105200, 0.040000
0.105400, 0.040000
0.105600, 0.040000
0.106000, 0.040000
0.106200, 0.040000
0.106400, 0.040000
0.106600, 0.040000
0.106800, 0.040000
0.107000, 0.040000
0.107200, 0.040000
0.107400, 0.040000
0.107600, 0.040000
0.107600, 0.050000
0.107800, 0.050000
0.108000, 0.050000
0.108200, 0.050000
0.108400, 0.050000
0.108600, 0.050000
0.108800, 0.050000
0.109000, 0.050000
0.109200, 0.050000
0.109400, 0.050000
0.109600, 0.050000
0.109800, 0.050000
0.110000, 0.050000
0.110200, 0.050000
0.110400, 0.050000
0.110600, 0.050000
0.110800, 0.050000
0.111000, 0.050000
0.111200, 0.050000
0.111400, 0.050000
0.111600, 0.050000
0.111800, 0.050000
0.112000, 0.050000
0.112200, 0.050000
0.112400, 0.050000
0.112600, 0.050000
0.112800, 0.050000
0.113000, 0.050000
0.113200, 0.050000
0.113400, 0.050000
0.113600, 0.050000
0.113800, 0.050000
0.114000, 0.050000
0.114200, 0.050000
0.114200, 0.060000
0.114400, 0.060000
0.114600, 0.060000
0.114800, 0.060000
0.115000, 0.060000
0.115200, 0.060000
0.115400, 0.060000
0.115800, 0.060000
0.116000, 0.060000
0.116200, 0.060000
0.116400, 0.060000
0.116600, 0.060000
0.117000, 0.060000
0.117200, 0.060000
0.117400, 0.060000
0.117600, 0.060000
0.117800, 0.060000
0.118000, 0.060000
0.118200, 0.060000
0.118400, 0.060000
0.118600, 0.060000
0.118800, 0.060000
0.119000, 0.060000
0.119200, 0.060000
0.119600, 0.060000
0.119800, 0.060000
0.120000, 0.060000
0.120200, 0.060000
0.120400, 0.060000
0.120400, 0.070000
0.120600, 0.070000
0.120800, 0.070000
0.121000, 0.070000
0.121200, 0.070000
0.121400, 0.070000
0.121600, 0.070000
0.121800, 0.070000
0.122000, 0.070000
0.122200, 0.070000
0.122400, 0.070000
0.122600, 0.070000
0.122800, 0.070000
0.123000, 0.070000
0.123200, 0.070000
0.123400, 0.070000
0.123600, 0.070000
0.123800, 0.070000
0.124000, 0.070000
0.124200, 0.070000
0.124400, 0.070000
0.124600, 0.070000
0.124800, 0.070000
0.125000, 0.070000
0.125200, 0.070000
0.125400, 0.070000
0.125800, 0.070000
0.126000, 0.070000
0.126200, 0.070000
0.126400, 0.070000
0.126600, 0.070000
0.126800, 0.070000
0.127000, 0.070000
0.127200, 0.070000
0.127400, 0.070000
0.127600, 0.070000
0.127800, 0.070000
0.128000, 0.070000
0.128200, 0.070000
0.128600, 0.070000
0.128800, 0.070000
0.129000, 0.070000
0.129200, 0.070000
0.129600, 0.070000
0.129800, 0.070000
0.130000, 0.070000
0.130200, 0.070000
0.130400, 0.070000
0.130600, 0.070000
0.130800, 0.070000
0.131000, 0.070000
0.131200, 0.070000
0.131400, 0.070000
0.131600, 0.070000
0.131800, 0.070000
0.132000, 0.070000
0.132200, 0.070000
0.132600, 0.070000
0.132800, 0.070000
0.133200, 0.070000
0.133400, 0.070000
0.133600, 0.070000
0.133800, 0.070000
0.134000, 0.070000
0.134200, 0.070000
0.134600, 0.070000
0.134800, 0.070000
0.135000, 0.070000
0.135200, 0.070000
0.135400, 0.070000
0.135600, 0.070000
0.136000, 0.070000
0.136200, 0.070000
0.136600, 0.070000
0.136800, 0.070000
0.137000, 0.070000
0.137200, 0.070000
0.137400, 0.070000
0.137600, 0.070000
0.137800, 0.070000
0.138000, 0.070000
0.138200, 0.070000
0.138400, 0.070000
0.138800, 0.070000
0.139000, 0.070000
0.139200, 0.070000
0.139400, 0.070000
0.139600, 0.070000
0.139800, 0.070000
0.140000, 0.070000
0.140200, 0.070000
0.140400, 0.070000
0.140600, 0.070000
0.141000, 0.070000
0.141200, 0.070000
0.141400, 0.070000
0.141600, 0.070000
0.141800, 0.070000
0.142000, 0.070000
0.142200, 0.070000
0.142400, 0.070000
0.142600, 0.070000
0.142800, 0.070000
0.143000, 0.070000
0.143200, 0.070000
0.143400, 0.070000
0.143800, 0.070000
0.144200, 0.070000
0.144400, 0.070000
0.144600, 0.070000
0.144800, 0.070000
0.145000, 0.070000
0.145200, 0.070000
0.145400, 0.070000
0.145600, 0.070000
0.145800, 0.070000
0.145800, 0.080000
0.146000, 0.080000
0.146200, 0.080000
0.146400, 0.080000
0.146600, 0.080000
0.146800, 0.080000
0.147000, 0.080000
0.147200, 0.080000
0.147400, 0.080000
0.147600, 0.080000
0.147800, 0.080000
0.148000, 0.080000
0.148200, 0.080000
0.148400, 0.080000
0.148600, 0.080000
0.148800, 0.080000
0.149000, 0.080000
0.149200, 0.080000
0.149400, 0.080000
0.149600, 0.080000
0.149800, 0.080000
0.150000, 0.080000
0.150400, 0.080000
0.150600, 0.080000
0.150800, 0.080000
0.151000, 0.080000
0.151200, 0.080000
0.151400, 0.080000
0.151600, 0.080000
0.151800, 0.080000
0.152000, 0.080000
0.152200, 0.080000
0.152400, 0.080000
0.152600, 0.080000
0.152800, 0.080000
0.153000, 0.080000
0.153400, 0.080000
0.153600, 0.080000
0.154000, 0.080000
0.154200, 0.080000
0.154400, 0.080000
0.154600, 0.080000
0.154800, 0.080000
0.155000, 0.080000
0.155200, 0.080000
0.155400, 0.080000
0.155600, 0.080000
0.155800, 0.080000
0.156200, 0.080000
0.156400, 0.080000
0.156600, 0.080000
0.156800, 0.080000
0.157000, 0.080000
0.157200, 0.080000
0.157400, 0.080000
0.157600, 0.080000
0.158000, 0.080000
0.158200, 0.080000
0.158400, 0.080000
0.158600, 0.080000
0.158800, 0.080000
0.159200, 0.080000
0.159400, 0.080000
0.159600, 0.080000
0.159800, 0.080000
0.160000, 0.080000
0.160200, 0.080000
0.160400, 0.080000
0.160600, 0.080000
0.160800, 0.080000
0.161000, 0.080000
0.161200, 0.080000
0.161400, 0.080000
0.161600, 0.080000
0.161800, 0.080000
0.162000, 0.080000
0.162200, 0.080000
0.162400, 0.080000
0.162600, 0.080000
0.162800, 0.080000
0.163200, 0.080000
0.163400, 0.080000
0.163600, 0.080000
0.163800, 0.080000
0.164200, 0.080000
0.164400, 0.080000
0.164600, 0.080000
0.164800, 0.080000
0.165000, 0.080000
0.165200, 0.080000
0.165400, 0.080000
0.165600, 0.080000
0.165800, 0.080000
0.166000, 0.080000
0.166200, 0.080000
0.166400, 0.080000
0.166600, 0.080000
0.166800, 0.080000
0.167000, 0.080000
0.167200, 0.080000
0.167400, 0.080000
0.167600, 0.080000
0.167800, 0.080000
0.168200, 0.080000
0.168400, 0.080000
0.168600, 0.080000
0.168800, 0.080000
0.169000, 0.080000
0.169200, 0.080000
0.169400, 0.080000
0.169600, 0.080000
0.169800, 0.080000
0.170000, 0.080000
0.170200, 0.080000
0.170400, 0.080000
0.170600, 0.080000
0.170800, 0.080000
0.171000, 0.080000
0.171200, 0.080000
0.171400, 0.080000
0.171600, 0.080000
0.171800, 0.080000
0.172000, 0.080000
0.172200, 0.080000
0.172400, 0.080000
0.172600, 0.080000
0.172800, 0.080000
0.173000, 0.080000
0.173200, 0.080000
0.173400, 0.080000
0.173600, 0.080000
0.173800, 0.080000
0.174000, 0.080000
0.174200, 0.080000
0.174400, 0.080000
0.174600, 0.080000
0.174800, 0.080000
0.175000, 0.080000
0.175200, 0.080000
0.175400, 0.080000
0.175600, 0.080000
0.175800, 0.080000
0.176000, 0.080000
0.176200, 0.080000
0.176400, 0.080000
0.176600, 0.080000
0.176800, 0.080000
0.177000, 0.080000
0.177200, 0.080000
0.177400, 0.080000
0.177600, 0.080000
0.177800, 0.080000
0.178000, 0.080000
0.178200, 0.080000
0.178600, 0.080000
0.178800, 0.080000
0.179000, 0.080000
0.179200, 0.080000
0.179400, 0.080000
0.179600, 0.080000
0.179800, 0.080000
0.180000, 0.080000
0.180200, 0.080000
0.180400, 0.080000
0.180600, 0.080000
0.180800, 0.080000
0.181000, 0.080000
0.181200, 0.080000
0.181400, 0.080000
0.181600, 0.080000
0.181800, 0.080000
0.182000, 0.080000
0.182200, 0.080000
0.182400, 0.080000
0.182600, 0.080000
0.182800, 0.080000
0.183400, 0.080000
0.183600, 0.080000
0.183800, 0.080000
0.184000, 0.080000
0.184200, 0.080000
0.184400, 0.080000
0.184600, 0.080000
0.184800, 0.080000
0.185000, 0.080000
0.185200, 0.080000
0.185400, 0.080000
0.185600, 0.080000
0.185800, 0.080000
0.186000, 0.080000
0.186400, 0.080000
0.186600, 0.080000
0.186800, 0.080000
0.187000, 0.080000
0.187200, 0.080000
0.187400, 0.080000
0.187600, 0.080000
0.187800, 0.080000
0.188000, 0.080000
0.188200, 0.080000
0.188400, 0.080000
0.188600, 0.080000
0.188800, 0.080000
0.189000, 0.080000
0.189200, 0.080000
0.189400, 0.080000
0.189800, 0.080000
0.190000, 0.080000
0.190200, 0.080000
0.190400, 0.080000
0.190600, 0.080000
0.190800, 0.080000
0.191000, 0.080000
0.191200, 0.080000
0.191400, 0.080000
0.191600, 0.080000
0.191800, 0.080000
0.192000, 0.080000
0.192200, 0.080000
0.192400, 0.080000
0.192600, 0.080000
0.192800, 0.080000
0.193000, 0.080000
0.193200, 0.080000
0.193400, 0.080000
0.193600, 0.080000
0.193800, 0.080000
0.194200, 0.080000
0.194600, 0.080000
0.194800, 0.080000
0.195000, 0.080000
0.195400, 0.080000
0.195600, 0.080000
0.195800, 0.080000
0.196000, 0.080000
0.196400, 0.080000
0.196600, 0.080000
0.196800, 0.080000
0.197000, 0.080000
0.197200, 0.080000
0.197400, 0.080000
0.197600, 0.080000
0.197800, 0.080000
0.198000, 0.080000
0.198200, 0.080000
0.198400, 0.080000
0.198600, 0.080000
0.198800, 0.080000
0.199000, 0.080000
0.199200, 0.080000
0.199400, 0.080000
0.199600, 0.080000
0.199800, 0.080000
0.200000, 0.080000
0.200200, 0.080000
0.200600, 0.080000
0.200800, 0.080000
0.201000, 0.080000
0.201200, 0.080000
0.201400, 0.080000
0.201800, 0.080000
0.202000, 0.080000
0.202200, 0.080000
0.202400, 0.080000
0.202600, 0.080000
0.202800, 0.080000
0.203000, 0.080000
0.203200, 0.080000
0.203400, 0.080000
0.203600, 0.080000
0.203800, 0.080000
0.204000, 0.080000
0.204200, 0.080000
0.204400, 0.080000
0.204600, 0.080000
0.204800, 0.080000
0.205000, 0.080000
0.205200, 0.080000
0.205400, 0.080000
0.205600, 0.080000
0.205800, 0.080000
0.206000, 0.080000
0.206200, 0.080000
0.206400, 0.080000
0.206600, 0.080000
0.206800, 0.080000
0.207200, 0.080000
0.207400, 0.080000
0.207600, 0.080000
0.207800, 0.080000
0.208000, 0.080000
0.208200, 0.080000
0.208600, 0.080000
0.209000, 0.080000
0.209400, 0.080000
0.209600, 0.080000
0.209800, 0.080000
0.210000, 0.080000
0.210200, 0.080000
0.210400, 0.080000
0.210600, 0.080000
0.210800, 0.080000
0.211000, 0.080000
0.211200, 0.080000
0.211400, 0.080000
0.211600, 0.080000
0.211800, 0.080000
0.212000, 0.080000
0.212200, 0.080000
0.212400, 0.080000
0.212600, 0.080000
0.212800, 0.080000
0.213000, 0.080000
0.213200, 0.080000
0.213400, 0.080000
0.213600, 0.080000
0.213800, 0.080000
0.214000, 0.080000
0.214200, 0.080000
0.214400, 0.080000
0.214600, 0.080000
0.214800, 0.080000
0.215000, 0.080000
0.215200, 0.080000
0.215400, 0.080000
0.215600, 0.080000
0.216000, 0.080000
0.216200, 0.080000
0.216400, 0.080000
0.216600, 0.080000
0.216800, 0.080000
0.217000, 0.080000
0.217200, 0.080000
0.217600, 0.080000
0.217800, 0.080000
0.218000, 0.080000
0.218200, 0.080000
0.218600, 0.080000
0.218800, 0.080000
0.219000, 0.080000
0.219400, 0.080000
0.219600, 0.080000
0.219800, 0.080000
0.220200, 0.080000
0.220400, 0.080000
0.220600, 0.080000
0.220800, 0.080000
0.221000, 0.080000
0.221200, 0.080000
0.222200, 0.080000
0.222400, 0.080000
0.222600, 0.080000
0.222800, 0.080000
0.223000, 0.080000
0.223200, 0.080000
0.223400, 0.080000
0.223600, 0.080000
0.223800, 0.080000
0.224000, 0.080000
0.224200, 0.080000
0.224400, 0.080000
0.224600, 0.080000
0.224800, 0.080000
0.225000, 0.080000
0.225200, 0.080000
0.225600, 0.080000
0.225800, 0.080000
0.226000, 0.080000
0.226200, 0.080000
0.226400, 0.080000
0.226600, 0.080000
0.226800, 0.080000
0.227000, 0.080000
0.227400, 0.080000
0.227600, 0.080000
0.227800, 0.080000
0.228000, 0.080000
0.228400, 0.080000
0.228600, 0.080000
0.228800, 0.080000
0.229000, 0.080000
0.229200, 0.080000
0.229400, 0.080000
0.229600, 0.080000
0.229800, 0.080000
0.230000, 0.080000
0.230200, 0.080000
0.230400, 0.080000
0.230600, 0.080000
0.230800, 0.080000
0.231000, 0.080000
0.231200, 0.080000
0.231200, 0.090000
0.231600, 0.090000
0.232000, 0.090000
0.232200, 0.090000
0.232400, 0.090000
0.232600, 0.090000
0.232800, 0.090000
0.233000, 0.090000
0.233200, 0.090000
0.233400, 0.090000
0.233600, 0.090000
0.233800, 0.090000
0.234000, 0.090000
0.234200, 0.090000
0.234600, 0.090000
0.234800, 0.090000
0.235000, 0.090000
0.235400, 0.090000
0.235800, 0.090000
0.236200, 0.090000
0.236400, 0.090000
0.236400, 0.100000
0.236600, 0.100000
0.236800, 0.100000
0.237000, 0.100000
0.237200, 0.100000
0.237400, 0.100000
0.237600, 0.100000
0.237800, 0.100000
0.238000, 0.100000
0.238200, 0.100000
0.238400, 0.100000
0.238800, 0.100000
0.239000, 0.100000
0.239200, 0.100000
0.239400, 0.100000
0.239600, 0.100000
0.239800, 0.100000
0.240000, 0.100000
0.240200, 0.100000
0.240400, 0.100000
0.240800, 0.100000
0.241000, 0.100000
0.241200, 0.100000
0.241400, 0.100000
0.241600, 0.100000
0.241800, 0.100000
0.242000, 0.100000
0.242200, 0.100000
0.242400, 0.100000
0.242600, 0.100000
0.242800, 0.100000
0.243000, 0.100000
0.243200, 0.100000
0.243400, 0.100000
0.243600, 0.100000
0.243800, 0.100000
0.244000, 0.100000
0.244200, 0.100000
0.244400, 0.100000
0.244600, 0.100000
0.244800, 0.100000
0.245000, 0.100000
0.245200, 0.100000
0.245400, 0.100000
0.245600, 0.100000
0.245800, 0.100000
0.246000, 0.100000
0.246200, 0.100000
0.246400, 0.100000
0.246600, 0.100000
0.246800, 0.100000
0.247000, 0.100000
0.247200, 0.100000
0.247400, 0.100000
0.247600, 0.100000
0.247800, 0.100000
0.248000, 0.100000
0.248200, 0.100000
0.248400, 0.100000
0.248600, 0.100000
0.248800, 0.100000
0.249000, 0.100000
0.249200, 0.100000
0.249400, 0.100000
0.249600, 0.100000
0.249800, 0.100000
0.250000, 0.100000
0.250200, 0.100000
0.250400, 0.100000
0.250600, 0.100000
0.250800, 0.100000
0.251000, 0.100000
0.251200, 0.100000
0.251400, 0.100000
0.251600, 0.100000
0.251800, 0.100000
0.252000, 0.100000
0.252200, 0.100000
0.252400, 0.100000
0.252600, 0.100000
0.252800, 0.100000
0.253000, 0.100000
0.253400, 0.100000
0.253600, 0.100000
0.253800, 0.100000
0.254000, 0.100000
0.254200, 0.100000
0.254400, 0.100000
0.254800, 0.100000
0.255000, 0.100000
0.255200, 0.100000
0.255400, 0.100000
0.255600, 0.100000
0.255800, 0.100000
0.256000, 0.100000
0.256200, 0.100000
0.256400, 0.100000
0.256600, 0.100000
0.256800, 0.100000
0.257000, 0.100000
0.257400, 0.100000
0.257800, 0.100000
0.258000, 0.100000
0.258200, 0.100000
0.258400, 0.100000
0.258600, 0.100000
0.258800, 0.110000
0.259000, 0.110000
0.259200, 0.110000
0.259400, 0.110000
0.259600, 0.110000
0.259800, 0.110000
0.260000, 0.110000
0.260200, 0.110000
0.260400, 0.110000
0.260600, 0.110000
0.261400, 0.110000
0.261600, 0.110000
0.262000, 0.110000
0.262200, 0.110000
0.262400, 0.110000
0.262600, 0.110000
0.263200, 0.110000
0.263400, 0.110000
0.263600, 0.110000
0.263800, 0.110000
0.264000, 0.110000
0.264200, 0.110000
0.264400, 0.110000
0.264600, 0.110000
0.264800, 0.110000
0.265000, 0.110000
0.265200, 0.110000
0.265400, 0.110000
0.265600, 0.110000
0.265800, 0.110000
0.266000, 0.110000
0.266200, 0.110000
0.266400, 0.110000
0.266600, 0.110000
0.266800, 0.110000
0.267000, 0.110000
0.267200, 0.110000
0.267400, 0.110000
0.267600, 0.110000
0.267800, 0.110000
0.268000, 0.110000
0.268200, 0.110000
0.268400, 0.110000
0.268600, 0.110000
0.268800, 0.110000
0.269000, 0.110000
0.269200, 0.110000
0.269400, 0.110000
0.269600, 0.110000
0.269800, 0.110000
0.270400, 0.110000
0.270600, 0.110000
0.270800, 0.110000
0.271000, 0.110000
0.271200, 0.110000
0.271400, 0.110000
0.271600, 0.110000
0.271800, 0.110000
0.272000, 0.110000
0.272200, 0.110000
0.272400, 0.110000
0.272600, 0.110000
0.272800, 0.110000
0.273000, 0.110000
0.273400, 0.110000
0.273800, 0.110000
0.274000, 0.110000
0.274200, 0.110000
0.274400, 0.110000
0.274600, 0.110000
0.274800, 0.110000
0.275000, 0.110000
0.275200, 0.110000
0.275400, 0.110000
0.275600, 0.110000
0.275800, 0.110000
0.276000, 0.110000
0.276200, 0.110000
0.276400, 0.110000
0.276600, 0.110000
0.276800, 0.110000
0.277400, 0.110000
0.277600, 0.110000
0.277800, 0.110000
0.278000, 0.110000
0.278800, 0.110000
0.279200, 0.110000
0.279400, 0.110000
0.279600, 0.110000
0.279800, 0.110000
0.280000, 0.110000
0.280200, 0.110000
0.280400, 0.110000
0.280600, 0.110000
0.280800, 0.110000
0.281000, 0.110000
0.281200, 0.110000
0.281400, 0.110000
0.281600, 0.110000
0.281800, 0.110000
0.282000, 0.110000
0.282200, 0.110000
0.282400, 0.110000
0.282600, 0.110000
0.282800, 0.110000
0.283000, 0.110000
0.283200, 0.110000
0.283400, 0.110000
0.283600, 0.110000
0.283800, 0.110000
0.284000, 0.110000
0.284200, 0.110000
0.284400, 0.110000
0.284600, 0.110000
0.284800, 0.110000
0.285000, 0.110000
0.285200, 0.110000
0.285400, 0.110000
0.285600, 0.110000
0.285800, 0.110000
0.286000, 0.110000
0.286200, 0.110000
0.286400, 0.110000
0.286600, 0.110000
0.286800, 0.110000
0.287000, 0.110000
0.287200, 0.110000
0.287400, 0.110000
0.287600, 0.110000
0.287800, 0.120000
0.288000, 0.120000
0.288200, 0.120000
0.288400, 0.120000
0.288600, 0.120000
0.288800, 0.120000
0.289000, 0.120000
0.289200, 0.120000
0.289400, 0.120000
0.289600, 0.120000
0.289800, 0.120000
0.290000, 0.120000
0.290200, 0.120000
0.290400, 0.120000
0.290600, 0.120000
0.290800, 0.120000
0.291000, 0.120000
0.291200, 0.120000
0.291400, 0.120000
0.291600, 0.120000
0.291800, 0.120000
0.292000, 0.120000
0.292200, 0.120000
0.292400, 0.120000
0.292600, 0.120000
0.292800, 0.120000
0.293000, 0.120000
0.293200, 0.120000
0.293400, 0.120000
0.293600, 0.120000
0.293800, 0.120000
0.294000, 0.120000
0.294200, 0.120000
0.294400, 0.120000
0.294800, 0.120000
0.295200, 0.120000
0.295400, 0.120000
0.295600, 0.120000
0.295800, 0.120000
0.296000, 0.120000
0.296200, 0.120000
0.296400, 0.120000
0.296600, 0.120000
0.296800, 0.120000
0.297000, 0.120000
0.297200, 0.120000
0.297400, 0.120000
0.297600, 0.120000
0.297800, 0.120000
0.298000, 0.120000
0.298200, 0.120000
0.298400, 0.120000
0.298600, 0.120000
0.298800, 0.120000
0.299000, 0.120000
0.299000, 0.130000
0.299000, 0.140000
0.299200, 0.140000
0.299400, 0.140000
0.299600, 0.140000
0.299800, 0.140000
0.300200, 0.140000
0.300400, 0.140000
0.300600, 0.140000
0.300800, 0.140000
0.301000, 0.140000
0.301200, 0.140000
0.301400, 0.140000
0.301600, 0.140000
0.301800, 0.140000
0.302000, 0.140000
0.302200, 0.140000
0.302400, 0.140000
0.302600, 0.140000
0.302800, 0.140000
0.303200, 0.140000
0.303400, 0.140000
0.303600, 0.140000
0.303800, 0.140000
0.304000, 0.140000
0.304200, 0.140000
0.304400, 0.140000
0.304800, 0.140000
0.305000, 0.140000
0.305200, 0.140000
0.305400, 0.140000
0.305600, 0.140000
0.305800, 0.140000
0.306000, 0.140000
0.306200, 0.140000
0.306400, 0.140000
0.306600, 0.140000
0.306800, 0.140000
0.307000, 0.140000
0.307200, 0.140000
0.307400, 0.140000
0.307600, 0.140000
0.307800, 0.140000
0.308000, 0.140000
0.308200, 0.140000
0.308400, 0.140000
0.308600, 0.140000
0.308800, 0.140000
0.309000, 0.140000
0.309200, 0.140000
0.309400, 0.140000
0.309400, 0.150000
0.309600, 0.150000
0.310000, 0.150000
0.310200, 0.150000
0.310400, 0.150000
0.310600, 0.150000
0.311000, 0.150000
0.311200, 0.150000
0.311400, 0.150000
0.311600, 0.150000
0.311800, 0.150000
0.312200, 0.150000
0.312600, 0.150000
0.312800, 0.150000
0.313000, 0.150000
0.313400, 0.150000
0.313600, 0.150000
0.314000, 0.150000
0.314200, 0.150000
0.314400, 0.150000
0.314600, 0.150000
0.315000, 0.150000
0.315200, 0.150000
0.315400, 0.150000
0.315600, 0.150000
0.315800, 0.150000
0.316000, 0.150000
0.316200, 0.150000
0.316400, 0.150000
0.316600, 0.150000
0.316800, 0.150000
0.317000, 0.150000
0.317200, 0.150000
0.317400, 0.150000
0.317600, 0.150000
0.318000, 0.150000
0.318400, 0.150000
0.318600, 0.150000
0.319000, 0.150000
0.319200, 0.150000
0.319200, 0.160000
0.319400, 0.160000
0.319600, 0.160000
0.319800, 0.160000
0.320000, 0.160000
0.320400, 0.160000
0.320600, 0.160000
0.320800, 0.160000
0.321000, 0.160000
0.321200, 0.160000
0.321600, 0.160000
0.321800, 0.160000
0.322000, 0.160000
0.322200, 0.160000
0.322400, 0.160000
0.322600, 0.160000
0.322800, 0.160000
0.323200, 0.160000
0.323400, 0.160000
0.323600, 0.160000
0.323800, 0.160000
0.324000, 0.160000
0.324200, 0.160000
0.324400, 0.160000
0.324600, 0.160000
0.324800, 0.160000
0.325200, 0.160000
0.325600, 0.160000
0.325800, 0.160000
0.325800, 0.170000
0.326000, 0.170000
0.326200, 0.170000
0.326400, 0.170000
0.326600, 0.170000
0.327000, 0.170000
0.327200, 0.170000
0.327400, 0.170000
0.327800, 0.170000
0.328000, 0.170000
0.328200, 0.180000
0.328400, 0.180000
0.328600, 0.180000
0.328800, 0.180000
0.329000, 0.180000
0.329200, 0.180000
0.329400, 0.180000
0.329800, 0.180000
0.330000, 0.180000
0.330200, 0.180000
0.330400, 0.180000
0.330600, 0.180000
0.330800, 0.180000
0.331000, 0.180000
0.331200, 0.180000
0.331400, 0.180000
0.331600, 0.180000
0.331800, 0.180000
0.332200, 0.180000
0.332600, 0.180000
0.332800, 0.180000
0.333000, 0.180000
0.333200, 0.190000
0.333400, 0.190000
0.333800, 0.190000
0.334000, 0.190000
0.334200, 0.190000
0.334400, 0.190000
0.334600, 0.190000
0.335000, 0.190000
0.335200, 0.190000
0.335400, 0.190000
0.335600, 0.190000
0.336000, 0.190000
0.336200, 0.190000
0.336400, 0.190000
0.336600, 0.190000
0.336800, 0.190000
0.337000, 0.190000
0.337400, 0.190000
0.337600, 0.190000
0.337800, 0.190000
0.338000, 0.190000
0.339800, 0.190000
0.340000, 0.190000
0.340400, 0.190000
0.340600, 0.190000
0.340800, 0.190000
0.341000, 0.190000
0.341200, 0.190000
0.341400, 0.190000
0.341600, 0.190000
0.341800, 0.190000
0.342000, 0.190000
0.342200, 0.190000
0.342400, 0.190000
0.342600, 0.190000
0.342800, 0.190000
0.343000, 0.190000
0.343400, 0.190000
0.343600, 0.190000
0.343800, 0.190000
0.344000, 0.190000
0.344200, 0.190000
0.344400, 0.190000
0.344800, 0.190000
0.345000, 0.190000
0.345200, 0.190000
0.345400, 0.190000
0.345600, 0.190000
0.345800, 0.190000
0.346000, 0.190000
0.346200, 0.190000
0.346400, 0.190000
0.346600, 0.190000
0.346800, 0.190000
0.347000, 0.190000
0.347200, 0.190000
0.347400, 0.190000
0.347600, 0.190000
0.347800, 0.190000
0.348000, 0.190000
0.348400, 0.190000
0.348600, 0.190000
0.348800, 0.190000
0.349000, 0.190000
0.349200, 0.190000
0.349400, 0.190000
0.349600, 0.190000
0.350000, 0.190000
0.350400, 0.190000
0.350600, 0.190000
0.350800, 0.190000
0.351000, 0.190000
0.351200, 0.190000
0.351400, 0.190000
0.351600, 0.190000
0.351800, 0.190000
0.352000, 0.190000
0.352200, 0.190000
0.352400, 0.190000
0.352600, 0.190000
0.352800, 0.190000
0.353000, 0.190000
0.353200, 0.190000
0.353400, 0.190000
0.353600, 0.190000
0.353800, 0.190000
0.354000, 0.190000
0.354200, 0.190000
0.354400, 0.190000
0.354600, 0.190000
0.354800, 0.190000
0.355000, 0.190000
0.355200, 0.190000
0.355400, 0.190000
0.355600, 0.190000
0.355800, 0.190000
0.356000, 0.190000
0.356200, 0.190000
0.356400, 0.190000
0.356600, 0.190000
0.356800, 0.190000
0.357000, 0.190000
0.357200, 0.190000
0.357400, 0.190000
0.357600, 0.190000
0.357800, 0.190000
0.358000, 0.190000
0.358200, 0.190000
0.358400, 0.190000
0.358600, 0.190000
0.358800, 0.190000
0.359000, 0.190000
0.359200, 0.190000
0.359400, 0.190000
0.359600, 0.190000
0.360000, 0.190000
0.360200, 0.190000
0.360400, 0.190000
0.360600, 0.190000
0.360800, 0.190000
0.361000, 0.190000
0.361200, 0.190000
0.361600, 0.190000
0.361800, 0.190000
0.362000, 0.190000
0.362400, 0.190000
0.362600, 0.190000
0.362800, 0.190000
0.363000, 0.190000
0.363200, 0.190000
0.363400, 0.190000
0.363600, 0.190000
0.363800, 0.190000
0.364000, 0.190000
0.364400, 0.190000
0.364600, 0.190000
0.364800, 0.190000
0.365000, 0.190000
0.365200, 0.190000
0.365400, 0.190000
0.365600, 0.190000
0.365800, 0.190000
0.366000, 0.190000
0.366200, 0.190000
0.366400, 0.190000
0.366600, 0.190000
0.366800, 0.190000
0.367000, 0.190000
0.367200, 0.190000
0.367400, 0.190000
0.367600, 0.190000
0.367800, 0.190000
0.368000, 0.190000
0.368400, 0.190000
0.368600, 0.190000
0.368800, 0.190000
0.368800, 0.200000
0.369000, 0.200000
0.369200, 0.200000
0.369400, 0.200000
0.369600, 0.200000
0.369800, 0.200000
0.370000, 0.200000
0.370200, 0.200000
0.370400, 0.200000
0.370600, 0.200000
0.370800, 0.200000
0.371000, 0.200000
0.371200, 0.200000
0.371400, 0.200000
0.371600, 0.200000
0.371800, 0.200000
0.372000, 0.200000
0.372200, 0.200000
0.372400, 0.200000
0.372600, 0.200000
0.372800, 0.200000
0.373000, 0.200000
0.373200, 0.200000
0.373400, 0.200000
0.373600, 0.200000
0.373800, 0.200000
0.374000, 0.200000
0.374200, 0.200000
0.374400, 0.200000
0.374600, 0.200000
0.374800, 0.200000
0.375000, 0.200000
0.375200, 0.200000
0.375400, 0.200000
0.375600, 0.200000
0.375800, 0.200000
0.376000, 0.200000
0.376200, 0.200000
0.376400, 0.200000
0.376600, 0.200000
0.376800, 0.200000
0.377000, 0.200000
0.377200, 0.200000
0.377400, 0.200000
0.377600, 0.200000
0.377800, 0.200000
0.378000, 0.200000
0.378200, 0.200000
0.378400, 0.200000
0.378400, 0.210000
0.378600, 0.210000
0.378800, 0.210000
0.379000, 0.210000
0.379200, 0.210000
0.379400, 0.210000
0.379600, 0.210000
0.379800, 0.210000
0.380000, 0.210000
0.380200, 0.210000
0.380400, 0.210000
0.380600, 0.210000
0.380800, 0.210000
0.381000, 0.210000
0.381200, 0.210000
0.381400, 0.210000
0.381600, 0.210000
0.381800, 0.210000
0.382000, 0.210000
0.382200, 0.210000
0.382400, 0.210000
0.382600, 0.210000
0.382800, 0.210000
0.383000, 0.210000
0.383200, 0.210000
0.383400, 0.210000
0.383600, 0.210000
0.384000, 0.210000
0.384200, 0.210000
0.384400, 0.210000
0.384600, 0.210000
0.384800, 0.210000
0.385000, 0.210000
0.385200, 0.210000
0.385400, 0.210000
0.385600, 0.210000
0.385800, 0.210000
0.386000, 0.210000
0.386200, 0.210000
0.386400, 0.210000
0.386600, 0.210000
0.386800, 0.210000
0.387000, 0.210000
0.387200, 0.210000
0.387400, 0.210000
0.387600, 0.210000
0.387800, 0.210000
0.388000, 0.210000
0.388200, 0.210000
0.388400, 0.210000
0.388600, 0.210000
0.388800, 0.210000
0.389000, 0.210000
0.389200, 0.210000
0.389400, 0.210000
0.389600, 0.210000
0.389800, 0.210000
0.390000, 0.210000
0.390200, 0.210000
0.390400, 0.210000
0.390600, 0.210000
0.390800, 0.210000
0.391000, 0.210000
0.391200, 0.210000
0.391400, 0.210000
0.391600, 0.210000
0.391800, 0.210000
0.392000, 0.210000
0.392200, 0.210000
0.392400, 0.210000
0.392800, 0.210000
0.393000, 0.210000
0.393200, 0.210000
0.393400, 0.210000
0.393800, 0.210000
0.394000, 0.210000
0.394400, 0.210000
0.394600, 0.210000
0.395000, 0.210000
0.395200, 0.210000
0.395400, 0.210000
0.395600, 0.210000
0.395800, 0.210000
0.396000, 0.210000
0.396200, 0.210000
0.396400, 0.210000
0.396800, 0.210000
0.397000, 0.210000
0.397200, 0.210000
0.397400, 0.210000
0.397600, 0.210000
0.397800, 0.210000
0.398000, 0.210000
0.398400, 0.210000
0.398600, 0.210000
0.398800, 0.210000
0.399200, 0.210000
0.399400, 0.210000
0.399600, 0.210000
0.399800, 0.210000
0.400000, 0.210000
0.400400, 0.210000
0.400600, 0.210000
0.400800, 0.210000
0.401000, 0.210000
0.401200, 0.210000
0.401400, 0.210000
0.401800, 0.210000
0.402000, 0.210000
0.402200, 0.210000
0.402400, 0.210000
0.402600, 0.210000
0.402800, 0.210000
0.403200, 0.210000
0.403400, 0.210000
0.403600, 0.210000
0.403800, 0.210000
0.404000, 0.210000
0.404200, 0.210000
0.404400, 0.210000
0.404800, 0.210000
0.405000, 0.210000
0.405400, 0.210000
0.405800, 0.210000
0.406000, 0.210000
0.406200, 0.210000
0.406400, 0.210000
0.406600, 0.210000
0.406800, 0.210000
0.407000, 0.210000
0.407200, 0.210000
0.407400, 0.210000
0.407600, 0.210000
0.408000, 0.210000
0.408400, 0.210000
0.408600, 0.210000
0.408800, 0.210000
0.409000, 0.210000
0.409200, 0.210000
0.409400, 0.210000
0.409600, 0.210000
0.409800, 0.210000
0.409800, 0.220000
0.410000, 0.220000
0.410200, 0.220000
0.410400, 0.220000
0.410800, 0.220000
0.411000, 0.220000
0.411200, 0.220000
0.411400, 0.220000
0.411600, 0.220000
0.412000, 0.220000
0.412200, 0.220000
0.412600, 0.220000
0.413200, 0.220000
0.413400, 0.220000
0.413600, 0.220000
0.414000, 0.220000
0.414400, 0.220000
0.414800, 0.220000
0.415000, 0.230000
0.415200, 0.230000
0.415400, 0.230000
0.415800, 0.230000
0.416000, 0.230000
0.416200, 0.230000
0.416600, 0.230000
0.416800, 0.230000
0.417000, 0.230000
0.417200, 0.230000
0.417400, 0.230000
0.417600, 0.230000
0.417800, 0.230000
0.418000, 0.230000
0.418200, 0.230000
0.418400, 0.230000
0.418600, 0.230000
0.418800, 0.230000
0.419200, 0.230000
0.419400, 0.230000
0.419600, 0.230000
0.420000, 0.230000
0.420400, 0.230000
0.420600, 0.230000
0.420800, 0.230000
0.421000, 0.230000
0.421400, 0.230000
0.421600, 0.230000
0.421800, 0.230000
0.422000, 0.230000
0.422400, 0.230000
0.422600, 0.230000
0.422800, 0.230000
0.423000, 0.230000
0.423200, 0.230000
0.423400, 0.230000
0.423600, 0.230000
0.423800, 0.230000
0.424000, 0.230000
0.424200, 0.230000
0.424400, 0.230000
0.424600, 0.230000
0.424800, 0.230000
0.425000, 0.230000
0.425200, 0.230000
0.425400, 0.230000
0.425600, 0.230000
0.425800, 0.230000
0.426000, 0.230000
0.426200, 0.230000
0.426400, 0.230000
0.426600, 0.230000
0.426800, 0.230000
0.427000, 0.230000
0.427200, 0.230000
0.427600, 0.230000
0.428400, 0.230000
0.428600, 0.230000
0.428800, 0.230000
0.429000, 0.230000
0.429200, 0.230000
0.429400, 0.230000
0.429600, 0.230000
0.430000, 0.230000
0.430200, 0.230000
0.430400, 0.230000
0.430600, 0.230000
0.430800, 0.230000
0.431200, 0.230000
0.431400, 0.230000
0.431600, 0.230000
0.431800, 0.230000
0.432000, 0.230000
0.432200, 0.230000
0.432400, 0.230000
0.432600, 0.230000
0.433000, 0.230000
0.433200, 0.230000
0.433400, 0.230000
0.433600, 0.230000
0.433800, 0.230000
0.434000, 0.230000
0.434200, 0.230000
0.434400, 0.230000
0.434600, 0.230000
0.434800, 0.230000
0.435000, 0.230000
0.435200, 0.230000
0.435600, 0.230000
0.435800, 0.230000
0.436000, 0.230000
0.436200, 0.230000
0.436400, 0.230000
0.436600, 0.230000
0.436800, 0.230000
0.437000, 0.230000
0.437200, 0.230000
0.437400, 0.230000
0.437600, 0.230000
0.437800, 0.230000
0.438000, 0.230000
0.438200, 0.230000
0.438400, 0.230000
0.438600, 0.230000
0.438800, 0.230000
0.439000, 0.230000
0.439200, 0.230000
0.439400, 0.230000
0.439600, 0.230000
0.439800, 0.230000
0.440000, 0.230000
0.440200, 0.230000
0.440400, 0.230000
0.440600, 0.230000
0.440800, 0.230000
0.441000, 0.230000
0.441200, 0.230000
0.441400, 0.230000
0.441600, 0.230000
0.441800, 0.230000
0.442000, 0.230000
0.442400, 0.230000
0.442600, 0.230000
0.442800, 0.230000
0.443000, 0.230000
0.443200, 0.230000
0.443400, 0.230000
0.443600, 0.230000
0.443800, 0.230000
0.444000, 0.230000
0.444200, 0.230000
0.444400, 0.230000
0.444600, 0.230000
0.444800, 0.230000
0.445000, 0.230000
0.445200, 0.230000
0.445400, 0.230000
0.445600, 0.230000
0.445800, 0.230000
0.446000, 0.230000
0.446200, 0.230000
0.446400, 0.230000
0.446600, 0.230000
0.446800, 0.230000
0.447000, 0.230000
0.447200, 0.230000
0.447400, 0.230000
0.447600, 0.230000
0.447800, 0.230000
0.448000, 0.230000
0.448200, 0.230000
0.448400, 0.230000
0.448600, 0.230000
0.448800, 0.230000
0.449400, 0.230000
0.449600, 0.230000
0.449800, 0.230000
0.450000, 0.230000
0.450200, 0.230000
0.450400, 0.230000
0.450600, 0.230000
0.450800, 0.230000
0.451000, 0.230000
0.451200, 0.230000
0.451800, 0.230000
0.452000, 0.230000
0.452200, 0.230000
0.452400, 0.230000
0.452600, 0.230000
0.452800, 0.230000
0.453000, 0.230000
0.453200, 0.230000
0.453400, 0.230000
0.453600, 0.230000
0.453800, 0.230000
0.454000, 0.230000
0.454200, 0.230000
0.454400, 0.230000
0.454600, 0.230000
0.454800, 0.230000
0.455000, 0.230000
0.455400, 0.230000
0.455600, 0.230000
0.455800, 0.230000
0.456000, 0.230000
0.456200, 0.230000
0.456400, 0.230000
0.456600, 0.230000
0.456800, 0.230000
0.457000, 0.230000
0.457400, 0.230000
0.457600, 0.230000
0.457800, 0.230000
0.458200, 0.230000
0.458400, 0.230000
0.458600, 0.230000
0.458800, 0.230000
0.459000, 0.230000
0.459200, 0.230000
0.459400, 0.230000
0.459600, 0.230000
0.459800, 0.230000
0.460000, 0.230000
0.460000, 0.290000
0.460200, 0.290000
0.460400, 0.290000
0.460600, 0.290000
0.460800, 0.290000
0.461000, 0.290000
0.461200, 0.290000
0.461400, 0.290000
0.461600, 0.290000
0.461800, 0.290000
0.462000, 0.290000
0.462200, 0.290000
0.462600, 0.290000
0.462800, 0.290000
0.463000, 0.290000
0.463400, 0.290000
0.463600, 0.290000
0.463800, 0.290000
0.464200, 0.290000
0.464400, 0.290000
0.464600, 0.290000
0.464800, 0.290000
0.465000, 0.290000
0.465400, 0.290000
0.465600, 0.290000
0.465800, 0.290000
0.466000, 0.290000
0.466200, 0.290000
0.466400, 0.290000
0.466600, 0.290000
0.466800, 0.290000
0.467000, 0.290000
0.467200, 0.290000
0.467400, 0.290000
0.467600, 0.290000
0.467800, 0.290000
0.468000, 0.290000
0.468200, 0.290000
0.468400, 0.290000
0.468600, 0.290000
0.468800, 0.290000
0.469000, 0.290000
0.469400, 0.290000
0.469600, 0.290000
0.469800, 0.290000
0.470200, 0.290000
0.470400, 0.290000
0.470800, 0.290000
0.471000, 0.290000
0.471400, 0.290000
0.471600, 0.290000
0.471800, 0.290000
0.472000, 0.290000
0.472200, 0.290000
0.472400, 0.290000
0.472600, 0.290000
0.472800, 0.290000
0.473000, 0.290000
0.473200, 0.290000
0.473400, 0.290000
0.473800, 0.290000
0.474000, 0.290000
0.474400, 0.290000
0.474800, 0.290000
0.475000, 0.290000
0.475200, 0.290000
0.475600, 0.290000
0.475800, 0.290000
0.476000, 0.290000
0.476200, 0.290000
0.476400, 0.290000
0.476600, 0.290000
0.476800, 0.290000
0.477000, 0.290000
0.477200, 0.290000
0.477400, 0.290000
0.477600, 0.290000
0.477800, 0.290000
0.478000, 0.290000
0.478200, 0.300000
0.478400, 0.300000
0.478800, 0.300000
0.479000, 0.300000
0.479200, 0.300000
0.479400, 0.300000
0.479600, 0.300000
0.479800, 0.300000
0.480200, 0.300000
0.480400, 0.300000
0.480600, 0.300000
0.480800, 0.300000
0.481000, 0.300000
0.481200, 0.300000
0.481800, 0.300000
0.482000, 0.300000
0.482400, 0.300000
0.482800, 0.300000
0.483000, 0.300000
0.483200, 0.300000
0.483400, 0.300000
0.483600, 0.310000
0.483800, 0.310000
0.484000, 0.310000
0.484200, 0.310000
0.484400, 0.310000
0.484600, 0.310000
0.484800, 0.310000
0.485000, 0.310000
0.485200, 0.310000
0.485600, 0.310000
0.485800, 0.320000
0.486400, 0.320000
0.486800, 0.320000
0.487000, 0.320000
0.487200, 0.320000
0.487400, 0.320000
0.487600, 0.320000
0.488000, 0.320000
0.488400, 0.320000
0.488600, 0.320000
0.488800, 0.330000
0.489000, 0.330000
0.489200, 0.330000
0.489400, 0.330000
0.489800, 0.330000
0.490000, 0.330000
0.490400, 0.330000
0.490800, 0.330000
0.491000, 0.330000
0.491200, 0.330000
0.491400, 0.330000
0.491600, 0.330000
0.491800, 0.330000
0.492400, 0.330000
0.492600, 0.330000
0.492800, 0.330000
0.493000, 0.330000
0.493200, 0.330000
0.493400, 0.330000
0.493600, 0.330000
0.494000, 0.330000
0.494400, 0.330000
0.494600, 0.330000
0.494800, 0.330000
0.495200, 0.330000
0.495400, 0.330000
0.495600, 0.330000
0.495800, 0.330000
0.496200, 0.330000
0.496600, 0.330000
0.496800, 0.330000
0.497000, 0.330000
0.497200, 0.330000
0.497800, 0.330000
0.498000, 0.340000
0.498200, 0.340000
0.498600, 0.340000
0.498800, 0.340000
0.499000, 0.340000
0.499200, 0.340000
0.499400, 0.340000
0.499600, 0.340000
0.499800, 0.340000
0.500000, 0.340000
0.500200, 0.340000
0.500400, 0.340000
0.500600, 0.340000
0.500800, 0.340000
0.501000, 0.340000
0.501200, 0.340000
0.501400, 0.340000
0.501600, 0.340000
0.501800, 0.340000
0.502000, 0.340000
0.502200, 0.340000
0.502400, 0.340000
0.502600, 0.340000
0.502800, 0.340000
0.503000, 0.340000
0.503200, 0.340000
0.503400, 0.340000
0.503600, 0.340000
0.503800, 0.340000
0.504000, 0.340000
0.504200, 0.340000
0.504400, 0.340000
0.504600, 0.340000
0.504800, 0.340000
0.505000, 0.340000
0.505200, 0.340000
0.505400, 0.340000
0.505600, 0.340000
0.505800, 0.340000
0.506000, 0.340000
0.506200, 0.340000
0.506400, 0.340000
0.506600, 0.340000
0.506800, 0.800000
0.507000, 0.800000
0.507000, 0.810000
0.507200, 0.810000
0.507400, 0.810000
0.507600, 0.810000
0.507800, 0.810000
0.508000, 0.810000
0.508200, 0.810000
0.508400, 0.810000
0.508600, 0.810000
0.508800, 0.810000
0.509000, 0.810000
0.509200, 0.810000
0.509400, 0.810000
0.509600, 0.810000
0.509800, 0.810000
0.510000, 0.810000
0.510200, 0.810000
0.510400, 0.810000
0.510600, 0.810000
0.510800, 0.810000
0.511000, 0.810000
0.511200, 0.810000
0.511400, 0.810000
0.511600, 0.810000
0.512000, 0.810000
0.512400, 0.810000
0.512600, 0.810000
0.512800, 0.810000
0.513000, 0.810000
0.513200, 0.810000
0.513400, 0.810000
0.513600, 0.810000
0.513800, 0.810000
0.514000, 0.810000
0.514200, 0.810000
0.514400, 0.810000
0.514600, 0.810000
0.514800, 0.810000
0.515000, 0.810000
0.515200, 0.810000
0.515400, 0.810000
0.515600, 0.810000
0.515800, 0.810000
0.516000, 0.810000
0.516400, 0.810000
0.516600, 0.810000
0.516800, 0.810000
0.517000, 0.810000
0.517400, 0.810000
0.517600, 0.810000
0.517800, 0.810000
0.518000, 0.810000
0.518400, 0.810000
0.518600, 0.810000
0.518800, 0.810000
0.519000, 0.810000
0.519200, 0.810000
0.519400, 0.810000
0.519600, 0.810000
0.519800, 0.810000
0.520000, 0.810000
0.520400, 0.810000
0.520600, 0.810000
0.521000, 0.810000
0.521200, 0.810000
0.521400, 0.810000
0.521600, 0.810000
0.521800, 0.810000
0.522000, 0.810000
0.522200, 0.810000
0.522400, 0.810000
0.522800, 0.810000
0.523000, 0.810000
0.523200, 0.810000
0.523400, 0.810000
0.523600, 0.810000
0.523800, 0.810000
0.524000, 0.810000
0.524200, 0.810000
0.524400, 0.810000
0.524800, 0.810000
0.525000, 0.810000
0.525400, 0.810000
0.525800, 0.810000
0.526000, 0.820000
0.526200, 0.820000
0.526400, 0.820000
0.526600, 0.820000
0.526800, 0.820000
0.527000, 0.820000
0.527200, 0.820000
0.527400, 0.820000
0.527600, 0.820000
0.527800, 0.820000
0.528000, 0.820000
0.528200, 0.820000
0.528400, 0.820000
0.528600, 0.820000
0.528800, 0.820000
0.529200, 0.820000
0.529400, 0.820000
0.529800, 0.820000
0.530000, 0.820000
0.530400, 0.820000
0.530600, 0.820000
0.530800, 0.820000
0.531000, 0.820000
0.531200, 0.820000
0.531600, 0.820000
0.531800, 0.820000
0.532000, 0.820000
0.532200, 0.820000
0.532400, 0.820000
0.532600, 0.820000
0.532800, 0.820000
0.533000, 0.820000
0.533200, 0.820000
0.533400, 0.820000
0.533600, 0.820000
0.533800, 0.820000
0.534000, 0.820000
0.534200, 0.820000
0.534400, 0.820000
0.534600, 0.820000
0.534800, 0.820000
0.535000, 0.820000
0.535200, 0.820000
0.535400, 0.820000
0.535600, 0.820000
0.536000, 0.820000
0.536200, 0.820000
0.536400, 0.820000
0.536600, 0.820000
0.536800, 0.820000
0.537000, 0.820000
0.537200, 0.820000
0.537600, 0.820000
0.537800, 0.820000
0.538000, 0.820000
0.538200, 0.820000
0.538400, 0.820000
0.539000, 0.820000
0.539200, 0.820000
0.539400, 0.820000
0.539600, 0.820000
0.539800, 0.820000
0.540000, 0.820000
0.540200, 0.820000
0.540400, 0.820000
0.540600, 0.820000
0.540800, 0.820000
0.541200, 0.820000
0.541200, 0.830000
0.541400, 0.830000
0.541600, 0.840000
0.542000, 0.840000
0.542400, 0.840000
0.542600, 0.840000
0.542800, 0.840000
0.543000, 0.840000
0.543200, 0.840000
0.543400, 0.840000
0.543600, 0.840000
0.543800, 0.840000
0.544000, 0.840000
0.544200, 0.840000
0.544400, 0.840000
0.544600, 0.840000
0.544800, 0.840000
0.545000, 0.840000
0.545200, 0.840000
0.545400, 0.840000
0.545600, 0.840000
0.545800, 0.840000
0.546000, 0.840000
0.546200, 0.840000
0.546400, 0.840000
0.546600, 0.840000
0.546800, 0.840000
0.547000, 0.840000
0.547200, 0.840000
0.547400, 0.840000
0.547400, 0.850000
0.547800, 0.850000
0.548000, 0.850000
0.548200, 0.850000
0.548600, 0.850000
0.548800, 0.850000
0.549000, 0.850000
0.549200, 0.850000
0.549400, 0.850000
0.549600, 0.850000
0.550200, 0.850000
0.550400, 0.850000
0.550600, 0.850000
0.551000, 0.850000
0.551400, 0.850000
0.551800, 0.850000
0.552000, 0.850000
0.552200, 0.850000
0.552400, 0.850000
0.552600, 0.850000
0.552800, 0.850000
0.553000, 0.850000
0.553200, 0.850000
0.553400, 0.850000
0.553600, 0.850000
0.553800, 0.850000
0.554200, 0.850000
0.554400, 0.850000
0.554600, 0.850000
0.555000, 0.850000
0.555200, 0.850000
0.555600, 0.850000
0.555800, 0.850000
0.556000, 0.850000
0.556200, 0.850000
0.556400, 0.850000
0.556600, 0.850000
0.556800, 0.850000
0.557000, 0.850000
0.557200, 0.850000
0.557600, 0.850000
0.557800, 0.850000
0.558000, 0.850000
0.558200, 0.850000
0.558400, 0.850000
0.558600, 0.850000
0.558800, 0.850000
0.559000, 0.850000
0.559200, 0.850000
0.559400, 0.850000
0.559600, 0.850000
0.560000, 0.850000
0.560200, 0.850000
0.560400, 0.850000
0.560600, 0.850000
0.560800, 0.850000
0.561000, 0.850000
0.561200, 0.850000
0.561400, 0.850000
0.561600, 0.850000
0.561800, 0.850000
0.562000, 0.850000
0.562200, 0.850000
0.562400, 0.850000
0.562600, 0.850000
0.563000, 0.850000
0.563200, 0.850000
0.563400, 0.850000
0.563600, 0.850000
0.563800, 0.850000
0.564000, 0.850000
0.564200, 0.850000
0.564400, 0.850000
0.564600, 0.850000
0.564800, 0.850000
0.565000, 0.850000
0.565200, 0.850000
0.565400, 0.850000
0.565600, 0.850000
0.565800, 0.850000
0.566000, 0.850000
0.566200, 0.850000
0.566600, 0.850000
0.566800, 0.850000
0.567000, 0.850000
0.567200, 0.850000
0.567600, 0.850000
0.567800, 0.860000
0.568200, 0.860000
0.568400, 0.860000
0.568600, 0.860000
0.568800, 0.860000
0.569000, 0.860000
0.569200, 0.860000
0.569400, 0.860000
0.569600, 0.860000
0.569800, 0.860000
0.570000, 0.860000
0.570200, 0.860000
0.570400, 0.860000
0.570800, 0.860000
0.571000, 0.860000
0.571200, 0.860000
0.571400, 0.860000
0.571600, 0.860000
0.571800, 0.860000
0.572000, 0.860000
0.572200, 0.860000
0.572400, 0.860000
0.572800, 0.860000
0.573000, 0.860000
0.573200, 0.860000
0.573400, 0.860000
0.573600, 0.860000
0.573800, 0.860000
0.574000, 0.860000
0.574200, 0.860000
0.574400, 0.860000
0.574600, 0.860000
0.575000, 0.860000
0.575200, 0.860000
0.575400, 0.860000
0.575600, 0.860000
0.576000, 0.860000
0.576400, 0.860000
0.576600, 0.860000
0.576800, 0.860000
0.577000, 0.860000
0.577200, 0.860000
0.577400, 0.860000
0.577600, 0.860000
0.577800, 0.860000
0.578000, 0.860000
0.578200, 0.860000
0.578400, 0.860000
0.578600, 0.860000
0.578800, 0.860000
0.579000, 0.860000
0.579200, 0.860000
0.579400, 0.860000
0.579600, 0.860000
0.579800, 0.860000
0.580000, 0.860000
0.580200, 0.860000
0.580400, 0.860000
0.580600, 0.860000
0.580800, 0.860000
0.581000, 0.860000
0.581600, 0.860000
0.581800, 0.860000
0.582000, 0.860000
0.582200, 0.860000
0.582400, 0.860000
0.582600, 0.870000
0.582800, 0.870000
0.583000, 0.870000
0.583200, 0.870000
0.583400, 0.870000
0.583600, 0.870000
0.584000, 0.870000
0.584200, 0.870000
0.584400, 0.870000
0.584600, 0.870000
0.584800, 0.870000
0.585000, 0.870000
0.585200, 0.870000
0.585400, 0.870000
0.585600, 0.870000
0.585800, 0.870000
0.586000, 0.870000
0.586200, 0.870000
0.586400, 0.870000
0.586600, 0.870000
0.587000, 0.870000
0.587200, 0.870000
0.587400, 0.870000
0.587600, 0.870000
0.588000, 0.870000
0.588200, 0.870000
0.588400, 0.870000
0.588600, 0.870000
0.588800, 0.870000
0.589000, 0.870000
0.589200, 0.870000
0.589400, 0.870000
0.589600, 0.870000
0.589800, 0.870000
0.590000, 0.870000
0.590200, 0.870000
0.590600, 0.870000
0.590800, 0.870000
0.591000, 0.870000
0.591200, 0.870000
0.591600, 0.870000
0.591800, 0.870000
0.592000, 0.870000
0.592200, 0.870000
0.592400, 0.870000
0.592600, 0.870000
0.592800, 0.870000
0.593200, 0.870000
0.593400, 0.870000
0.593600, 0.870000
0.593800, 0.870000
0.594000, 0.870000
0.594200, 0.870000
0.594600, 0.870000
0.594800, 0.870000
0.595000, 0.870000
0.595200, 0.870000
0.595400, 0.870000
0.595800, 0.870000
0.596200, 0.870000
0.596600, 0.870000
0.596800, 0.870000
0.597000, 0.870000
0.597200, 0.870000
0.597600, 0.870000
0.597800, 0.870000
0.598000, 0.870000
0.598400, 0.870000
0.598600, 0.870000
0.599000, 0.870000
0.599400, 0.870000
0.599600, 0.870000
0.600000, 0.870000
0.600200, 0.870000
0.600400, 0.870000
0.600600, 0.870000
0.600800, 0.870000
0.601000, 0.870000
0.601200, 0.870000
0.601600, 0.870000
0.601800, 0.870000
0.602200, 0.870000
0.602400, 0.870000
0.602600, 0.870000
0.602800, 0.870000
0.603000, 0.870000
0.603200, 0.870000
0.603400, 0.870000
0.603600, 0.870000
0.603800, 0.870000
0.604000, 0.870000
0.604200, 0.870000
0.604400, 0.870000
0.604600, 0.870000
0.604800, 0.870000
0.605000, 0.870000
0.605200, 0.870000
0.605400, 0.870000
0.605800, 0.870000
0.606000, 0.870000
0.606200, 0.870000
0.606400, 0.870000
0.606800, 0.870000
0.607000, 0.870000
0.607200, 0.870000
0.607400, 0.870000
0.607600, 0.870000
0.607800, 0.870000
0.608000, 0.870000
0.608200, 0.870000
0.608400, 0.870000
0.608800, 0.870000
0.609600, 0.870000
0.609800, 0.870000
0.610400, 0.870000
0.610800, 0.870000
0.611000, 0.870000
0.611200, 0.870000
0.611400, 0.870000
0.611600, 0.870000
0.611800, 0.870000
0.611800, 0.880000
0.612000, 0.880000
0.612200, 0.880000
0.612400, 0.880000
0.612600, 0.880000
0.612800, 0.880000
0.613000, 0.880000
0.613200, 0.880000
0.613400, 0.880000
0.613600, 0.880000
0.614200, 0.880000
0.614400, 0.880000
0.614600, 0.880000
0.614800, 0.880000
0.615000, 0.880000
0.615200, 0.880000
0.615400, 0.880000
0.615600, 0.880000
0.615800, 0.880000
0.616200, 0.880000
0.616400, 0.880000
0.617000, 0.880000
0.617200, 0.880000
0.617600, 0.880000
0.618000, 0.880000
0.618400, 0.880000
0.618600, 0.880000
0.618800, 0.880000
0.619000, 0.880000
0.619200, 0.880000
0.619400, 0.880000
0.619600, 0.880000
0.619800, 0.880000
0.620400, 0.880000
0.620800, 0.880000
0.621000, 0.880000
0.621200, 0.880000
0.621600, 0.880000
0.621800, 0.880000
0.622000, 0.880000
0.622200, 0.880000
0.622400, 0.880000
0.622600, 0.880000
0.622800, 0.880000
0.623200, 0.880000
0.623400, 0.880000
0.623600, 0.880000
0.623800, 0.880000
0.624000, 0.880000
0.624200, 0.880000
0.624400, 0.880000
0.624600, 0.880000
0.624800, 0.880000
0.625000, 0.880000
0.625200, 0.880000
0.625400, 0.880000
0.625600, 0.880000
0.625800, 0.880000
0.626200, 0.880000
0.626400, 0.880000
0.626600, 0.880000
0.626800, 0.880000
0.627000, 0.880000
0.627200, 0.880000
0.627400, 0.880000
0.627600, 0.880000
0.627800, 0.880000
0.628000, 0.880000
0.628200, 0.880000
0.628400, 0.880000
0.628600, 0.880000
0.628800, 0.880000
0.629000, 0.880000
0.629200, 0.880000
0.629400, 0.880000
0.629600, 0.880000
0.629800, 0.880000
0.630000, 0.880000
0.630200, 0.880000
0.630400, 0.880000
0.630600, 0.880000
0.630800, 0.880000
0.631000, 0.880000
0.631200, 0.880000
0.631400, 0.880000
0.631600, 0.880000
0.631800, 0.880000
0.632000, 0.880000
0.632200, 0.880000
0.632400, 0.880000
0.632600, 0.880000
0.632800, 0.880000
0.633000, 0.880000
0.633200, 0.880000
0.633400, 0.880000
0.633600, 0.880000
0.633800, 0.880000
0.634000, 0.880000
0.634200, 0.880000
0.634400, 0.880000
0.634600, 0.880000
0.634800, 0.880000
0.635000, 0.880000
0.635200, 0.880000
0.635400, 0.880000
0.635600, 0.880000
0.635800, 0.880000
0.636000, 0.880000
0.636200, 0.880000
0.636400, 0.880000
0.636600, 0.880000
0.636800, 0.880000
0.637000, 0.880000
0.637200, 0.880000
0.637400, 0.880000
0.637600, 0.880000
0.637800, 0.880000
0.638000, 0.880000
0.638200, 0.880000
0.638400, 0.880000
0.638600, 0.880000
0.638800, 0.880000
0.639000, 0.880000
0.639200, 0.880000
0.639400, 0.880000
0.639600, 0.880000
0.639800, 0.880000
0.640000, 0.880000
0.640200, 0.880000
0.640400, 0.880000
0.640600, 0.880000
0.640800, 0.880000
0.641000, 0.880000
0.641200, 0.880000
0.641400, 0.880000
0.641600, 0.880000
0.641800, 0.880000
0.642000, 0.880000
0.642200, 0.880000
0.642400, 0.880000
0.642600, 0.880000
0.642800, 0.880000
0.643000, 0.880000
0.643200, 0.880000
0.643400, 0.880000
0.643600, 0.880000
0.643800, 0.880000
0.644000, 0.880000
0.644200, 0.880000
0.644400, 0.880000
0.644600, 0.880000
0.644800, 0.880000
0.645000, 0.880000
0.645200, 0.880000
0.645400, 0.880000
0.645600, 0.880000
0.645800, 0.880000
0.646000, 0.880000
0.646200, 0.880000
0.646400, 0.880000
0.646600, 0.880000
0.646800, 0.880000
0.647000, 0.880000
0.647200, 0.880000
0.647400, 0.880000
0.647600, 0.880000
0.647800, 0.880000
0.648000, 0.880000
0.648200, 0.880000
0.648400, 0.880000
0.648600, 0.880000
0.648800, 0.880000
0.649000, 0.880000
0.649200, 0.880000
0.649200, 0.890000
0.649400, 0.890000
0.649600, 0.890000
0.649800, 0.890000
0.650000, 0.890000
0.650200, 0.890000
0.650400, 0.890000
0.650600, 0.890000
0.650800, 0.890000
0.651000, 0.890000
0.651200, 0.890000
0.651400, 0.890000
0.651600, 0.890000
0.651800, 0.890000
0.652000, 0.890000
0.652200, 0.890000
0.652400, 0.890000
0.652600, 0.890000
0.652800, 0.890000
0.653000, 0.890000
0.653200, 0.890000
0.653400, 0.890000
0.653600, 0.890000
0.653800, 0.890000
0.654000, 0.890000
0.654200, 0.890000
0.654400, 0.890000
0.654600, 0.890000
0.654800, 0.890000
0.655000, 0.890000
0.655200, 0.890000
0.655400, 0.890000
0.655600, 0.890000
0.655800, 0.890000
0.656000, 0.890000
0.656200, 0.890000
0.656400, 0.890000
0.656600, 0.890000
0.656800, 0.890000
0.657000, 0.890000
0.657200, 0.890000
0.657400, 0.890000
0.657600, 0.890000
0.657800, 0.890000
0.658000, 0.890000
0.658200, 0.890000
0.658400, 0.890000
0.658600, 0.890000
0.658800, 0.890000
0.659200, 0.890000
0.659400, 0.890000
0.659600, 0.890000
0.659800, 0.890000
0.660000, 0.890000
0.660200, 0.890000
0.660400, 0.890000
0.660600, 0.890000
0.660800, 0.890000
0.661000, 0.890000
0.661200, 0.890000
0.661400, 0.890000
0.661600, 0.890000
0.661800, 0.890000
0.662200, 0.890000
0.662400, 0.890000
0.662600, 0.890000
0.662800, 0.890000
0.663000, 0.890000
0.663000, 0.900000
0.663200, 0.900000
0.663400, 0.900000
0.663600, 0.900000
0.663800, 0.900000
0.664000, 0.900000
0.664200, 0.900000
0.664400, 0.900000
0.664600, 0.900000
0.664800, 0.900000
0.665000, 0.900000
0.665200, 0.900000
0.665400, 0.900000
0.665600, 0.900000
0.665800, 0.900000
0.666000, 0.900000
0.666200, 0.900000
0.666400, 0.900000
0.666600, 0.900000
0.666800, 0.900000
0.667000, 0.900000
0.667200, 0.900000
0.667400, 0.900000
0.667600, 0.900000
0.667800, 0.900000
0.668000, 0.900000
0.668200, 0.900000
0.668400, 0.900000
0.668600, 0.900000
0.668800, 0.900000
0.669000, 0.900000
0.669200, 0.900000
0.669400, 0.900000
0.669600, 0.900000
0.669800, 0.900000
0.670000, 0.900000
0.670200, 0.900000
0.670400, 0.900000
0.670600, 0.900000
0.670800, 0.900000
0.671000, 0.900000
0.671200, 0.900000
0.671400, 0.900000
0.671600, 0.900000
0.671800, 0.900000
0.672000, 0.900000
0.672200, 0.900000
0.672400, 0.900000
0.672600, 0.900000
0.672800, 0.900000
0.673000, 0.900000
0.673200, 0.900000
0.673400, 0.900000
0.673600, 0.900000
0.673800, 0.900000
0.674000, 0.900000
0.674200, 0.900000
0.674400, 0.900000
0.674600, 0.900000
0.674800, 0.900000
0.675000, 0.900000
0.675200, 0.900000
0.675400, 0.900000
0.675600, 0.900000
0.675800, 0.900000
0.676000, 0.900000
0.676200, 0.900000
0.676400, 0.900000
0.676600, 0.900000
0.676800, 0.900000
0.677000, 0.900000
0.677200, 0.900000
0.677400, 0.900000
0.677800, 0.900000
0.678000, 0.900000
0.678200, 0.900000
0.678400, 0.900000
0.678600, 0.900000
0.678800, 0.900000
0.679000, 0.900000
0.679200, 0.900000
0.679400, 0.900000
0.679600, 0.900000
0.679800, 0.900000
0.680000, 0.900000
0.680200, 0.900000
0.680400, 0.900000
0.680600, 0.900000
0.680800, 0.900000
0.681000, 0.900000
0.681200, 0.900000
0.681400, 0.900000
0.681600, 0.900000
0.681800, 0.900000
0.682000, 0.900000
0.682200, 0.900000
0.682400, 0.900000
0.682600, 0.900000
0.682800, 0.900000
0.683000, 0.900000
0.683200, 0.900000
0.683400, 0.900000
0.683800, 0.900000
0.684000, 0.900000
0.684200, 0.900000
0.684400, 0.900000
0.684600, 0.900000
0.684800, 0.900000
0.685000, 0.900000
0.685200, 0.900000
0.685400, 0.900000
0.685600, 0.900000
0.686000, 0.900000
0.686400, 0.900000
0.686600, 0.900000
0.686800, 0.900000
0.687000, 0.900000
0.687200, 0.900000
0.687400, 0.900000
0.687600, 0.900000
0.687800, 0.900000
0.688000, 0.900000
0.688200, 0.900000
0.688400, 0.900000
0.688600, 0.900000
0.688800, 0.900000
0.689000, 0.900000
0.689200, 0.900000
0.689400, 0.900000
0.689600, 0.900000
0.690000, 0.900000
0.690200, 0.900000
0.690400, 0.900000
0.690600, 0.900000
0.690800, 0.900000
0.691000, 0.900000
0.691200, 0.900000
0.691400, 0.900000
0.691600, 0.900000
0.691800, 0.900000
0.692000, 0.900000
0.692200, 0.900000
0.692400, 0.900000
0.692600, 0.900000
0.692800, 0.900000
0.693000, 0.900000
0.693200, 0.900000
0.693400, 0.900000
0.693600, 0.900000
0.693800, 0.900000
0.694000, 0.900000
0.694200, 0.900000
0.694400, 0.900000
0.694600, 0.900000
0.694800, 0.900000
0.695000, 0.900000
0.695200, 0.900000
0.695400, 0.900000
0.695600, 0.900000
0.695800, 0.900000
0.696000, 0.900000
0.696200, 0.900000
0.696400, 0.900000
0.696600, 0.900000
0.696800, 0.900000
0.697000, 0.900000
0.697200, 0.900000
0.697400, 0.900000
0.697600, 0.900000
0.697800, 0.900000
0.698000, 0.900000
0.698200, 0.900000
0.698400, 0.900000
0.698600, 0.900000
0.698800, 0.900000
0.699000, 0.900000
0.699200, 0.900000
0.699400, 0.900000
0.699600, 0.900000
0.699800, 0.900000
0.700000, 0.900000
0.700200, 0.900000
0.700800, 0.900000
0.701000, 0.900000
0.701200, 0.900000
0.701400, 0.900000
0.701600, 0.900000
0.701800, 0.900000
0.702000, 0.900000
0.702200, 0.900000
0.702400, 0.900000
0.702600, 0.900000
0.702800, 0.900000
0.703000, 0.900000
0.703200, 0.900000
0.703400, 0.900000
0.703600, 0.900000
0.703800, 0.900000
0.704000, 0.900000
0.704200, 0.900000
0.704400, 0.900000
0.704600, 0.900000
0.704800, 0.900000
0.705000, 0.900000
0.705200, 0.900000
0.705400, 0.900000
0.705600, 0.900000
0.705800, 0.900000
0.706000, 0.900000
0.706200, 0.900000
0.706400, 0.900000
0.706600, 0.900000
0.706800, 0.900000
0.707000, 0.900000
0.707200, 0.900000
0.707400, 0.900000
0.707600, 0.900000
0.707800, 0.900000
0.708000, 0.900000
0.708200, 0.900000
0.708400, 0.900000
0.708600, 0.900000
0.708800, 0.900000
0.709000, 0.900000
0.709200, 0.900000
0.709400, 0.900000
0.709600, 0.900000
0.709800, 0.900000
0.710000, 0.900000
0.710200, 0.900000
0.710600, 0.900000
0.710800, 0.900000
0.711000, 0.900000
0.711200, 0.900000
0.711400, 0.900000
0.711600, 0.900000
0.711800, 0.900000
0.712000, 0.900000
0.712200, 0.900000
0.712400, 0.900000
0.712600, 0.900000
0.712800, 0.900000
0.713000, 0.900000
0.713200, 0.900000
0.713400, 0.900000
0.713600, 0.900000
0.713800, 0.900000
0.714000, 0.900000
0.714200, 0.900000
0.714400, 0.900000
0.714600, 0.900000
0.714800, 0.900000
0.715000, 0.900000
0.715200, 0.900000
0.715400, 0.900000
0.715600, 0.900000
0.715800, 0.900000
0.716000, 0.900000
0.716200, 0.900000
0.716400, 0.900000
0.716600, 0.900000
0.716800, 0.900000
0.717000, 0.900000
0.717200, 0.900000
0.717400, 0.900000
0.717600, 0.900000
0.717800, 0.900000
0.718000, 0.900000
0.718200, 0.900000
0.718400, 0.900000
0.718600, 0.900000
0.718800, 0.900000
0.719000, 0.900000
0.719200, 0.900000
0.719400, 0.900000
0.719600, 0.900000
0.719800, 0.900000
0.720000, 0.900000
0.720200, 0.900000
0.720400, 0.900000
0.720600, 0.900000
0.720800, 0.900000
0.721000, 0.900000
0.721200, 0.900000
0.721400, 0.900000
0.721600, 0.900000
0.721800, 0.900000
0.722000, 0.900000
0.722200, 0.900000
0.722400, 0.900000
0.722600, 0.900000
0.722800, 0.900000
0.723000, 0.900000
0.723200, 0.900000
0.723400, 0.900000
0.723600, 0.900000
0.723800, 0.900000
0.724000, 0.900000
0.724200, 0.900000
0.724400, 0.900000
0.724600, 0.900000
0.724800, 0.900000
0.725000, 0.900000
0.725200, 0.900000
0.725400, 0.900000
0.725600, 0.900000
0.725800, 0.900000
0.726000, 0.900000
0.726200, 0.900000
0.726400, 0.900000
0.726600, 0.900000
0.726800, 0.900000
0.727000, 0.900000
0.727200, 0.900000
0.727400, 0.900000
0.727600, 0.900000
0.727800, 0.900000
0.728000, 0.900000
0.728200, 0.900000
0.728600, 0.900000
0.728800, 0.900000
0.729000, 0.900000
0.729200, 0.900000
0.729400, 0.900000
0.729600, 0.900000
0.729800, 0.900000
0.730000, 0.900000
0.730200, 0.900000
0.730400, 0.900000
0.730600, 0.900000
0.731000, 0.900000
0.731200, 0.900000
0.731400, 0.900000
0.731600, 0.900000
0.731800, 0.900000
0.732000, 0.900000
0.732200, 0.900000
0.732400, 0.900000
0.732600, 0.900000
0.732800, 0.900000
0.733000, 0.900000
0.733200, 0.900000
0.733400, 0.900000
0.733600, 0.900000
0.734000, 0.900000
0.734200, 0.900000
0.734400, 0.900000
0.734600, 0.900000
0.734800, 0.900000
0.735000, 0.900000
0.735200, 0.900000
0.735400, 0.900000
0.735600, 0.900000
0.735800, 0.900000
0.736000, 0.900000
0.736200, 0.900000
0.736400, 0.900000
0.736600, 0.900000
0.736800, 0.900000
0.737000, 0.900000
0.737200, 0.900000
0.737400, 0.900000
0.737600, 0.900000
0.737800, 0.900000
0.738000, 0.900000
0.738200, 0.900000
0.738400, 0.900000
0.738600, 0.900000
0.739000, 0.900000
0.739400, 0.900000
0.739600, 0.900000
0.739800, 0.900000
0.740000, 0.900000
0.740200, 0.900000
0.740400, 0.900000
0.740600, 0.900000
0.740800, 0.900000
0.741000, 0.900000
0.741200, 0.900000
0.741400, 0.900000
0.741600, 0.900000
0.741800, 0.900000
0.742000, 0.900000
0.742200, 0.900000
0.742400, 0.900000
0.742600, 0.900000
0.742800, 0.900000
0.743200, 0.900000
0.743400, 0.900000
0.743600, 0.900000
0.743800, 0.900000
0.744000, 0.900000
0.744200, 0.900000
0.744400, 0.900000
0.744600, 0.900000
0.744800, 0.900000
0.745000, 0.900000
0.745200, 0.900000
0.745400, 0.900000
0.745600, 0.900000
0.745800, 0.900000
0.746000, 0.900000
0.746200, 0.900000
0.746400, 0.900000
0.746600, 0.900000
0.746800, 0.900000
0.747000, 0.900000
0.747200, 0.900000
0.747400, 0.900000
0.747600, 0.900000
0.747800, 0.900000
0.748000, 0.900000
0.748200, 0.900000
0.748400, 0.900000
0.748600, 0.900000
0.748800, 0.900000
0.749000, 0.900000
0.749200, 0.900000
0.749400, 0.900000
0.749600, 0.900000
0.749800, 0.900000
0.750000, 0.900000
0.750200, 0.900000
0.750400, 0.900000
0.750600, 0.900000
0.750800, 0.900000
0.751000, 0.900000
0.751200, 0.900000
0.751400, 0.900000
0.751600, 0.900000
0.751800, 0.900000
0.752000, 0.900000
0.752200, 0.900000
0.752400, 0.900000
0.752600, 0.900000
0.752800, 0.900000
0.753000, 0.900000
0.753200, 0.900000
0.753400, 0.900000
0.753600, 0.900000
0.753800, 0.900000
0.754000, 0.900000
0.754200, 0.900000
0.754400, 0.900000
0.754600, 0.900000
0.754800, 0.900000
0.755000, 0.900000
0.755200, 0.900000
0.755400, 0.900000
0.755600, 0.900000
0.755800, 0.900000
0.756000, 0.900000
0.756200, 0.900000
0.756400, 0.900000
0.756600, 0.900000
0.756800, 0.900000
0.757000, 0.900000
0.757200, 0.900000
0.757400, 0.900000
0.757600, 0.900000
0.757800, 0.900000
0.758000, 0.900000
0.758200, 0.900000
0.758400, 0.900000
0.758600, 0.900000
0.758800, 0.900000
0.759000, 0.900000
0.759200, 0.900000
0.759600, 0.900000
0.760000, 0.900000
0.760600, 0.900000
0.761600, 0.900000
0.762000, 0.900000
0.762200, 0.900000
0.762400, 0.900000
0.762800, 0.900000
0.763000, 0.900000
0.763200, 0.900000
0.763400, 0.900000
0.763600, 0.900000
0.763800, 0.900000
0.764200, 0.900000
0.764400, 0.900000
0.764600, 0.900000
0.765000, 0.900000
0.765400, 0.900000
0.765600, 0.900000
0.765800, 0.900000
0.766000, 0.900000
0.766200, 0.900000
0.766400, 0.900000
0.766600, 0.900000
0.766800, 0.900000
0.767000, 0.900000
0.767200, 0.900000
0.767400, 0.900000
0.767600, 0.900000
0.768400, 0.900000
0.768600, 0.900000
0.768800, 0.900000
0.769000, 0.900000
0.769200, 0.900000
0.769400, 0.900000
0.769600, 0.900000
0.770200, 0.900000
0.770400, 0.900000
0.770600, 0.900000
0.771400, 0.900000
0.771600, 0.900000
0.771800, 0.900000
0.772000, 0.900000
0.772200, 0.900000
0.772400, 0.900000
0.772600, 0.900000
0.772800, 0.900000
0.773000, 0.900000
0.773200, 0.900000
0.773400, 0.900000
0.773600, 0.900000
0.773800, 0.900000
0.774000, 0.900000
0.774200, 0.900000
0.774400, 0.900000
0.774600, 0.900000
0.774800, 0.900000
0.775000, 0.900000
0.775200, 0.900000
0.775400, 0.900000
0.775600, 0.900000
0.775800, 0.900000
0.776000, 0.900000
0.776200, 0.900000
0.776800, 0.900000
0.777400, 0.900000
0.777600, 0.900000
0.778000, 0.900000
0.778200, 0.900000
0.778400, 0.900000
0.778600, 0.900000
0.778800, 0.900000
0.779200, 0.900000
0.779400, 0.900000
0.779600, 0.900000
0.779800, 0.900000
0.780200, 0.900000
0.781000, 0.900000
0.781200, 0.900000
0.781400, 0.900000
0.781600, 0.900000
0.782000, 0.900000
0.782200, 0.900000
0.783600, 0.900000
0.784000, 0.900000
0.784200, 0.900000
0.784400, 0.900000
0.784600, 0.900000
0.784800, 0.900000
0.785200, 0.900000
0.785400, 0.900000
0.785600, 0.900000
0.785800, 0.900000
0.786000, 0.900000
0.786200, 0.900000
0.786400, 0.900000
0.786600, 0.900000
0.786800, 0.900000
0.787000, 0.900000
0.787200, 0.900000
0.787400, 0.900000
0.787600, 0.900000
0.787800, 0.900000
0.788000, 0.900000
0.788200, 0.900000
0.788400, 0.900000
0.788600, 0.900000
0.788800, 0.900000
0.789000, 0.900000
0.789400, 0.900000
0.789600, 0.900000
0.789800, 0.900000
0.790000, 0.900000
0.790200, 0.900000
0.790400, 0.900000
0.790600, 0.900000
0.791800, 0.900000
0.792000, 0.900000
0.792200, 0.900000
0.792400, 0.900000
0.792600, 0.900000
0.792800, 0.900000
0.793000, 0.900000
0.793200, 0.900000
0.793400, 0.900000
0.793600, 0.900000
0.793800, 0.900000
0.794000, 0.900000
0.794200, 0.900000
0.794400, 0.900000
0.794600, 0.900000
0.794800, 0.900000
0.795000, 0.900000
0.795200, 0.900000
0.795600, 0.900000
0.795800, 0.900000
0.796000, 0.900000
0.796200, 0.900000
0.796400, 0.900000
0.796600, 0.900000
0.797000, 0.900000
0.797200, 0.900000
0.797400, 0.900000
0.797600, 0.900000
0.797800, 0.900000
0.798000, 0.900000
0.798200, 0.900000
0.798400, 0.900000
0.798600, 0.900000
0.799000, 0.900000
0.799600, 0.900000
0.801000, 0.900000
0.801400, 0.900000
0.801600, 0.900000
0.802200, 0.900000
0.802400, 0.900000
0.802600, 0.900000
0.802800, 0.900000
0.803000, 0.900000
0.803200, 0.900000
0.803400, 0.900000
0.803600, 0.900000
0.803800, 0.900000
0.804000, 0.900000
0.804200, 0.900000
0.804400, 0.900000
0.804600, 0.900000
0.804800, 0.900000
0.805000, 0.900000
0.805200, 0.900000
0.805400, 0.900000
0.805600, 0.900000
0.805800, 0.900000
0.806000, 0.900000
0.806200, 0.900000
0.806400, 0.900000
0.806600, 0.900000
0.806800, 0.900000
0.807000, 0.900000
0.807200, 0.900000
0.807400, 0.900000
0.807600, 0.900000
0.807800, 0.900000
0.808000, 0.900000
0.808200, 0.900000
0.808400, 0.900000
0.808600, 0.900000
0.808800, 0.900000
0.809000, 0.900000
0.809200, 0.900000
0.809400, 0.900000
0.809600, 0.900000
0.809800, 0.900000
0.810000, 0.900000
0.810200, 0.900000
0.810400, 0.900000
0.810600, 0.900000
0.810800, 0.900000
0.811000, 0.900000
0.811200, 0.900000
0.811400, 0.900000
0.811600, 0.900000
0.811800, 0.900000
0.812000, 0.900000
0.812200, 0.900000
0.812400, 0.900000
0.812600, 0.900000
0.812800, 0.900000
0.813000, 0.900000
0.813200, 0.900000
0.813400, 0.900000
0.813600, 0.900000
0.813800, 0.900000
0.814000, 0.900000
0.814200, 0.900000
0.814400, 0.900000
0.814600, 0.900000
0.814800, 0.900000
0.815000, 0.900000
0.815200, 0.900000
0.815400, 0.900000
0.815600, 0.900000
0.815800, 0.900000
0.816000, 0.900000
0.816200, 0.900000
0.816400, 0.900000
0.816600, 0.900000
0.816800, 0.900000
0.817000, 0.900000
0.817200, 0.900000
0.817400, 0.900000
0.817600, 0.900000
0.817800, 0.900000
0.818000, 0.900000
0.818200, 0.900000
0.818400, 0.900000
0.818600, 0.900000
0.818800, 0.900000
0.819000, 0.900000
0.819200, 0.900000
0.819400, 0.900000
0.819600, 0.900000
0.819800, 0.900000
0.820000, 0.900000
0.820200, 0.900000
0.820400, 0.900000
0.820600, 0.900000
0.820800, 0.900000
0.821000, 0.900000
0.821200, 0.900000
0.821400, 0.900000
0.821600, 0.900000
0.821800, 0.900000
0.822000, 0.900000
0.822200, 0.900000
0.822400, 0.900000
0.822600, 0.900000
0.822800, 0.900000
0.823000, 0.900000
0.823200, 0.900000
0.823400, 0.900000
0.823600, 0.900000
0.823800, 0.900000
0.824000, 0.900000
0.824200, 0.900000
0.824400, 0.900000
0.824600, 0.900000
0.824800, 0.900000
0.825000, 0.900000
0.825200, 0.900000
0.825400, 0.900000
0.825600, 0.900000
0.825800, 0.900000
0.826000, 0.900000
0.826200, 0.900000
0.827200, 0.900000
0.827400, 0.900000
0.827600, 0.900000
0.827800, 0.900000
0.828000, 0.900000
0.828200, 0.900000
0.828400, 0.900000
0.828600, 0.900000
0.828800, 0.900000
0.829000, 0.900000
0.829200, 0.900000
0.829400, 0.900000
0.829600, 0.900000
0.829800, 0.900000
0.830000, 0.900000
0.830200, 0.900000
0.830400, 0.900000
0.830600, 0.900000
0.830800, 0.900000
0.831000, 0.900000
0.831200, 0.900000
0.831400, 0.900000
0.831600, 0.900000
0.831800, 0.900000
0.832000, 0.900000
0.832200, 0.900000
0.832400, 0.900000
0.832600, 0.900000
0.832800, 0.900000
0.833000, 0.900000
0.833200, 0.900000
0.833400, 0.900000
0.833600, 0.900000
0.833800, 0.900000
0.834000, 0.900000
0.834200, 0.900000
0.834400, 0.900000
0.834600, 0.900000
0.834800, 0.900000
0.835000, 0.900000
0.835200, 0.900000
0.835400, 0.900000
0.835600, 0.900000
0.835800, 0.900000
0.836000, 0.900000
0.836200, 0.900000
0.836400, 0.900000
0.836600, 0.900000
0.836800, 0.900000
0.837000, 0.900000
0.837200, 0.900000
0.837400, 0.900000
0.837600, 0.900000
0.837800, 0.900000
0.838000, 0.900000
0.838200, 0.900000
0.838400, 0.900000
0.838600, 0.900000
0.838800, 0.900000
0.839000, 0.900000
0.839200, 0.900000
0.839400, 0.900000
0.839600, 0.900000
0.839800, 0.900000
0.840000, 0.900000
0.840200, 0.900000
0.840400, 0.900000
0.840600, 0.900000
0.840800, 0.900000
0.841000, 0.900000
0.841200, 0.900000
0.841400, 0.900000
0.841600, 0.900000
0.841800, 0.900000
0.842000, 0.900000
0.842200, 0.900000
0.842400, 0.900000
0.842600, 0.900000
0.842800, 0.900000
0.843000, 0.900000
0.843200, 0.900000
0.843400, 0.900000
0.843600, 0.900000
0.843800, 0.900000
0.844000, 0.900000
0.844200, 0.900000
0.844400, 0.900000
0.844600, 0.900000
0.844800, 0.900000
0.845000, 0.900000
0.845200, 0.900000
0.845400, 0.900000
0.845600, 0.900000
0.845800, 0.900000
0.846000, 0.900000
0.846200, 0.900000
0.846400, 0.900000
0.846600, 0.900000
0.846800, 0.900000
0.847000, 0.900000
0.847200, 0.900000
0.847400, 0.900000
0.847600, 0.900000
0.847800, 0.900000
0.848000, 0.900000
0.848200, 0.900000
0.848400, 0.900000
0.848600, 0.900000
0.848800, 0.900000
0.849000, 0.900000
0.849200, 0.900000
0.849400, 0.900000
0.849600, 0.900000
0.849800, 0.900000
0.849800, 1.000000
0.850000, 1.000000
0.850200, 1.000000
0.850400, 1.000000
0.850600, 1.000000
0.850800, 1.000000
0.851000, 1.000000
0.851200, 1.000000
0.851400, 1.000000
0.851600, 1.000000
0.851800, 1.000000
0.852000, 1.000000
0.852200, 1.000000
0.852400, 1.000000
0.852600, 1.000000
0.852800, 1.000000
0.853000, 1.000000
0.853200, 1.000000
0.853400, 1.000000
0.853600, 1.000000
0.853800, 1.000000
0.854000, 1.000000
0.854200, 1.000000
0.854400, 1.000000
0.854600, 1.000000
0.854800, 1.000000
0.855000, 1.000000
0.855200, 1.000000
0.855400, 1.000000
0.855600, 1.000000
0.855800, 1.000000
0.856000, 1.000000
0.856200, 1.000000
0.856400, 1.000000
0.856600, 1.000000
0.856800, 1.000000
0.857000, 1.000000
0.857200, 1.000000
0.857400, 1.000000
0.857600, 1.000000
0.857800, 1.000000
0.858000, 1.000000
0.858200, 1.000000
0.858400, 1.000000
0.858600, 1.000000
0.858800, 1.000000
0.859200, 1.000000
0.859400, 1.000000
0.859600, 1.000000
0.859800, 1.000000
0.860000, 1.000000
0.860200, 1.000000
0.860400, 1.000000
0.860600, 1.000000
0.860800, 1.000000
0.861000, 1.000000
0.861200, 1.000000
0.861400, 1.000000
0.861600, 1.000000
0.861800, 1.000000
0.862000, 1.000000
0.862200, 1.000000
0.862400, 1.000000
0.862600, 1.000000
0.862800, 1.000000
0.863200, 1.000000
0.863400, 1.000000
0.863600, 1.000000
0.863800, 1.000000
0.864000, 1.000000
0.864200, 1.000000
0.864400, 1.000000
0.864600, 1.000000
0.864800, 1.000000
0.865000, 1.000000
0.865200, 1.000000
0.865400, 1.000000
0.865600, 1.000000
0.865800, 1.000000
0.866000, 1.000000
0.866200, 1.000000
0.866400, 1.000000
0.866600, 1.000000
0.866800, 1.000000
0.867000, 1.000000
0.867200, 1.000000
0.867400, 1.000000
0.867600, 1.000000
0.867800, 1.000000
0.868000, 1.000000
0.868200, 1.000000
0.868400, 1.000000
0.868600, 1.000000
0.868800, 1.000000
0.869000, 1.000000
0.869200, 1.000000
0.869400, 1.000000
0.869600, 1.000000
0.869800, 1.000000
0.870000, 1.000000
0.870200, 1.000000
0.870400, 1.000000
0.870600, 1.000000
0.870800, 1.000000
0.871000, 1.000000
0.871200, 1.000000
0.871400, 1.000000
0.871600, 1.000000
0.871800, 1.000000
0.872000, 1.000000
0.872200, 1.000000
0.872400, 1.000000
0.872600, 1.000000
0.872800, 1.000000
0.873000, 1.000000
0.873200, 1.000000
0.873400, 1.000000
0.873600, 1.000000
0.873800, 1.000000
0.874000, 1.000000
0.874200, 1.000000
0.874400, 1.000000
0.874600, 1.000000
0.874800, 1.000000
0.875600, 1.000000
0.875800, 1.000000
0.876000, 1.000000
0.876200, 1.000000
0.876400, 1.000000
0.876600, 1.000000
0.876800, 1.000000
0.877000, 1.000000
0.877200, 1.000000
0.877400, 1.000000
0.877600, 1.000000
0.877800, 1.000000
0.878000, 1.000000
0.878200, 1.000000
0.878400, 1.000000
0.878600, 1.000000
0.878800, 1.000000
0.879000, 1.000000
0.879200, 1.000000
0.879400, 1.000000
0.879600, 1.000000
0.879800, 1.000000
0.880000, 1.000000
0.880200, 1.000000
0.880400, 1.000000
0.880600, 1.000000
0.880800, 1.000000
0.881000, 1.000000
0.881200, 1.000000
0.881400, 1.000000
0.881600, 1.000000
0.881800, 1.000000
0.882000, 1.000000
0.882200, 1.000000
0.882400, 1.000000
0.882600, 1.000000
0.882800, 1.000000
0.883000, 1.000000
0.883200, 1.000000
0.883400, 1.000000
0.883600, 1.000000
0.883800, 1.000000
0.884000, 1.000000
0.884200, 1.000000
0.884400, 1.000000
0.884800, 1.000000
0.885000, 1.000000
0.885200, 1.000000
0.885400, 1.000000
0.885600, 1.000000
0.885800, 1.000000
0.886000, 1.000000
0.886200, 1.000000
0.886400, 1.000000
0.886600, 1.000000
0.886800, 1.000000
0.887000, 1.000000
0.887200, 1.000000
0.887400, 1.000000
0.887600, 1.000000
0.887800, 1.000000
0.888000, 1.000000
0.888200, 1.000000
0.888400, 1.000000
0.888600, 1.000000
0.888800, 1.000000
0.889000, 1.000000
0.889200, 1.000000
0.889400, 1.000000
0.889600, 1.000000
0.889800, 1.000000
0.890000, 1.000000
0.890200, 1.000000
0.890400, 1.000000
0.890600, 1.000000
0.890800, 1.000000
0.891000, 1.000000
0.891200, 1.000000
0.891400, 1.000000
0.891600, 1.000000
0.891800, 1.000000
0.892000, 1.000000
0.892200, 1.000000
0.892400, 1.000000
0.892600, 1.000000
0.892800, 1.000000
0.893000, 1.000000
0.893200, 1.000000
0.893400, 1.000000
0.893600, 1.000000
0.893800, 1.000000
0.894000, 1.000000
0.894200, 1.000000
0.894400, 1.000000
0.894600, 1.000000
0.894800, 1.000000
0.895000, 1.000000
0.895200, 1.000000
0.895400, 1.000000
0.895600, 1.000000
0.895800, 1.000000
0.896000, 1.000000
0.896200, 1.000000
0.896400, 1.000000
0.896600, 1.000000
0.896800, 1.000000
0.897000, 1.000000
0.897200, 1.000000
0.897400, 1.000000
0.897600, 1.000000
0.897800, 1.000000
0.898000, 1.000000
0.898200, 1.000000
0.898400, 1.000000
0.898600, 1.000000
0.898800, 1.000000
0.899000, 1.000000
0.899200, 1.000000
0.899400, 1.000000
0.899600, 1.000000
0.899800, 1.000000
0.900000, 1.000000
0.900200, 1.000000
0.900400, 1.000000
0.900600, 1.000000
0.900800, 1.000000
0.901000, 1.000000
0.901200, 1.000000
0.901400, 1.000000
0.901600, 1.000000
0.901800, 1.000000
0.902000, 1.000000
0.902200, 1.000000
0.902400, 1.000000
0.902600, 1.000000
0.902800, 1.000000
0.903000, 1.000000
0.903200, 1.000000
0.903400, 1.000000
0.903600, 1.000000
0.903800, 1.000000
0.904000, 1.000000
0.904200, 1.000000
0.904400, 1.000000
0.904600, 1.000000
0.904800, 1.000000
0.905000, 1.000000
0.905200, 1.000000
0.905400, 1.000000
0.905600, 1.000000
0.905800, 1.000000
0.906000, 1.000000
0.906200, 1.000000
0.906400, 1.000000
0.906600, 1.000000
0.907000, 1.000000
0.907200, 1.000000
0.907400, 1.000000
0.907600, 1.000000
0.907800, 1.000000
0.908000, 1.000000
0.908600, 1.000000
0.908800, 1.000000
0.909000, 1.000000
0.909200, 1.000000
0.909400, 1.000000
0.909600, 1.000000
0.910000, 1.000000
0.910200, 1.000000
0.910400, 1.000000
0.910600, 1.000000
0.910800, 1.000000
0.911000, 1.000000
0.911200, 1.000000
0.911400, 1.000000
0.911600, 1.000000
0.911800, 1.000000
0.912000, 1.000000
0.912200, 1.000000
0.912400, 1.000000
0.912600, 1.000000
0.912800, 1.000000
0.913000, 1.000000
0.913200, 1.000000
0.913400, 1.000000
0.913600, 1.000000
0.913800, 1.000000
0.914000, 1.000000
0.914200, 1.000000
0.914400, 1.000000
0.914600, 1.000000
0.914800, 1.000000
0.915000, 1.000000
0.915200, 1.000000
0.915400, 1.000000
0.915600, 1.000000
0.915800, 1.000000
0.916000, 1.000000
0.916200, 1.000000
0.916400, 1.000000
0.916600, 1.000000
0.916800, 1.000000
0.917000, 1.000000
0.917200, 1.000000
0.917400, 1.000000
0.917600, 1.000000
0.917800, 1.000000
0.918000, 1.000000
0.918200, 1.000000
0.919800, 1.000000
0.920000, 1.000000
0.920200, 1.000000
0.920400, 1.000000
0.920600, 1.000000
0.920800, 1.000000
0.921000, 1.000000
0.921200, 1.000000
0.921400, 1.000000
0.921600, 1.000000
0.921800, 1.000000
0.922000, 1.000000
0.922200, 1.000000
0.922400, 1.000000
0.922600, 1.000000
0.922800, 1.000000
0.924400, 1.000000
0.924800, 1.000000
0.925000, 1.000000
0.925200, 1.000000
0.925400, 1.000000
0.925600, 1.000000
0.925800, 1.000000
0.926000, 1.000000
0.926200, 1.000000
0.926400, 1.000000
0.926600, 1.000000
0.927200, 1.000000
0.927400, 1.000000
0.927600, 1.000000
0.927800, 1.000000
0.928000, 1.000000
0.928200, 1.000000
0.928400, 1.000000
0.928600, 1.000000
0.928800, 1.000000
0.929000, 1.000000
0.929200, 1.000000
0.929400, 1.000000
0.929600, 1.000000
0.929800, 1.000000
0.930000, 1.000000
0.930400, 1.000000
0.930600, 1.000000
0.930800, 1.000000
0.931000, 1.000000
0.931200, 1.000000
0.931400, 1.000000
0.931600, 1.000000
0.931800, 1.000000
0.932000, 1.000000
0.932200, 1.000000
0.932400, 1.000000
0.932600, 1.000000
0.932800, 1.000000
0.933000, 1.000000
0.933200, 1.000000
0.933400, 1.000000
0.933600, 1.000000
0.933800, 1.000000
0.934000, 1.000000
0.934200, 1.000000
0.934400, 1.000000
0.934600, 1.000000
0.934800, 1.000000
0.935000, 1.000000
0.935200, 1.000000
0.935400, 1.000000
0.935600, 1.000000
0.935800, 1.000000
0.936000, 1.000000
0.936200, 1.000000
0.936400, 1.000000
0.936600, 1.000000
0.936800, 1.000000
0.937000, 1.000000
0.937200, 1.000000
0.937400, 1.000000
0.937600, 1.000000
0.937800, 1.000000
0.938000, 1.000000
0.938200, 1.000000
0.938400, 1.000000
0.938600, 1.000000
0.938800, 1.000000
0.939000, 1.000000
0.939200, 1.000000
0.939400, 1.000000
0.939600, 1.000000
0.939800, 1.000000
0.940000, 1.000000
0.941200, 1.000000
0.941400, 1.000000
0.941600, 1.000000
0.942000, 1.000000
0.942200, 1.000000
0.942400, 1.000000
0.942600, 1.000000
0.942800, 1.000000
0.943000, 1.000000
0.943200, 1.000000
0.943400, 1.000000
0.943600, 1.000000
0.943800, 1.000000
0.944000, 1.000000
0.944200, 1.000000
0.944400, 1.000000
0.944800, 1.000000
0.945000, 1.000000
0.945200, 1.000000
0.945400, 1.000000
0.945600, 1.000000
0.945800, 1.000000
0.946000, 1.000000
0.946200, 1.000000
0.946400, 1.000000
0.946600, 1.000000
0.946800, 1.000000
0.947000, 1.000000
0.947200, 1.000000
0.947400, 1.000000
0.947600, 1.000000
0.947800, 1.000000
0.948000, 1.000000
0.948200, 1.000000
0.948400, 1.000000
0.948600, 1.000000
0.948800, 1.000000
0.949000, 1.000000
0.949200, 1.000000
0.949400, 1.000000
0.949600, 1.000000
0.949800, 1.000000
0.950000, 1.000000
0.950200, 1.000000
0.950400, 1.000000
0.950600, 1.000000
0.950800, 1.000000
0.951000, 1.000000
0.951200, 1.000000
0.951400, 1.000000
0.951600, 1.000000
0.951800, 1.000000
0.952000, 1.000000
0.952200, 1.000000
0.952400, 1.000000
0.952600, 1.000000
0.952800, 1.000000
0.953000, 1.000000
0.953200, 1.000000
0.953400, 1.000000
0.953600, 1.000000
0.953800, 1.000000
0.954000, 1.000000
0.954200, 1.000000
0.954400, 1.000000
0.954600, 1.000000
0.954800, 1.000000
0.955000, 1.000000
0.955200, 1.000000
0.955400, 1.000000
0.955600, 1.000000
0.955800, 1.000000
0.956000, 1.000000
0.956200, 1.000000
0.956400, 1.000000
0.956600, 1.000000
0.956800, 1.000000
0.957000, 1.000000
0.957200, 1.000000
0.957400, 1.000000
0.957600, 1.000000
0.957800, 1.000000
0.958000, 1.000000
0.958200, 1.000000
0.958400, 1.000000
0.958600, 1.000000
0.958800, 1.000000
0.959000, 1.000000
0.959200, 1.000000
0.959400, 1.000000
0.959600, 1.000000
0.959800, 1.000000
0.960000, 1.000000
0.960200, 1.000000
0.960400, 1.000000
0.960600, 1.000000
0.960800, 1.000000
0.961000, 1.000000
0.961200, 1.000000
0.961400, 1.000000
0.961600, 1.000000
0.961800, 1.000000
0.962000, 1.000000
0.962200, 1.000000
0.962400, 1.000000
0.962600, 1.000000
0.962800, 1.000000
0.963000, 1.000000
0.963200, 1.000000
0.963400, 1.000000
0.963600, 1.000000
0.963800, 1.000000
0.964000, 1.000000
0.964200, 1.000000
0.964400, 1.000000
0.964600, 1.000000
0.964800, 1.000000
0.965000, 1.000000
0.965200, 1.000000
0.965400, 1.000000
0.965600, 1.000000
0.965800, 1.000000
0.966000, 1.000000
0.966200, 1.000000
0.966400, 1.000000
0.966600, 1.000000
0.966800, 1.000000
0.967000, 1.000000
0.967200, 1.000000
0.967400, 1.000000
0.967600, 1.000000
0.967800, 1.000000
0.968000, 1.000000
0.968200, 1.000000
0.968400, 1.000000
0.968600, 1.000000
0.968800, 1.000000
0.969000, 1.000000
0.969200, 1.000000
0.969400, 1.000000
0.969600, 1.000000
0.969800, 1.000000
0.970000, 1.000000
0.970200, 1.000000
0.970800, 1.000000
0.971600, 1.000000
0.971800, 1.000000
0.972000, 1.000000
0.972200, 1.000000
0.972400, 1.000000
0.973000, 1.000000
0.973200, 1.000000
0.974400, 1.000000
0.974600, 1.000000
0.974800, 1.000000
0.975000, 1.000000
0.975200, 1.000000
0.975400, 1.000000
0.975600, 1.000000
0.975800, 1.000000
0.976000, 1.000000
0.976200, 1.000000
0.976400, 1.000000
0.976600, 1.000000
0.976800, 1.000000
0.977000, 1.000000
0.977200, 1.000000
0.977400, 1.000000
0.977600, 1.000000
0.977800, 1.000000
0.978000, 1.000000
0.978200, 1.000000
0.978400, 1.000000
0.978600, 1.000000
0.978800, 1.000000
0.979000, 1.000000
0.979200, 1.000000
0.979400, 1.000000
0.979600, 1.000000
0.979800, 1.000000
0.980000, 1.000000
0.980200, 1.000000
0.980400, 1.000000
0.980600, 1.000000
0.980800, 1.000000
0.981000, 1.000000
0.981200, 1.000000
0.981400, 1.000000
0.981600, 1.000000
0.981800, 1.000000
0.982000, 1.000000
0.982200, 1.000000
0.982600, 1.000000
0.982800, 1.000000
0.983000, 1.000000
0.983200, 1.000000
0.983400, 1.000000
0.983600, 1.000000
0.983800, 1.000000
0.984000, 1.000000
0.984200, 1.000000
0.984400, 1.000000
0.984600, 1.000000
0.984800, 1.000000
0.985000, 1.000000
0.985200, 1.000000
0.985400, 1.000000
0.985600, 1.000000
0.985800, 1.000000
0.986000, 1.000000
0.986200, 1.000000
0.986400, 1.000000
0.986600, 1.000000
0.986800, 1.000000
0.987000, 1.000000
0.987200, 1.000000
0.987400, 1.000000
0.987600, 1.000000
0.987800, 1.000000
0.988000, 1.000000
0.988200, 1.000000
0.988400, 1.000000
0.988600, 1.000000
0.988800, 1.000000
0.989000, 1.000000
0.989200, 1.000000
0.989400, 1.000000
0.989600, 1.000000
0.989800, 1.000000
0.990000, 1.000000
0.990200, 1.000000
0.990400, 1.000000
0.990600, 1.000000
0.990800, 1.000000
0.991000, 1.000000
0.991200, 1.000000
0.991400, 1.000000
0.991600, 1.000000
0.991800, 1.000000
0.992000, 1.000000
0.992200, 1.000000
0.992400, 1.000000
0.992600, 1.000000
0.992800, 1.000000
0.993000, 1.000000
0.993200, 1.000000
0.993400, 1.000000
0.993600, 1.000000
0.993800, 1.000000
0.994000, 1.000000
0.994200, 1.000000
0.994400, 1.000000
0.994600, 1.000000
0.994800, 1.000000
0.995000, 1.000000
0.995200, 1.000000
0.995400, 1.000000
0.995600, 1.000000
0.995800, 1.000000
0.996000, 1.000000
0.996200, 1.000000
0.996400, 1.000000
0.996600, 1.000000
0.996800, 1.000000
0.997000, 1.000000
0.997200, 1.000000
0.997400, 1.000000
0.997600, 1.000000
0.997800, 1.000000
0.998000, 1.000000
0.998200, 1.000000
0.998400, 1.000000
0.998600, 1.000000
0.998800, 1.000000
0.999000, 1.000000
0.999200, 1.000000
0.999400, 1.000000
0.999600, 1.000000
0.999800, 1.000000
1.000000, 1.000000
