# ROCAUC: 0.35395799999999994
# False Positive Rate True Positive Rate
0.0 0.0
0.0 0.03
0.0014 0.03
0.0014 0.04
0.002 0.04
0.002 0.06
0.0022 0.06
0.0022 0.07
0.0024000000000000002 0.07
0.0024000000000000002 0.09
0.0032 0.09
0.0032 0.11
0.0036000000000000003 0.11
0.0036000000000000003 0.12
0.0038 0.12
0.0038 0.13
0.004200000000000001 0.13
0.004200000000000001 0.15
0.0044 0.15
0.0044 0.16
0.0046 0.16
0.0046 0.17
0.005200000000000001 0.17
0.005200000000000001 0.18
0.0054 0.18
0.0054 0.21
0.0058000000000000005 0.21
0.0058000000000000005 0.22
0.006200000000000001 0.22
0.006200000000000001 0.24
0.0064 0.24
0.0064 0.3
0.007 0.3
0.007 0.31
0.098 0.31
0.098 0.32
0.8376 0.32
0.8376 0.41000000000000003
0.8998 0.41000000000000003
0.8998 0.45
0.9680000000000001 0.45
0.9680000000000001 1.0
1.0 1.0
