0.0704 0.9695958116184953 0.0015370205816662278
0.2112 0.011407574629553996 0.005067364730180817
0.35200000000000004 4.803189317706957E-5 0.003770503614399949
0.4928 2.4015946588534786E-5 0.00465909363817573
0.6336 4.803189317706957E-5 0.0033862484689833956
0.7744000000000001 4.803189317706957E-5 2.4015946588534786E-5
0.9152 2.4015946588534786E-5 2.4015946588534786E-5
1.056 0.0 0.0
1.1968 0.0 0.0
1.3376000000000001 2.4015946588534786E-5 0.0
1.4784000000000002 4.803189317706957E-5 0.0
1.6192000000000002 0.0 0.0
1.76 7.204783976560435E-5 0.0
1.9008 2.4015946588534786E-5 0.0
2.0416000000000003 0.0 2.4015946588534786E-5
2.1824000000000003 0.0 0.0
2.3232 0.0 0.0
2.464 0.0 0.0
2.6048 0.0 0.0
2.7456 0.0 0.0
2.8864 2.4015946588534786E-5 0.0
3.0272 0.0 0.0
3.168 4.803189317706957E-5 0.0
3.3088 0.0 0.0
3.4496 0.0 0.0
3.5904000000000003 0.0 0.0
3.7312000000000003 0.0 0.0
3.8720000000000003 0.0 0.0
4.0128 0.0 0.0
4.1536 0.0 2.4015946588534786E-5
4.2944 0.0 0.0
4.4352 0.0 0.0
4.5760000000000005 0.0 0.0
4.7168 0.0 0.0
4.857600000000001 0.0 0.0
4.9984 0.0 0.0
5.139200000000001 0.0 0.0
5.28 0.0 0.0
5.420800000000001 0.0 0.0
5.5616 0.0 0.0
5.7024 0.0 0.0
5.8432 0.0 0.0
5.984 0.0 0.0
6.1248000000000005 0.0 0.0
6.2656 0.0 0.0
6.4064000000000005 0.0 0.0
6.5472 0.0 0.0
6.688000000000001 0.0 0.0
6.8288 0.0 0.0
6.969600000000001 0.0 0.0
7.1104 0.0 0.0
7.251200000000001 0.0 0.0
7.392 0.0 0.0
7.532800000000001 0.0 0.0
7.6736 0.0 0.0
7.814400000000001 0.0 0.0
7.9552000000000005 0.0 0.0
8.096 0.0 0.0
8.2368 0.0 0.0
8.377600000000001 0.0 0.0
8.5184 0.0 0.0
8.6592 0.0 0.0
8.8 0.0 0.0
8.940800000000001 0.0 0.0
9.0816 0.0 0.0
9.2224 0.0 0.0
9.3632 0.0 2.4015946588534786E-5
