# ROCAUC: 0.9863524492632552
# False Positive Rate True Positive Rate
0.0 0.0
0.0 0.0025906735751295338
7.340886289671373E-5 0.0025906735751295338
7.340886289671373E-5 0.0038860103626943004
2.6916583062128364E-4 0.0038860103626943004
2.6916583062128364E-4 0.0051813471502590676
2.936354515868549E-4 0.0051813471502590676
2.936354515868549E-4 0.006476683937823835
3.1810507255242615E-4 0.006476683937823835
3.1810507255242615E-4 0.019430051813471502
3.425746935179974E-4 0.019430051813471502
3.425746935179974E-4 0.05181347150259068
3.6704431448356865E-4 0.05181347150259068
3.6704431448356865E-4 0.33031088082901555
3.915139354491399E-4 0.33031088082901555
3.915139354491399E-4 0.6282383419689119
4.159835564147111E-4 0.6282383419689119
4.159835564147111E-4 0.6360103626943006
4.404531773802824E-4 0.6360103626943006
4.404531773802824E-4 0.6437823834196892
4.649227983458536E-4 0.6437823834196892
4.649227983458536E-4 0.6476683937823834
0.001003254459588421 0.6476683937823834
0.001003254459588421 0.6683937823834197
0.0010277240805539921 0.6683937823834197
0.0010277240805539921 0.6761658031088084
0.0015660557417965595 0.6761658031088084
0.0015660557417965595 0.6852331606217616
0.0024469620965571243 0.6852331606217616
0.0024469620965571243 0.689119170984456
0.0024714317175226954 0.689119170984456
0.0024714317175226954 0.7085492227979275
0.002642719064281694 0.7085492227979275
0.002642719064281694 0.7137305699481865
0.002716127927178408 0.7137305699481865
0.002716127927178408 0.7150259067357513
0.002740597548143979 0.7150259067357513
0.002740597548143979 0.716321243523316
0.003327868451317689 0.716321243523316
0.003327868451317689 0.7344559585492229
0.0033523380722832604 0.7344559585492229
0.0033523380722832604 0.7357512953367876
0.0038172608706291138 0.7357512953367876
0.0038172608706291138 0.7551813471502591
0.003841730491594685 0.7551813471502591
0.003841730491594685 0.7720207253886011
0.0038662001125602564 0.7720207253886011
0.0038662001125602564 0.7901554404145078
0.004013017838353684 0.7901554404145078
0.004013017838353684 0.7914507772020726
0.004037487459319255 0.7914507772020726
0.004037487459319255 0.7940414507772021
0.004061957080284826 0.7940414507772021
0.004061957080284826 0.7953367875647669
0.004233244427043825 0.7953367875647669
0.004233244427043825 0.800518134715026
0.004257714048009396 0.800518134715026
0.004257714048009396 0.8044041450777203
0.0052609685075978175 0.8044041450777203
0.0052609685075978175 0.8082901554404145
0.005407786233391244 0.8082901554404145
0.005407786233391244 0.810880829015544
0.0055056647172535295 0.810880829015544
0.0055056647172535295 0.8121761658031088
0.005848239410771527 0.8121761658031088
0.005848239410771527 0.8251295336787565
0.006264222967186238 0.8251295336787565
0.006264222967186238 0.8264248704663213
0.0066067976607042354 0.8264248704663213
0.0066067976607042354 0.8290155440414508
0.006949372354222233 0.8290155440414508
0.006949372354222233 0.8367875647668395
0.007463234394499229 0.8367875647668395
0.007463234394499229 0.8380829015544041
0.007756869846086084 0.8380829015544041
0.007756869846086084 0.8393782383419689
0.008344140749259793 0.8393782383419689
0.008344140749259793 0.8432642487046632
0.008686715442777791 0.8432642487046632
0.008686715442777791 0.8471502590673575
0.008711185063743363 0.8471502590673575
0.008711185063743363 0.8588082901554405
0.008931411652433503 0.8588082901554405
0.008931411652433503 0.8601036269430052
0.008955881273399075 0.8601036269430052
0.008955881273399075 0.8626943005181348
0.00907822937822693 0.8626943005181348
0.00907822937822693 0.8678756476683939
0.009151638241123645 0.8678756476683939
0.009151638241123645 0.8691709844559585
0.009200577483054787 0.8691709844559585
0.009200577483054787 0.8704663212435233
0.009273986345951502 0.8704663212435233
0.009273986345951502 0.8898963730569949
0.00946974331367607 0.8898963730569949
0.00946974331367607 0.8937823834196892
0.009543152176572785 0.8937823834196892
0.009543152176572785 0.895077720207254
0.009567621797538357 0.895077720207254
0.009567621797538357 0.8963730569948187
0.010497467394230063 0.8963730569948187
0.010497467394230063 0.8976683937823835
0.010570876257126776 0.8976683937823835
0.010570876257126776 0.9015544041450777
0.010595345878092348 0.9015544041450777
0.010595345878092348 0.9028497409326425
0.011941175031198766 0.9028497409326425
0.011941175031198766 0.905440414507772
0.011965644652164337 0.905440414507772
0.011965644652164337 0.9093264248704663
0.011990114273129909 0.9093264248704663
0.011990114273129909 0.917098445595855
0.012455037071475763 0.917098445595855
0.012455037071475763 0.9183937823834197
0.013091247216580615 0.9183937823834197
0.013091247216580615 0.9196891191709845
0.013678518119754325 0.9196891191709845
0.013678518119754325 0.9209844559585493
0.01377639660361661 0.9209844559585493
0.01377639660361661 0.9261658031088084
0.013800866224582181 0.9261658031088084
0.013800866224582181 0.9274611398963731
0.014045562434237893 0.9274611398963731
0.014045562434237893 0.9287564766839379
0.014730711821273888 0.9287564766839379
0.014730711821273888 0.9520725388601037
0.014779651063205031 0.9520725388601037
0.014779651063205031 0.9546632124352332
0.015073286514791886 0.9546632124352332
0.015073286514791886 0.955958549222798
0.015538209313137739 0.955958549222798
0.015538209313137739 0.9572538860103628
0.015636087797000025 0.9572538860103628
0.015636087797000025 0.9624352331606219
0.015660557417965595 0.9624352331606219
0.015660557417965595 0.966321243523316
0.016052071353414736 0.966321243523316
0.016052071353414736 0.9676165803108808
0.017006386571072014 0.9676165803108808
0.017006386571072014 0.9689119170984456
0.017373430885555582 0.9689119170984456
0.017373430885555582 0.9702072538860104
0.017422370127486726 0.9702072538860104
0.017422370127486726 0.9715025906735751
0.01818092837741943 0.9715025906735751
0.01818092837741943 0.977979274611399
0.018841608143489858 0.977979274611399
0.018841608143489858 0.9818652849740933
0.01930653094183571 0.9818652849740933
0.01930653094183571 0.9831606217616581
0.02070129933687327 0.9831606217616581
0.02070129933687327 0.9844559585492229
0.03856412264174028 0.9844559585492229
0.03856412264174028 0.9857512953367876
0.04429001394768395 0.9857512953367876
0.04429001394768395 0.9870466321243524
0.5881028702865393 0.9870466321243524
0.5881028702865393 0.9883419689119172
0.7320331808060293 0.9883419689119172
0.7320331808060293 0.9896373056994819
0.7330119656446521 0.9896373056994819
0.7330119656446521 0.9909326424870467
0.7422125431277069 0.9909326424870467
0.7422125431277069 0.9922279792746115
0.8151320136051092 0.9922279792746115
0.8151320136051092 0.9935233160621763
0.8532312134485036 0.9935233160621763
0.8532312134485036 0.9948186528497409
0.9701715320429686 0.9948186528497409
0.9701715320429686 0.9961139896373057
0.9714684219541438 0.9961139896373057
0.9714684219541438 0.9974093264248705
0.9715907700589718 0.9974093264248705
0.9715907700589718 0.9987046632124352
0.9760197714537402 0.9987046632124352
0.9760197714537402 1.0
1.0 1.0
