0.0192 0.9527450980388793 0.013921568627451022
0.0576 0.02269607843137268 0.0038725490196078478
0.09599999999999999 0.003186274509803925 0.0013725490196078436
0.1344 5.392156862745097E-4 1.4705882352941175E-4
0.17279999999999998 1.96078431372549E-4 4.901960784313725E-5
0.21119999999999997 1.4705882352941175E-4 0.0
0.2496 0.0 0.0
0.288 4.901960784313725E-5 0.0
0.32639999999999997 0.0 0.0
0.36479999999999996 4.901960784313725E-5 0.0
0.40319999999999995 0.0 0.0
0.44159999999999994 0.0 0.0
0.48 0.0 0.0
0.5184 0.0 0.0
0.5568 0.0 0.0
0.5952 0.0 0.0
0.6335999999999999 0.0 0.0
0.6719999999999999 0.0 0.0
0.7103999999999999 0.0 0.0
0.7487999999999999 0.0 0.0
0.7871999999999999 0.0 0.0
0.8255999999999999 0.0 0.0
0.8639999999999999 0.0 0.0
0.9023999999999999 4.901960784313725E-5 0.0
0.9408 0.0 0.0
0.9792 0.0 0.0
1.0175999999999998 4.901960784313725E-5 0.0
1.0559999999999998 4.901960784313725E-5 0.0
1.0943999999999998 0.0 0.0
1.1327999999999998 0.0 0.0
1.1711999999999998 4.901960784313725E-5 0.0
1.2095999999999998 0.0 0.0
1.248 0.0 0.0
1.2864 4.901960784313725E-5 0.0
1.3248 0.0 0.0
1.3632 0.0 0.0
1.4016 0.0 0.0
1.44 0.0 0.0
1.4784 0.0 0.0
1.5168 0.0 0.0
1.5552 4.901960784313725E-5 0.0
1.5936 0.0 0.0
1.632 0.0 0.0
1.6703999999999999 4.901960784313725E-5 0.0
1.7087999999999999 0.0 0.0
1.7471999999999999 0.0 0.0
1.7855999999999999 0.0 0.0
1.8239999999999998 0.0 0.0
1.8623999999999998 0.0 0.0
1.9007999999999998 0.0 0.0
1.9391999999999998 0.0 0.0
1.9775999999999998 0.0 0.0
2.016 0.0 0.0
2.0544 0.0 4.901960784313725E-5
2.0928 0.0 0.0
2.1311999999999998 0.0 0.0
2.1696 0.0 0.0
2.2079999999999997 4.901960784313725E-5 0.0
2.2464 0.0 0.0
2.2847999999999997 0.0 0.0
2.3232 0.0 4.901960784313725E-5
2.3615999999999997 0.0 4.901960784313725E-5
2.4 0.0 0.0
2.4383999999999997 0.0 0.0
2.4768 0.0 0.0
2.5151999999999997 0.0 4.901960784313725E-5
2.5536 0.0 0.0
2.5919999999999996 0.0 0.0
2.6304 0.0 4.901960784313725E-5
2.6687999999999996 0.0 0.0
2.7072 0.0 0.0
2.7455999999999996 0.0 0.0
2.784 0.0 0.0
2.8223999999999996 0.0 0.0
2.8608 0.0 0.0
2.8991999999999996 0.0 0.0
2.9375999999999998 0.0 0.0
2.9759999999999995 0.0 0.0
3.0143999999999997 0.0 0.0
3.0527999999999995 0.0 0.0
3.0911999999999997 0.0 0.0
3.1296 0.0 0.0
3.1679999999999997 0.0 0.0
3.2064 0.0 0.0
3.2447999999999997 0.0 0.0
3.2832 0.0 0.0
3.3215999999999997 0.0 0.0
3.36 0.0 0.0
3.3983999999999996 4.901960784313725E-5 0.0
