# ROCAUC: 0.32760662499999993
# False Positive Rate True Positive Rate
0.0 0.0
5.0E-5 0.0
5.0E-5 0.01
1.0E-4 0.01
1.0E-4 0.0125
9.000000000000001E-4 0.0125
9.000000000000001E-4 0.015
0.0012000000000000001 0.015
0.0012000000000000001 0.02
0.0013000000000000002 0.02
0.0013000000000000002 0.0225
0.0014500000000000001 0.0225
0.0014500000000000001 0.025
0.0017000000000000001 0.025
0.0017000000000000001 0.035
0.00175 0.035
0.00175 0.045
0.00185 0.045
0.00185 0.0475
0.0019500000000000001 0.0475
0.0019500000000000001 0.055
0.002 0.055
0.002 0.065
0.0027500000000000003 0.065
0.0027500000000000003 0.0675
0.0031000000000000003 0.0675
0.0031000000000000003 0.0825
0.00315 0.0825
0.00315 0.085
0.0032 0.085
0.0032 0.08750000000000001
0.0032500000000000003 0.08750000000000001
0.0032500000000000003 0.09
0.0034000000000000002 0.09
0.0034000000000000002 0.0925
0.006050000000000001 0.0925
0.006050000000000001 0.095
0.008450000000000001 0.095
0.008450000000000001 0.0975
0.00865 0.0975
0.00865 0.1
0.0105 0.1
0.0105 0.105
0.01085 0.105
0.01085 0.1075
0.0109 0.1075
0.0109 0.11
0.01105 0.11
0.01105 0.1125
0.011250000000000001 0.1125
0.011250000000000001 0.115
0.0117 0.115
0.0117 0.12
0.01195 0.12
0.01195 0.1225
0.012150000000000001 0.1225
0.012150000000000001 0.1275
0.0125 0.1275
0.0125 0.13
0.01255 0.13
0.01255 0.135
0.0126 0.135
0.0126 0.1375
0.01265 0.1375
0.01265 0.14250000000000002
0.012700000000000001 0.14250000000000002
0.012700000000000001 0.1475
0.01285 0.1475
0.01285 0.15
0.0129 0.15
0.0129 0.1525
0.0135 0.1525
0.0135 0.155
0.0137 0.155
0.0137 0.1575
0.013850000000000001 0.1575
0.013850000000000001 0.1625
0.014 0.1625
0.014 0.165
0.01405 0.165
0.01405 0.17
0.014150000000000001 0.17
0.014150000000000001 0.17250000000000001
0.0148 0.17250000000000001
0.0148 0.17500000000000002
0.01485 0.17500000000000002
0.01485 0.1775
0.0151 0.1775
0.0151 0.18
0.01515 0.18
0.01515 0.1825
0.015250000000000001 0.1825
0.015250000000000001 0.19
0.0159 0.19
0.0159 0.1925
0.01615 0.1925
0.01615 0.1975
0.0162 0.1975
0.0162 0.2
0.016300000000000002 0.2
0.016300000000000002 0.2125
0.0164 0.2125
0.0164 0.215
0.016550000000000002 0.215
0.016550000000000002 0.2175
0.01675 0.2175
0.01675 0.22
0.01685 0.22
0.01685 0.2225
0.016900000000000002 0.2225
0.016900000000000002 0.2275
0.01755 0.2275
0.01755 0.23
0.017750000000000002 0.23
0.017750000000000002 0.2325
0.01785 0.2325
0.01785 0.23500000000000001
0.01795 0.23500000000000001
0.01795 0.24
0.01815 0.24
0.01815 0.2425
0.0182 0.2425
0.0182 0.245
0.0183 0.245
0.0183 0.2475
0.019450000000000002 0.2475
0.019450000000000002 0.25
0.0201 0.25
0.0201 0.2525
0.02015 0.2525
0.02015 0.255
0.020200000000000003 0.255
0.020200000000000003 0.2575
0.021500000000000002 0.2575
0.021500000000000002 0.26
0.021650000000000003 0.26
0.021650000000000003 0.2625
0.02185 0.2625
0.02185 0.265
0.0221 0.265
0.0221 0.2675
0.02245 0.2675
0.02245 0.27
0.02255 0.27
0.02255 0.2725
0.0227 0.2725
0.0227 0.275
0.0229 0.275
0.0229 0.2775
0.023450000000000002 0.2775
0.023450000000000002 0.28
0.024800000000000003 0.28
0.024800000000000003 0.28250000000000003
0.025400000000000002 0.28250000000000003
0.025400000000000002 0.28500000000000003
0.02725 0.28500000000000003
0.02725 0.28750000000000003
0.027450000000000002 0.28750000000000003
0.027450000000000002 0.29
0.029150000000000002 0.29
0.029150000000000002 0.2925
0.02955 0.2925
0.02955 0.295
0.0296 0.295
0.0296 0.3
0.029650000000000003 0.3
0.029650000000000003 0.3025
0.030350000000000002 0.3025
0.030350000000000002 0.305
0.0322 0.305
0.0322 0.3125
0.03305 0.3125
0.03305 0.315
0.0521 0.315
0.0521 0.3175
0.05795 0.3175
0.05795 0.32
0.7009500000000001 0.32
0.7009500000000001 0.36
0.9871500000000001 0.36
0.9871500000000001 0.3625
1.0 0.3625
1.0 1.0
