0.0464 0.9222123489993442 3.1220730565095214E-4
0.1392 0.05211460409711964 3.602391988280217E-4
0.23199999999999998 0.004827205264295489 0.0010807175964840663
0.3248 0.0018732438339057154 0.002857897644035635
0.41759999999999997 2.4015946588534786E-5 0.004298854439347712
0.5104 4.803189317706957E-5 0.003698455774634346
0.6032 2.4015946588534786E-5 0.001993323566848389
0.696 4.803189317706957E-5 4.32287038593626E-4
0.7888 2.4015946588534786E-5 4.803189317706957E-5
0.8815999999999999 2.4015946588534786E-5 0.0013448930089579492
0.9743999999999999 0.0 0.002017339513436924
1.0672 0.0 0.0
1.16 0.0 0.0
1.2528 0.0 0.0
1.3456 0.0 0.0
1.4384 0.0 0.0
1.5312 2.4015946588534786E-5 0.0
1.6239999999999999 0.0 0.0
1.7167999999999999 4.803189317706957E-5 0.0
1.8095999999999999 0.0 0.0
1.9023999999999999 2.4015946588534786E-5 0.0
1.9951999999999999 0.0 0.0
2.088 4.803189317706957E-5 2.4015946588534786E-5
2.1807999999999996 0.0 0.0
2.2736 0.0 2.4015946588534786E-5
2.3663999999999996 0.0 0.0
2.4592 2.4015946588534786E-5 0.0
2.5519999999999996 0.0 0.0
2.6448 0.0 0.0
2.7375999999999996 0.0 0.0
2.8304 0.0 0.0
2.9231999999999996 2.4015946588534786E-5 0.0
3.016 0.0 0.0
3.1087999999999996 0.0 0.0
3.2016 0.0 0.0
3.2943999999999996 0.0 0.0
3.3872 0.0 0.0
3.4799999999999995 0.0 0.0
3.5728 0.0 0.0
3.6655999999999995 4.803189317706957E-5 0.0
3.7584 0.0 0.0
3.8511999999999995 0.0 0.0
3.944 0.0 0.0
4.0367999999999995 0.0 0.0
4.1296 0.0 0.0
4.2223999999999995 0.0 0.0
4.3152 0.0 0.0
4.4079999999999995 0.0 0.0
4.5008 0.0 0.0
4.5935999999999995 0.0 0.0
4.6864 0.0 2.4015946588534786E-5
4.7791999999999994 0.0 0.0
4.872 0.0 0.0
4.964799999999999 0.0 0.0
5.0576 0.0 0.0
5.150399999999999 0.0 0.0
5.2432 0.0 0.0
5.335999999999999 0.0 0.0
5.4288 0.0 0.0
5.521599999999999 0.0 0.0
5.6144 0.0 0.0
5.707199999999999 0.0 0.0
5.8 0.0 0.0
5.892799999999999 0.0 0.0
5.9856 0.0 0.0
6.078399999999999 0.0 0.0
6.1712 0.0 0.0
6.263999999999999 0.0 0.0
6.3568 0.0 0.0
6.449599999999999 0.0 0.0
6.5424 0.0 0.0
6.635199999999999 0.0 0.0
6.728 0.0 0.0
6.820799999999999 0.0 0.0
6.9136 0.0 0.0
7.006399999999999 0.0 0.0
7.0992 0.0 0.0
7.191999999999999 0.0 0.0
7.2848 0.0 0.0
7.377599999999999 0.0 0.0
7.4704 0.0 0.0
7.563199999999999 0.0 0.0
7.656 0.0 0.0
7.748799999999999 0.0 0.0
7.8416 0.0 0.0
7.934399999999999 0.0 0.0
8.027199999999999 0.0 0.0
8.12 0.0 0.0
8.2128 0.0 2.4015946588534786E-5
