# ROCAUC: 0.9900751280756444
# False Positive Rate True Positive Rate
0.0 0.0
0.0 0.0025906735751295338
9.787848386228497E-5 0.0025906735751295338
9.787848386228497E-5 0.0051813471502590676
2.446962096557124E-4 0.0051813471502590676
2.446962096557124E-4 0.1645077720207254
2.6916583062128364E-4 0.1645077720207254
2.6916583062128364E-4 0.1878238341968912
2.936354515868549E-4 0.1878238341968912
2.936354515868549E-4 0.19041450777202074
3.1810507255242615E-4 0.19041450777202074
3.1810507255242615E-4 0.19300518134715028
3.425746935179974E-4 0.19300518134715028
3.425746935179974E-4 0.23186528497409328
3.6704431448356865E-4 0.23186528497409328
3.6704431448356865E-4 0.3212435233160622
3.915139354491399E-4 0.3212435233160622
3.915139354491399E-4 0.37694300518134716
4.159835564147111E-4 0.37694300518134716
4.159835564147111E-4 0.7072538860103628
4.404531773802824E-4 0.7072538860103628
4.404531773802824E-4 0.7772020725388601
6.117405241392811E-4 0.7772020725388601
6.117405241392811E-4 0.895077720207254
0.001101132943450706 0.895077720207254
0.001101132943450706 0.9015544041450777
0.0011745418063474197 0.9015544041450777
0.0011745418063474197 0.9028497409326425
0.0016639342256588444 0.9028497409326425
0.0016639342256588444 0.905440414507772
0.0027895367900751217 0.905440414507772
0.0027895367900751217 0.9313471502590674
0.0029608241368341203 0.9313471502590674
0.0029608241368341203 0.9326424870466321
0.0030587026206964052 0.9326424870466321
0.0030587026206964052 0.944300518134715
0.0032789292093865466 0.944300518134715
0.0032789292093865466 0.9507772020725389
0.003327868451317689 0.9507772020725389
0.003327868451317689 0.9520725388601037
0.004869454572148677 0.9520725388601037
0.004869454572148677 0.9533678756476685
0.00491839381407982 0.9533678756476685
0.00491839381407982 0.955958549222798
0.005187559644701104 0.955958549222798
0.005187559644701104 0.9572538860103628
0.005212029265666674 0.9572538860103628
0.005212029265666674 0.9585492227979275
0.006386571072014094 0.9585492227979275
0.006386571072014094 0.9598445595854923
0.006435510313945237 0.9598445595854923
0.006435510313945237 0.9624352331606219
0.006704676144566521 0.9624352331606219
0.006704676144566521 0.9637305699481865
0.007267477426774659 0.9637305699481865
0.007267477426774659 0.9650259067357513
0.007365355910636944 0.9650259067357513
0.007365355910636944 0.966321243523316
0.008735654684708934 0.966321243523316
0.008735654684708934 0.9676165803108808
0.008760124305674504 0.9676165803108808
0.008760124305674504 0.9689119170984456
0.014926468788998459 0.9689119170984456
0.014926468788998459 0.9702072538860104
0.015685027038931168 0.9702072538860104
0.015685027038931168 0.9715025906735751
0.015709496659896738 0.9715025906735751
0.015709496659896738 0.9727979274611399
0.020848117062666698 0.9727979274611399
0.020848117062666698 0.9740932642487047
0.028482638803924928 0.9740932642487047
0.028482638803924928 0.9753886010362695
0.03976313406905327 0.9753886010362695
0.03976313406905327 0.9766839378238342
0.041084493601194115 0.9766839378238342
0.041084493601194115 0.977979274611399
0.044999632955685515 0.977979274611399
0.044999632955685515 0.9792746113989638
0.04519538992341009 0.9792746113989638
0.04519538992341009 0.9805699481865285
0.04788704822962292 0.9805699481865285
0.04788704822962292 0.9818652849740933
0.05449384589032716 0.9818652849740933
0.05449384589032716 0.9831606217616581
0.1906672865637311 0.9831606217616581
0.1906672865637311 0.9844559585492229
0.1906917561846967 0.9844559585492229
0.1906917561846967 0.9857512953367876
0.1912790270878704 0.9857512953367876
0.1912790270878704 0.9870466321243524
0.2148432720777155 0.9870466321243524
0.2148432720777155 0.9883419689119172
0.25896199867864045 0.9883419689119172
0.25896199867864045 0.9896373056994819
0.2823060170797954 0.9896373056994819
0.2823060170797954 0.9909326424870467
0.598502459196907 0.9909326424870467
0.598502459196907 0.9922279792746115
0.6009738909144298 0.9922279792746115
0.6009738909144298 0.9935233160621763
0.6114468886876943 0.9935233160621763
0.6114468886876943 0.9948186528497409
0.8734186507451 0.9948186528497409
0.8734186507451 0.9961139896373057
0.8747644798982064 0.9961139896373057
0.8747644798982064 0.9974093264248705
0.9651552597450265 0.9974093264248705
0.9651552597450265 0.9987046632124352
0.9663787407933051 0.9987046632124352
0.9663787407933051 1.0
1.0 1.0
