PR-AUC score 0.439663
0.000000, 1.000000
0.135593, 1.000000
0.186441, 1.000000
0.203390, 1.000000
0.220339, 1.000000
0.237288, 1.000000
0.254237, 1.000000
0.271186, 1.000000
0.288136, 1.000000
0.305085, 1.000000
0.305085, 0.947368
0.305085, 0.900000
0.305085, 0.857143
0.305085, 0.818182
0.305085, 0.782609
0.322034, 0.791667
0.322034, 0.760000
0.322034, 0.730769
0.322034, 0.703704
0.322034, 0.678571
0.322034, 0.655172
0.322034, 0.633333
0.322034, 0.612903
0.322034, 0.593750
0.322034, 0.575758
0.322034, 0.558824
0.322034, 0.542857
0.322034, 0.527778
0.322034, 0.513514
0.322034, 0.500000
0.322034, 0.487179
0.338983, 0.500000
0.338983, 0.487805
0.338983, 0.476190
0.338983, 0.465116
0.338983, 0.454545
0.338983, 0.444444
0.338983, 0.434783
0.338983, 0.425532
0.338983, 0.416667
0.338983, 0.408163
0.338983, 0.400000
0.355932, 0.411765
0.372881, 0.423077
0.372881, 0.415094
0.372881, 0.407407
0.372881, 0.400000
0.372881, 0.392857
0.372881, 0.385965
0.372881, 0.379310
0.372881, 0.372881
0.372881, 0.366667
0.372881, 0.360656
0.372881, 0.354839
0.372881, 0.349206
0.372881, 0.343750
0.372881, 0.338462
0.372881, 0.333333
0.372881, 0.328358
0.389831, 0.338235
0.406780, 0.347826
0.423729, 0.357143
0.423729, 0.352113
0.423729, 0.347222
0.423729, 0.342466
0.423729, 0.337838
0.440678, 0.346667
0.440678, 0.342105
0.440678, 0.337662
0.440678, 0.333333
0.457627, 0.341772
0.474576, 0.350000
0.474576, 0.345679
0.474576, 0.341463
0.474576, 0.337349
0.474576, 0.333333
0.474576, 0.329412
0.474576, 0.325581
0.474576, 0.321839
0.474576, 0.318182
0.474576, 0.314607
0.474576, 0.311111
0.474576, 0.307692
0.474576, 0.304348
0.474576, 0.301075
0.474576, 0.297872
0.474576, 0.294737
0.491525, 0.302083
0.491525, 0.298969
0.491525, 0.295918
0.491525, 0.292929
0.491525, 0.290000
0.491525, 0.287129
0.491525, 0.284314
0.508475, 0.291262
0.508475, 0.288462
0.525424, 0.295238
0.525424, 0.292453
0.525424, 0.289720
0.525424, 0.287037
0.525424, 0.284404
0.525424, 0.281818
0.542373, 0.288288
0.542373, 0.285714
0.559322, 0.292035
0.559322, 0.289474
0.559322, 0.286957
0.559322, 0.284483
0.559322, 0.282051
0.559322, 0.279661
0.559322, 0.277311
0.559322, 0.275000
0.559322, 0.272727
0.559322, 0.270492
0.576271, 0.276423
0.576271, 0.274194
0.576271, 0.272000
0.576271, 0.269841
0.576271, 0.267717
0.576271, 0.265625
0.576271, 0.263566
0.576271, 0.261538
0.593220, 0.267176
0.593220, 0.265152
0.593220, 0.263158
0.593220, 0.261194
0.593220, 0.259259
0.593220, 0.257353
0.593220, 0.255474
0.593220, 0.253623
0.593220, 0.251799
0.593220, 0.250000
0.593220, 0.248227
0.593220, 0.246479
0.610169, 0.251748
0.610169, 0.250000
0.610169, 0.248276
0.610169, 0.246575
0.610169, 0.244898
0.610169, 0.243243
0.610169, 0.241611
0.610169, 0.240000
0.610169, 0.238411
0.610169, 0.236842
0.610169, 0.235294
0.610169, 0.233766
0.610169, 0.232258
0.610169, 0.230769
0.610169, 0.229299
0.610169, 0.227848
0.610169, 0.226415
0.610169, 0.225000
0.627119, 0.229814
0.627119, 0.228395
0.627119, 0.226994
0.627119, 0.225610
0.627119, 0.224242
0.627119, 0.222892
0.627119, 0.221557
0.627119, 0.220238
0.627119, 0.218935
0.627119, 0.217647
0.627119, 0.216374
0.627119, 0.215116
0.627119, 0.213873
0.627119, 0.212644
0.627119, 0.211429
0.627119, 0.210227
0.627119, 0.209040
0.627119, 0.207865
0.627119, 0.206704
0.627119, 0.205556
0.627119, 0.204420
0.627119, 0.203297
0.644068, 0.207650
0.644068, 0.206522
0.644068, 0.205405
0.644068, 0.204301
0.644068, 0.203209
0.644068, 0.202128
0.644068, 0.201058
0.644068, 0.200000
0.644068, 0.198953
0.644068, 0.197917
0.644068, 0.196891
0.644068, 0.195876
0.644068, 0.194872
0.644068, 0.193878
0.644068, 0.192893
0.644068, 0.191919
0.644068, 0.190955
0.644068, 0.190000
0.644068, 0.189055
0.644068, 0.188119
0.644068, 0.187192
0.644068, 0.186275
0.644068, 0.185366
0.644068, 0.184466
0.644068, 0.183575
0.644068, 0.182692
0.644068, 0.181818
0.644068, 0.180952
0.644068, 0.180095
0.644068, 0.179245
0.644068, 0.178404
0.644068, 0.177570
0.644068, 0.176744
0.644068, 0.175926
0.644068, 0.175115
0.644068, 0.174312
0.644068, 0.173516
0.644068, 0.172727
0.644068, 0.171946
0.644068, 0.171171
0.644068, 0.170404
0.644068, 0.169643
0.644068, 0.168889
0.644068, 0.168142
0.644068, 0.167401
0.644068, 0.166667
0.644068, 0.165939
0.644068, 0.165217
0.644068, 0.164502
0.644068, 0.163793
0.644068, 0.163090
0.644068, 0.162393
0.644068, 0.161702
0.644068, 0.161017
0.644068, 0.160338
0.644068, 0.159664
0.644068, 0.158996
0.644068, 0.158333
0.644068, 0.157676
0.644068, 0.157025
0.644068, 0.156379
0.644068, 0.155738
0.644068, 0.155102
0.644068, 0.154472
0.644068, 0.153846
0.644068, 0.153226
0.644068, 0.152610
0.644068, 0.152000
0.644068, 0.151394
0.644068, 0.150794
0.644068, 0.150198
0.644068, 0.149606
0.644068, 0.149020
0.644068, 0.148438
0.644068, 0.147860
0.644068, 0.147287
0.644068, 0.146718
0.644068, 0.146154
0.644068, 0.145594
0.661017, 0.148855
0.661017, 0.148289
0.661017, 0.147727
0.661017, 0.147170
0.661017, 0.146617
0.661017, 0.146067
0.661017, 0.145522
0.661017, 0.144981
0.661017, 0.144444
0.661017, 0.143911
0.661017, 0.143382
0.661017, 0.142857
0.661017, 0.142336
0.661017, 0.141818
0.661017, 0.141304
0.661017, 0.140794
0.661017, 0.140288
0.661017, 0.139785
0.661017, 0.139286
0.661017, 0.138790
0.661017, 0.138298
0.661017, 0.137809
0.661017, 0.137324
0.661017, 0.136842
0.661017, 0.136364
0.661017, 0.135889
0.661017, 0.135417
0.661017, 0.134948
0.661017, 0.134483
0.661017, 0.134021
0.661017, 0.133562
0.661017, 0.133106
0.677966, 0.136054
0.677966, 0.135593
0.677966, 0.135135
0.677966, 0.134680
0.677966, 0.134228
0.677966, 0.133779
0.677966, 0.133333
0.677966, 0.132890
0.677966, 0.132450
0.677966, 0.132013
0.677966, 0.131579
0.677966, 0.131148
0.677966, 0.130719
0.677966, 0.130293
0.677966, 0.129870
0.677966, 0.129450
0.677966, 0.129032
0.677966, 0.128617
0.677966, 0.128205
0.677966, 0.127796
0.677966, 0.127389
0.677966, 0.126984
0.677966, 0.126582
0.677966, 0.126183
0.677966, 0.125786
0.677966, 0.125392
0.677966, 0.125000
0.677966, 0.124611
0.677966, 0.124224
0.677966, 0.123839
0.677966, 0.123457
0.677966, 0.123077
0.677966, 0.122699
0.677966, 0.122324
0.677966, 0.121951
0.677966, 0.121581
0.677966, 0.121212
0.677966, 0.120846
0.677966, 0.120482
0.677966, 0.120120
0.677966, 0.119760
0.677966, 0.119403
0.677966, 0.119048
0.677966, 0.118694
0.677966, 0.118343
0.677966, 0.117994
0.677966, 0.117647
0.677966, 0.117302
0.677966, 0.116959
0.677966, 0.116618
0.677966, 0.116279
0.677966, 0.115942
0.677966, 0.115607
0.677966, 0.115274
0.677966, 0.114943
0.677966, 0.114613
0.677966, 0.114286
0.677966, 0.113960
0.677966, 0.113636
0.677966, 0.113314
0.677966, 0.112994
0.677966, 0.112676
0.677966, 0.112360
0.677966, 0.112045
0.694915, 0.114525
0.694915, 0.114206
0.694915, 0.113889
0.694915, 0.113573
0.694915, 0.113260
0.694915, 0.112948
0.694915, 0.112637
0.694915, 0.112329
0.694915, 0.112022
0.694915, 0.111717
0.711864, 0.114130
0.711864, 0.113821
0.711864, 0.113514
0.711864, 0.113208
0.711864, 0.112903
0.711864, 0.112601
0.711864, 0.112299
0.711864, 0.112000
0.711864, 0.111702
0.711864, 0.111406
0.711864, 0.111111
0.711864, 0.110818
0.711864, 0.110526
0.711864, 0.110236
0.711864, 0.109948
0.711864, 0.109661
0.711864, 0.109375
0.711864, 0.109091
0.711864, 0.108808
0.711864, 0.108527
0.711864, 0.108247
0.711864, 0.107969
0.711864, 0.107692
0.711864, 0.107417
0.711864, 0.107143
0.711864, 0.106870
0.711864, 0.106599
0.711864, 0.106329
0.711864, 0.106061
0.711864, 0.105793
0.711864, 0.105528
0.711864, 0.105263
0.711864, 0.105000
0.711864, 0.104738
0.711864, 0.104478
0.711864, 0.104218
0.711864, 0.103960
0.711864, 0.103704
0.728814, 0.105911
0.728814, 0.105651
0.728814, 0.105392
0.728814, 0.105134
0.728814, 0.104878
0.728814, 0.104623
0.728814, 0.104369
0.728814, 0.104116
0.728814, 0.103865
0.728814, 0.103614
0.728814, 0.103365
0.728814, 0.103118
0.728814, 0.102871
0.728814, 0.102625
0.728814, 0.102381
0.728814, 0.102138
0.745763, 0.104265
0.745763, 0.104019
0.745763, 0.103774
0.745763, 0.103529
0.745763, 0.103286
0.745763, 0.103044
0.745763, 0.102804
0.745763, 0.102564
0.745763, 0.102326
0.745763, 0.102088
0.745763, 0.101852
0.745763, 0.101617
0.745763, 0.101382
0.745763, 0.101149
0.745763, 0.100917
0.745763, 0.100686
0.745763, 0.100457
0.745763, 0.100228
0.745763, 0.100000
0.745763, 0.099773
0.745763, 0.099548
0.745763, 0.099323
0.745763, 0.099099
0.745763, 0.098876
0.745763, 0.098655
0.745763, 0.098434
0.745763, 0.098214
0.745763, 0.097996
0.745763, 0.097778
0.745763, 0.097561
0.745763, 0.097345
0.745763, 0.097130
0.745763, 0.096916
0.745763, 0.096703
0.745763, 0.096491
0.745763, 0.096280
0.745763, 0.096070
0.745763, 0.095861
0.745763, 0.095652
0.745763, 0.095445
0.745763, 0.095238
0.745763, 0.095032
0.745763, 0.094828
0.745763, 0.094624
0.745763, 0.094421
0.745763, 0.094218
0.745763, 0.094017
0.745763, 0.093817
0.745763, 0.093617
0.745763, 0.093418
0.745763, 0.093220
0.745763, 0.093023
0.745763, 0.092827
0.745763, 0.092632
0.745763, 0.092437
0.745763, 0.092243
0.745763, 0.092050
0.745763, 0.091858
0.745763, 0.091667
0.745763, 0.091476
0.745763, 0.091286
0.745763, 0.091097
0.745763, 0.090909
0.745763, 0.090722
0.745763, 0.090535
0.745763, 0.090349
0.745763, 0.090164
0.745763, 0.089980
0.745763, 0.089796
0.745763, 0.089613
0.745763, 0.089431
0.745763, 0.089249
0.745763, 0.089069
0.745763, 0.088889
0.745763, 0.088710
0.745763, 0.088531
0.745763, 0.088353
0.745763, 0.088176
0.745763, 0.088000
0.745763, 0.087824
0.745763, 0.087649
0.745763, 0.087475
0.745763, 0.087302
0.745763, 0.087129
0.745763, 0.086957
0.745763, 0.086785
0.745763, 0.086614
0.745763, 0.086444
0.745763, 0.086275
0.745763, 0.086106
0.745763, 0.085938
0.745763, 0.085770
0.745763, 0.085603
0.745763, 0.085437
0.745763, 0.085271
0.745763, 0.085106
0.745763, 0.084942
0.745763, 0.084778
0.745763, 0.084615
0.745763, 0.084453
0.745763, 0.084291
0.745763, 0.084130
0.745763, 0.083969
0.745763, 0.083810
0.745763, 0.083650
0.745763, 0.083491
0.745763, 0.083333
0.745763, 0.083176
0.745763, 0.083019
0.745763, 0.082863
0.745763, 0.082707
0.745763, 0.082552
0.745763, 0.082397
0.745763, 0.082243
0.745763, 0.082090
0.745763, 0.081937
0.745763, 0.081784
0.745763, 0.081633
0.745763, 0.081481
0.745763, 0.081331
0.745763, 0.081181
0.745763, 0.081031
0.745763, 0.080882
0.745763, 0.080734
0.745763, 0.080586
0.745763, 0.080439
0.745763, 0.080292
0.745763, 0.080146
0.745763, 0.080000
0.745763, 0.079855
0.745763, 0.079710
0.745763, 0.079566
0.745763, 0.079422
0.745763, 0.079279
0.745763, 0.079137
0.745763, 0.078995
0.745763, 0.078853
0.745763, 0.078712
0.745763, 0.078571
0.745763, 0.078431
0.745763, 0.078292
0.745763, 0.078153
0.745763, 0.078014
0.745763, 0.077876
0.745763, 0.077739
0.745763, 0.077601
0.745763, 0.077465
0.745763, 0.077329
0.745763, 0.077193
0.745763, 0.077058
0.745763, 0.076923
0.745763, 0.076789
0.745763, 0.076655
0.745763, 0.076522
0.745763, 0.076389
0.745763, 0.076256
0.745763, 0.076125
0.745763, 0.075993
0.745763, 0.075862
0.745763, 0.075731
0.745763, 0.075601
0.745763, 0.075472
0.745763, 0.075342
0.745763, 0.075214
0.745763, 0.075085
0.745763, 0.074957
0.745763, 0.074830
0.745763, 0.074703
0.745763, 0.074576
0.745763, 0.074450
0.745763, 0.074324
0.745763, 0.074199
0.745763, 0.074074
0.745763, 0.073950
0.745763, 0.073826
0.745763, 0.073702
0.745763, 0.073579
0.745763, 0.073456
0.745763, 0.073333
0.745763, 0.073211
0.745763, 0.073090
0.745763, 0.072968
0.745763, 0.072848
0.745763, 0.072727
0.745763, 0.072607
0.745763, 0.072488
0.745763, 0.072368
0.745763, 0.072250
0.745763, 0.072131
0.745763, 0.072013
0.745763, 0.071895
0.745763, 0.071778
0.745763, 0.071661
0.745763, 0.071545
0.745763, 0.071429
0.745763, 0.071313
0.745763, 0.071197
0.745763, 0.071082
0.745763, 0.070968
0.745763, 0.070853
0.745763, 0.070740
0.745763, 0.070626
0.745763, 0.070513
0.745763, 0.070400
0.745763, 0.070288
0.745763, 0.070175
0.745763, 0.070064
0.745763, 0.069952
0.745763, 0.069841
0.745763, 0.069731
0.745763, 0.069620
0.745763, 0.069510
0.745763, 0.069401
0.745763, 0.069291
0.745763, 0.069182
0.745763, 0.069074
0.745763, 0.068966
0.745763, 0.068858
0.745763, 0.068750
0.745763, 0.068643
0.745763, 0.068536
0.745763, 0.068429
0.745763, 0.068323
0.745763, 0.068217
0.745763, 0.068111
0.745763, 0.068006
0.745763, 0.067901
0.745763, 0.067797
0.745763, 0.067692
0.745763, 0.067588
0.745763, 0.067485
0.745763, 0.067381
0.745763, 0.067278
0.745763, 0.067176
0.745763, 0.067073
0.745763, 0.066971
0.745763, 0.066869
0.745763, 0.066768
0.745763, 0.066667
0.745763, 0.066566
0.745763, 0.066465
0.745763, 0.066365
0.745763, 0.066265
0.745763, 0.066165
0.745763, 0.066066
0.745763, 0.065967
0.745763, 0.065868
0.745763, 0.065770
0.745763, 0.065672
0.745763, 0.065574
0.745763, 0.065476
0.745763, 0.065379
0.745763, 0.065282
0.745763, 0.065185
0.745763, 0.065089
0.745763, 0.064993
0.745763, 0.064897
0.745763, 0.064801
0.745763, 0.064706
0.745763, 0.064611
0.745763, 0.064516
0.745763, 0.064422
0.745763, 0.064327
0.745763, 0.064234
0.745763, 0.064140
0.745763, 0.064047
0.745763, 0.063953
0.745763, 0.063861
0.745763, 0.063768
0.745763, 0.063676
0.745763, 0.063584
0.745763, 0.063492
0.745763, 0.063401
0.745763, 0.063309
0.745763, 0.063218
0.745763, 0.063128
0.745763, 0.063037
0.745763, 0.062947
0.745763, 0.062857
0.745763, 0.062767
0.745763, 0.062678
0.745763, 0.062589
0.745763, 0.062500
0.745763, 0.062411
0.745763, 0.062323
0.745763, 0.062235
0.745763, 0.062147
0.745763, 0.062059
0.745763, 0.061972
0.745763, 0.061885
0.745763, 0.061798
0.745763, 0.061711
0.745763, 0.061625
0.745763, 0.061538
0.745763, 0.061453
0.745763, 0.061367
0.745763, 0.061281
0.745763, 0.061196
0.745763, 0.061111
0.745763, 0.061026
0.745763, 0.060942
0.745763, 0.060858
0.745763, 0.060773
0.745763, 0.060690
0.745763, 0.060606
0.745763, 0.060523
0.745763, 0.060440
0.745763, 0.060357
0.745763, 0.060274
0.745763, 0.060192
0.745763, 0.060109
0.745763, 0.060027
0.745763, 0.059946
0.745763, 0.059864
0.745763, 0.059783
0.745763, 0.059701
0.745763, 0.059621
0.745763, 0.059540
0.745763, 0.059459
0.745763, 0.059379
0.745763, 0.059299
0.745763, 0.059219
0.745763, 0.059140
0.745763, 0.059060
0.745763, 0.058981
0.745763, 0.058902
0.745763, 0.058824
0.745763, 0.058745
0.745763, 0.058667
0.745763, 0.058589
0.745763, 0.058511
0.745763, 0.058433
0.745763, 0.058355
0.745763, 0.058278
0.745763, 0.058201
0.745763, 0.058124
0.745763, 0.058047
0.745763, 0.057971
0.745763, 0.057895
0.745763, 0.057819
0.745763, 0.057743
0.745763, 0.057667
0.745763, 0.057592
0.745763, 0.057516
0.745763, 0.057441
0.745763, 0.057366
0.745763, 0.057292
0.745763, 0.057217
0.745763, 0.057143
0.745763, 0.057069
0.745763, 0.056995
0.745763, 0.056921
0.745763, 0.056848
0.745763, 0.056774
0.745763, 0.056701
0.745763, 0.056628
0.745763, 0.056555
0.745763, 0.056483
0.745763, 0.056410
0.745763, 0.056338
0.745763, 0.056266
0.745763, 0.056194
0.745763, 0.056122
0.745763, 0.056051
0.745763, 0.055980
0.745763, 0.055909
0.745763, 0.055838
0.745763, 0.055767
0.745763, 0.055696
0.745763, 0.055626
0.745763, 0.055556
0.745763, 0.055485
0.745763, 0.055416
0.745763, 0.055346
0.745763, 0.055276
0.745763, 0.055207
0.745763, 0.055138
0.745763, 0.055069
0.745763, 0.055000
0.745763, 0.054931
0.745763, 0.054863
0.745763, 0.054795
0.745763, 0.054726
0.745763, 0.054658
0.745763, 0.054591
0.745763, 0.054523
0.745763, 0.054455
0.745763, 0.054388
0.745763, 0.054321
0.745763, 0.054254
0.745763, 0.054187
0.745763, 0.054121
0.745763, 0.054054
0.745763, 0.053988
0.745763, 0.053922
0.745763, 0.053856
0.745763, 0.053790
0.745763, 0.053724
0.745763, 0.053659
0.745763, 0.053593
0.745763, 0.053528
0.745763, 0.053463
0.745763, 0.053398
0.745763, 0.053333
0.745763, 0.053269
0.745763, 0.053204
0.745763, 0.053140
0.745763, 0.053076
0.745763, 0.053012
0.745763, 0.052948
0.745763, 0.052885
0.745763, 0.052821
0.745763, 0.052758
0.745763, 0.052695
0.745763, 0.052632
0.745763, 0.052569
0.745763, 0.052506
0.745763, 0.052443
0.745763, 0.052381
0.745763, 0.052319
0.745763, 0.052257
0.745763, 0.052195
0.745763, 0.052133
0.745763, 0.052071
0.745763, 0.052009
0.745763, 0.051948
0.745763, 0.051887
0.745763, 0.051826
0.745763, 0.051765
0.745763, 0.051704
0.745763, 0.051643
0.745763, 0.051583
0.745763, 0.051522
0.745763, 0.051462
0.745763, 0.051402
0.745763, 0.051342
0.745763, 0.051282
0.745763, 0.051222
0.745763, 0.051163
0.745763, 0.051103
0.745763, 0.051044
0.745763, 0.050985
0.745763, 0.050926
0.745763, 0.050867
0.745763, 0.050808
0.745763, 0.050750
0.745763, 0.050691
0.745763, 0.050633
0.745763, 0.050575
0.745763, 0.050517
0.745763, 0.050459
0.745763, 0.050401
0.745763, 0.050343
0.745763, 0.050286
0.745763, 0.050228
0.745763, 0.050171
0.745763, 0.050114
0.745763, 0.050057
0.745763, 0.050000
0.745763, 0.049943
0.745763, 0.049887
0.745763, 0.049830
0.745763, 0.049774
0.745763, 0.049718
0.745763, 0.049661
0.745763, 0.049605
0.745763, 0.049550
0.745763, 0.049494
0.745763, 0.049438
0.745763, 0.049383
0.745763, 0.049327
0.745763, 0.049272
0.745763, 0.049217
0.745763, 0.049162
0.745763, 0.049107
0.745763, 0.049052
0.745763, 0.048998
0.745763, 0.048943
0.745763, 0.048889
0.745763, 0.048835
0.745763, 0.048780
0.745763, 0.048726
0.745763, 0.048673
0.745763, 0.048619
0.745763, 0.048565
0.745763, 0.048512
0.745763, 0.048458
0.745763, 0.048405
0.745763, 0.048352
0.745763, 0.048299
0.745763, 0.048246
0.745763, 0.048193
0.745763, 0.048140
0.745763, 0.048087
0.745763, 0.048035
0.745763, 0.047983
0.745763, 0.047930
0.745763, 0.047878
0.745763, 0.047826
0.745763, 0.047774
0.745763, 0.047722
0.745763, 0.047671
0.745763, 0.047619
0.745763, 0.047568
0.745763, 0.047516
0.745763, 0.047465
0.745763, 0.047414
0.745763, 0.047363
0.745763, 0.047312
0.745763, 0.047261
0.745763, 0.047210
0.762712, 0.048232
0.762712, 0.048180
0.762712, 0.048128
0.762712, 0.048077
0.762712, 0.048026
0.762712, 0.047974
0.762712, 0.047923
0.762712, 0.047872
0.762712, 0.047821
0.762712, 0.047771
0.762712, 0.047720
0.762712, 0.047669
0.762712, 0.047619
0.762712, 0.047569
0.762712, 0.047518
0.762712, 0.047468
0.762712, 0.047418
0.762712, 0.047368
0.762712, 0.047319
0.762712, 0.047269
0.762712, 0.047219
0.762712, 0.047170
0.762712, 0.047120
0.762712, 0.047071
0.762712, 0.047022
0.762712, 0.046973
0.762712, 0.046924
0.762712, 0.046875
0.762712, 0.046826
0.762712, 0.046778
0.762712, 0.046729
0.762712, 0.046680
0.762712, 0.046632
0.762712, 0.046584
0.762712, 0.046536
0.762712, 0.046488
0.762712, 0.046440
0.762712, 0.046392
0.762712, 0.046344
0.762712, 0.046296
0.762712, 0.046249
0.762712, 0.046201
0.762712, 0.046154
0.762712, 0.046107
0.762712, 0.046059
0.762712, 0.046012
0.762712, 0.045965
0.762712, 0.045918
0.762712, 0.045872
0.762712, 0.045825
0.762712, 0.045778
0.762712, 0.045732
0.762712, 0.045685
0.762712, 0.045639
0.762712, 0.045593
0.762712, 0.045547
0.762712, 0.045501
0.762712, 0.045455
0.762712, 0.045409
0.762712, 0.045363
0.762712, 0.045317
0.762712, 0.045272
0.762712, 0.045226
0.762712, 0.045181
0.762712, 0.045135
0.762712, 0.045090
0.762712, 0.045045
0.762712, 0.045000
0.762712, 0.044955
0.762712, 0.044910
0.762712, 0.044865
0.762712, 0.044821
0.762712, 0.044776
0.762712, 0.044732
0.762712, 0.044687
0.762712, 0.044643
0.762712, 0.044599
0.762712, 0.044554
0.762712, 0.044510
0.762712, 0.044466
0.762712, 0.044423
0.779661, 0.045365
0.779661, 0.045320
0.779661, 0.045276
0.779661, 0.045231
0.779661, 0.045187
0.779661, 0.045142
0.779661, 0.045098
0.779661, 0.045054
0.779661, 0.045010
0.779661, 0.044966
0.779661, 0.044922
0.779661, 0.044878
0.779661, 0.044834
0.779661, 0.044791
0.779661, 0.044747
0.779661, 0.044704
0.779661, 0.044660
0.779661, 0.044617
0.779661, 0.044574
0.779661, 0.044530
0.779661, 0.044487
0.779661, 0.044444
0.779661, 0.044402
0.779661, 0.044359
0.779661, 0.044316
0.779661, 0.044273
0.779661, 0.044231
0.779661, 0.044188
0.779661, 0.044146
0.779661, 0.044104
0.779661, 0.044061
0.779661, 0.044019
0.779661, 0.043977
0.779661, 0.043935
0.779661, 0.043893
0.779661, 0.043851
0.779661, 0.043810
0.779661, 0.043768
0.779661, 0.043726
0.779661, 0.043685
0.779661, 0.043643
0.779661, 0.043602
0.779661, 0.043561
0.779661, 0.043519
0.779661, 0.043478
0.779661, 0.043437
0.779661, 0.043396
0.779661, 0.043355
0.779661, 0.043315
0.779661, 0.043274
0.779661, 0.043233
0.779661, 0.043192
0.779661, 0.043152
0.779661, 0.043112
0.779661, 0.043071
0.779661, 0.043031
0.779661, 0.042991
0.779661, 0.042951
0.779661, 0.042910
0.779661, 0.042870
0.779661, 0.042831
0.779661, 0.042791
0.779661, 0.042751
0.779661, 0.042711
0.779661, 0.042672
0.779661, 0.042632
0.779661, 0.042593
0.779661, 0.042553
0.779661, 0.042514
0.779661, 0.042475
0.779661, 0.042435
0.779661, 0.042396
0.779661, 0.042357
0.779661, 0.042318
0.779661, 0.042279
0.779661, 0.042241
0.779661, 0.042202
0.779661, 0.042163
0.779661, 0.042125
0.779661, 0.042086
0.779661, 0.042048
0.779661, 0.042009
0.779661, 0.041971
0.779661, 0.041933
0.779661, 0.041894
0.779661, 0.041856
0.779661, 0.041818
0.779661, 0.041780
0.779661, 0.041742
0.779661, 0.041704
0.779661, 0.041667
0.779661, 0.041629
0.779661, 0.041591
0.779661, 0.041554
0.779661, 0.041516
0.779661, 0.041479
0.779661, 0.041441
0.779661, 0.041404
0.779661, 0.041367
0.779661, 0.041330
0.779661, 0.041293
0.779661, 0.041256
0.779661, 0.041219
0.779661, 0.041182
0.779661, 0.041145
0.779661, 0.041108
0.779661, 0.041071
0.779661, 0.041035
0.779661, 0.040998
0.779661, 0.040962
0.779661, 0.040925
0.779661, 0.040889
0.779661, 0.040853
0.779661, 0.040816
0.779661, 0.040780
0.779661, 0.040744
0.779661, 0.040708
0.779661, 0.040672
0.779661, 0.040636
0.779661, 0.040600
0.779661, 0.040564
0.779661, 0.040529
0.796610, 0.041373
0.796610, 0.041337
0.796610, 0.041301
0.796610, 0.041264
0.796610, 0.041228
0.796610, 0.041192
0.796610, 0.041156
0.796610, 0.041120
0.796610, 0.041084
0.796610, 0.041048
0.796610, 0.041012
0.796610, 0.040976
0.796610, 0.040941
0.796610, 0.040905
0.796610, 0.040870
0.796610, 0.040834
0.796610, 0.040799
0.796610, 0.040763
0.796610, 0.040728
0.796610, 0.040693
0.796610, 0.040657
0.796610, 0.040622
0.796610, 0.040587
0.796610, 0.040552
0.796610, 0.040517
0.796610, 0.040482
0.796610, 0.040448
0.796610, 0.040413
0.796610, 0.040378
0.796610, 0.040343
0.796610, 0.040309
0.796610, 0.040274
0.796610, 0.040240
0.796610, 0.040205
0.796610, 0.040171
0.796610, 0.040137
0.796610, 0.040102
0.796610, 0.040068
0.796610, 0.040034
0.796610, 0.040000
0.796610, 0.039966
0.796610, 0.039932
0.796610, 0.039898
0.796610, 0.039864
0.796610, 0.039831
0.796610, 0.039797
0.796610, 0.039763
0.796610, 0.039730
0.796610, 0.039696
0.796610, 0.039662
0.796610, 0.039629
0.796610, 0.039596
0.796610, 0.039562
0.796610, 0.039529
0.796610, 0.039496
0.796610, 0.039463
0.796610, 0.039430
0.796610, 0.039396
0.796610, 0.039363
0.796610, 0.039331
0.796610, 0.039298
0.796610, 0.039265
0.796610, 0.039232
0.796610, 0.039199
0.796610, 0.039167
0.796610, 0.039134
0.796610, 0.039101
0.796610, 0.039069
0.796610, 0.039037
0.796610, 0.039004
0.796610, 0.038972
0.796610, 0.038940
0.796610, 0.038907
0.796610, 0.038875
0.796610, 0.038843
0.796610, 0.038811
0.796610, 0.038779
0.796610, 0.038747
0.796610, 0.038715
0.796610, 0.038683
0.796610, 0.038651
0.796610, 0.038620
0.796610, 0.038588
0.796610, 0.038556
0.796610, 0.038525
0.796610, 0.038493
0.796610, 0.038462
0.796610, 0.038430
0.796610, 0.038399
0.796610, 0.038367
0.796610, 0.038336
0.796610, 0.038305
0.796610, 0.038274
0.796610, 0.038242
0.796610, 0.038211
0.796610, 0.038180
0.796610, 0.038149
0.796610, 0.038118
0.796610, 0.038088
0.796610, 0.038057
0.796610, 0.038026
0.796610, 0.037995
0.796610, 0.037964
0.796610, 0.037934
0.796610, 0.037903
0.796610, 0.037873
0.796610, 0.037842
0.796610, 0.037812
0.796610, 0.037781
0.796610, 0.037751
0.796610, 0.037721
0.796610, 0.037690
0.796610, 0.037660
0.796610, 0.037630
0.796610, 0.037600
0.796610, 0.037570
0.796610, 0.037540
0.796610, 0.037510
0.796610, 0.037480
0.796610, 0.037450
0.796610, 0.037420
0.796610, 0.037391
0.796610, 0.037361
0.796610, 0.037331
0.796610, 0.037302
0.796610, 0.037272
0.796610, 0.037242
0.796610, 0.037213
0.796610, 0.037184
0.796610, 0.037154
0.796610, 0.037125
0.796610, 0.037096
0.796610, 0.037066
0.796610, 0.037037
0.796610, 0.037008
0.796610, 0.036979
0.796610, 0.036950
0.796610, 0.036921
0.796610, 0.036892
0.796610, 0.036863
0.796610, 0.036834
0.796610, 0.036805
0.796610, 0.036776
0.796610, 0.036747
0.796610, 0.036719
0.796610, 0.036690
0.796610, 0.036661
0.796610, 0.036633
0.796610, 0.036604
0.796610, 0.036576
0.796610, 0.036547
0.796610, 0.036519
0.796610, 0.036491
0.796610, 0.036462
0.796610, 0.036434
0.796610, 0.036406
0.796610, 0.036378
0.796610, 0.036350
0.796610, 0.036321
0.796610, 0.036293
0.796610, 0.036265
0.796610, 0.036237
0.796610, 0.036210
0.796610, 0.036182
0.796610, 0.036154
0.796610, 0.036126
0.796610, 0.036098
0.796610, 0.036071
0.796610, 0.036043
0.796610, 0.036015
0.796610, 0.035988
0.796610, 0.035960
0.796610, 0.035933
0.796610, 0.035905
0.796610, 0.035878
0.796610, 0.035850
0.796610, 0.035823
0.796610, 0.035796
0.796610, 0.035769
0.796610, 0.035741
0.796610, 0.035714
0.796610, 0.035687
0.796610, 0.035660
0.796610, 0.035633
0.796610, 0.035606
0.796610, 0.035579
0.796610, 0.035552
0.796610, 0.035525
0.796610, 0.035498
0.796610, 0.035472
0.796610, 0.035445
0.796610, 0.035418
0.796610, 0.035392
0.796610, 0.035365
0.796610, 0.035338
0.796610, 0.035312
0.796610, 0.035285
0.796610, 0.035259
0.796610, 0.035232
0.796610, 0.035206
0.796610, 0.035180
0.796610, 0.035153
0.796610, 0.035127
0.796610, 0.035101
0.796610, 0.035075
0.796610, 0.035048
0.796610, 0.035022
0.796610, 0.034996
0.796610, 0.034970
0.796610, 0.034944
0.796610, 0.034918
0.796610, 0.034892
0.796610, 0.034866
0.796610, 0.034841
0.796610, 0.034815
0.796610, 0.034789
0.796610, 0.034763
0.796610, 0.034738
0.796610, 0.034712
0.796610, 0.034686
0.796610, 0.034661
0.796610, 0.034635
0.796610, 0.034610
0.796610, 0.034584
0.796610, 0.034559
0.796610, 0.034533
0.796610, 0.034508
0.796610, 0.034483
0.796610, 0.034457
0.796610, 0.034432
0.796610, 0.034407
0.796610, 0.034382
0.796610, 0.034357
0.796610, 0.034332
0.796610, 0.034307
0.796610, 0.034282
0.796610, 0.034257
0.796610, 0.034232
0.796610, 0.034207
0.796610, 0.034182
0.796610, 0.034157
0.796610, 0.034132
0.796610, 0.034107
0.796610, 0.034083
0.796610, 0.034058
0.796610, 0.034033
0.796610, 0.034009
0.796610, 0.033984
0.796610, 0.033960
0.796610, 0.033935
0.796610, 0.033911
0.796610, 0.033886
0.796610, 0.033862
0.796610, 0.033837
0.796610, 0.033813
0.796610, 0.033789
0.796610, 0.033764
0.796610, 0.033740
0.796610, 0.033716
0.796610, 0.033692
0.796610, 0.033668
0.796610, 0.033644
0.796610, 0.033619
0.796610, 0.033595
0.796610, 0.033571
0.796610, 0.033547
0.796610, 0.033524
0.796610, 0.033500
0.796610, 0.033476
0.796610, 0.033452
0.796610, 0.033428
0.796610, 0.033404
0.796610, 0.033381
0.796610, 0.033357
0.796610, 0.033333
0.796610, 0.033310
0.796610, 0.033286
0.796610, 0.033263
0.796610, 0.033239
0.796610, 0.033216
0.796610, 0.033192
0.796610, 0.033169
0.796610, 0.033145
0.796610, 0.033122
0.796610, 0.033099
0.796610, 0.033075
0.796610, 0.033052
0.796610, 0.033029
0.796610, 0.033006
0.796610, 0.032982
0.796610, 0.032959
0.796610, 0.032936
0.796610, 0.032913
0.796610, 0.032890
0.796610, 0.032867
0.796610, 0.032844
0.796610, 0.032821
0.796610, 0.032798
0.796610, 0.032775
0.796610, 0.032753
0.796610, 0.032730
0.796610, 0.032707
0.796610, 0.032684
0.796610, 0.032662
0.796610, 0.032639
0.796610, 0.032616
0.796610, 0.032594
0.796610, 0.032571
0.796610, 0.032548
0.796610, 0.032526
0.796610, 0.032503
0.796610, 0.032481
0.796610, 0.032459
0.796610, 0.032436
0.796610, 0.032414
0.796610, 0.032391
0.796610, 0.032369
0.796610, 0.032347
0.796610, 0.032325
0.796610, 0.032302
0.796610, 0.032280
0.796610, 0.032258
0.796610, 0.032236
0.796610, 0.032214
0.796610, 0.032192
0.796610, 0.032170
0.796610, 0.032148
0.796610, 0.032126
0.796610, 0.032104
0.796610, 0.032082
0.796610, 0.032060
0.796610, 0.032038
0.796610, 0.032016
0.796610, 0.031995
0.796610, 0.031973
0.796610, 0.031951
0.796610, 0.031929
0.796610, 0.031908
0.796610, 0.031886
0.796610, 0.031864
0.796610, 0.031843
0.796610, 0.031821
0.796610, 0.031800
0.796610, 0.031778
0.796610, 0.031757
0.796610, 0.031735
0.796610, 0.031714
0.796610, 0.031693
0.796610, 0.031671
0.796610, 0.031650
0.796610, 0.031629
0.796610, 0.031607
0.796610, 0.031586
0.796610, 0.031565
0.796610, 0.031544
0.796610, 0.031522
0.796610, 0.031501
0.796610, 0.031480
0.796610, 0.031459
0.796610, 0.031438
0.796610, 0.031417
0.796610, 0.031396
0.796610, 0.031375
0.796610, 0.031354
0.796610, 0.031333
0.796610, 0.031312
0.796610, 0.031292
0.796610, 0.031271
0.796610, 0.031250
0.796610, 0.031229
0.796610, 0.031208
0.796610, 0.031188
0.796610, 0.031167
0.796610, 0.031146
0.796610, 0.031126
0.796610, 0.031105
0.796610, 0.031085
0.796610, 0.031064
0.796610, 0.031044
0.796610, 0.031023
0.796610, 0.031003
0.796610, 0.030982
0.796610, 0.030962
0.796610, 0.030941
0.796610, 0.030921
0.796610, 0.030901
0.796610, 0.030880
0.796610, 0.030860
0.796610, 0.030840
0.796610, 0.030820
0.796610, 0.030799
0.796610, 0.030779
0.796610, 0.030759
0.796610, 0.030739
0.796610, 0.030719
0.796610, 0.030699
0.796610, 0.030679
0.796610, 0.030659
0.796610, 0.030639
0.796610, 0.030619
0.796610, 0.030599
0.796610, 0.030579
0.796610, 0.030559
0.796610, 0.030539
0.796610, 0.030519
0.796610, 0.030500
0.796610, 0.030480
0.796610, 0.030460
0.796610, 0.030440
0.796610, 0.030421
0.796610, 0.030401
0.796610, 0.030381
0.796610, 0.030362
0.796610, 0.030342
0.796610, 0.030323
0.796610, 0.030303
0.796610, 0.030284
0.796610, 0.030264
0.796610, 0.030245
0.796610, 0.030225
0.796610, 0.030206
0.796610, 0.030186
0.796610, 0.030167
0.796610, 0.030148
0.796610, 0.030128
0.796610, 0.030109
0.796610, 0.030090
0.796610, 0.030070
0.796610, 0.030051
0.796610, 0.030032
0.796610, 0.030013
0.796610, 0.029994
0.796610, 0.029974
0.796610, 0.029955
0.796610, 0.029936
0.796610, 0.029917
0.796610, 0.029898
0.796610, 0.029879
0.796610, 0.029860
0.796610, 0.029841
0.796610, 0.029822
0.796610, 0.029803
0.796610, 0.029785
0.796610, 0.029766
0.796610, 0.029747
0.796610, 0.029728
0.796610, 0.029709
0.796610, 0.029690
0.796610, 0.029672
0.796610, 0.029653
0.796610, 0.029634
0.796610, 0.029616
0.796610, 0.029597
0.796610, 0.029578
0.796610, 0.029560
0.796610, 0.029541
0.796610, 0.029523
0.796610, 0.029504
0.796610, 0.029486
0.796610, 0.029467
0.796610, 0.029449
0.796610, 0.029430
0.796610, 0.029412
0.796610, 0.029393
0.796610, 0.029375
0.796610, 0.029357
0.796610, 0.029338
0.796610, 0.029320
0.796610, 0.029302
0.796610, 0.029283
0.796610, 0.029265
0.796610, 0.029247
0.796610, 0.029229
0.796610, 0.029211
0.796610, 0.029193
0.796610, 0.029174
0.796610, 0.029156
0.796610, 0.029138
0.796610, 0.029120
0.796610, 0.029102
0.796610, 0.029084
0.796610, 0.029066
0.796610, 0.029048
0.796610, 0.029030
0.796610, 0.029012
0.796610, 0.028994
0.796610, 0.028977
0.796610, 0.028959
0.796610, 0.028941
0.796610, 0.028923
0.813559, 0.029520
0.813559, 0.029502
0.813559, 0.029484
0.813559, 0.029466
0.813559, 0.029448
0.813559, 0.029430
0.813559, 0.029412
0.813559, 0.029394
0.813559, 0.029376
0.813559, 0.029358
0.813559, 0.029340
0.813559, 0.029322
0.813559, 0.029304
0.813559, 0.029286
0.813559, 0.029268
0.813559, 0.029250
0.813559, 0.029233
0.813559, 0.029215
0.813559, 0.029197
0.813559, 0.029179
0.813559, 0.029162
0.813559, 0.029144
0.813559, 0.029126
0.813559, 0.029109
0.813559, 0.029091
0.813559, 0.029073
0.813559, 0.029056
0.813559, 0.029038
0.813559, 0.029021
0.813559, 0.029003
0.813559, 0.028986
0.813559, 0.028968
0.813559, 0.028951
0.813559, 0.028933
0.813559, 0.028916
0.813559, 0.028898
0.813559, 0.028881
0.813559, 0.028863
0.813559, 0.028846
0.813559, 0.028829
0.813559, 0.028812
0.813559, 0.028794
0.813559, 0.028777
0.813559, 0.028760
0.813559, 0.028743
0.813559, 0.028725
0.813559, 0.028708
0.813559, 0.028691
0.813559, 0.028674
0.813559, 0.028657
0.813559, 0.028640
0.813559, 0.028623
0.813559, 0.028605
0.813559, 0.028588
0.813559, 0.028571
0.813559, 0.028554
0.813559, 0.028537
0.813559, 0.028520
0.813559, 0.028504
0.813559, 0.028487
0.813559, 0.028470
0.813559, 0.028453
0.813559, 0.028436
0.813559, 0.028419
0.813559, 0.028402
0.813559, 0.028386
0.813559, 0.028369
0.813559, 0.028352
0.813559, 0.028335
0.813559, 0.028319
0.813559, 0.028302
0.813559, 0.028285
0.813559, 0.028269
0.813559, 0.028252
0.813559, 0.028235
0.813559, 0.028219
0.813559, 0.028202
0.813559, 0.028186
0.813559, 0.028169
0.813559, 0.028152
0.813559, 0.028136
0.813559, 0.028120
0.813559, 0.028103
0.813559, 0.028087
0.813559, 0.028070
0.813559, 0.028054
0.813559, 0.028037
0.813559, 0.028021
0.813559, 0.028005
0.813559, 0.027988
0.813559, 0.027972
0.813559, 0.027956
0.813559, 0.027939
0.813559, 0.027923
0.813559, 0.027907
0.813559, 0.027891
0.813559, 0.027875
0.813559, 0.027858
0.813559, 0.027842
0.813559, 0.027826
0.813559, 0.027810
0.813559, 0.027794
0.813559, 0.027778
0.813559, 0.027762
0.813559, 0.027746
0.813559, 0.027730
0.813559, 0.027714
0.813559, 0.027698
0.813559, 0.027682
0.813559, 0.027666
0.813559, 0.027650
0.813559, 0.027634
0.813559, 0.027618
0.813559, 0.027602
0.813559, 0.027586
0.813559, 0.027570
0.813559, 0.027555
0.813559, 0.027539
0.813559, 0.027523
0.813559, 0.027507
0.813559, 0.027491
0.813559, 0.027476
0.813559, 0.027460
0.813559, 0.027444
0.813559, 0.027429
0.813559, 0.027413
0.813559, 0.027397
0.813559, 0.027382
0.813559, 0.027366
0.813559, 0.027350
0.813559, 0.027335
0.813559, 0.027319
0.813559, 0.027304
0.813559, 0.027288
0.813559, 0.027273
0.813559, 0.027257
0.813559, 0.027242
0.813559, 0.027226
0.813559, 0.027211
0.813559, 0.027195
0.813559, 0.027180
0.813559, 0.027165
0.813559, 0.027149
0.813559, 0.027134
0.813559, 0.027119
0.813559, 0.027103
0.813559, 0.027088
0.813559, 0.027073
0.813559, 0.027057
0.813559, 0.027042
0.813559, 0.027027
0.813559, 0.027012
0.813559, 0.026997
0.813559, 0.026981
0.813559, 0.026966
0.813559, 0.026951
0.813559, 0.026936
0.813559, 0.026921
0.813559, 0.026906
0.813559, 0.026891
0.813559, 0.026876
0.813559, 0.026861
0.813559, 0.026846
0.813559, 0.026831
0.813559, 0.026816
0.813559, 0.026801
0.813559, 0.026786
0.813559, 0.026771
0.813559, 0.026756
0.813559, 0.026741
0.813559, 0.026726
0.813559, 0.026711
0.813559, 0.026696
0.813559, 0.026681
0.813559, 0.026667
0.813559, 0.026652
0.813559, 0.026637
0.813559, 0.026622
0.813559, 0.026608
0.813559, 0.026593
0.813559, 0.026578
0.813559, 0.026563
0.813559, 0.026549
0.813559, 0.026534
0.813559, 0.026519
0.813559, 0.026505
0.813559, 0.026490
0.813559, 0.026475
0.813559, 0.026461
0.813559, 0.026446
0.813559, 0.026432
0.813559, 0.026417
0.813559, 0.026403
0.813559, 0.026388
0.813559, 0.026374
0.813559, 0.026359
0.813559, 0.026345
0.813559, 0.026330
0.813559, 0.026316
0.813559, 0.026301
0.813559, 0.026287
0.813559, 0.026273
0.813559, 0.026258
0.813559, 0.026244
0.813559, 0.026230
0.813559, 0.026215
0.813559, 0.026201
0.813559, 0.026187
0.813559, 0.026172
0.813559, 0.026158
0.813559, 0.026144
0.813559, 0.026130
0.813559, 0.026115
0.813559, 0.026101
0.813559, 0.026087
0.813559, 0.026073
0.813559, 0.026059
0.813559, 0.026044
0.813559, 0.026030
0.813559, 0.026016
0.813559, 0.026002
0.813559, 0.025988
0.830508, 0.026515
0.830508, 0.026501
0.830508, 0.026486
0.830508, 0.026472
0.830508, 0.026458
0.830508, 0.026444
0.830508, 0.026429
0.830508, 0.026415
0.830508, 0.026401
0.830508, 0.026387
0.830508, 0.026372
0.830508, 0.026358
0.830508, 0.026344
0.830508, 0.026330
0.830508, 0.026316
0.830508, 0.026302
0.830508, 0.026288
0.830508, 0.026273
0.830508, 0.026259
0.830508, 0.026245
0.830508, 0.026231
0.830508, 0.026217
0.830508, 0.026203
0.830508, 0.026189
0.830508, 0.026175
0.830508, 0.026161
0.830508, 0.026147
0.830508, 0.026133
0.830508, 0.026119
0.830508, 0.026105
0.830508, 0.026092
0.830508, 0.026078
0.830508, 0.026064
0.830508, 0.026050
0.830508, 0.026036
0.830508, 0.026022
0.830508, 0.026008
0.830508, 0.025995
0.830508, 0.025981
0.830508, 0.025967
0.830508, 0.025953
0.830508, 0.025940
0.830508, 0.025926
0.830508, 0.025912
0.830508, 0.025899
0.830508, 0.025885
0.830508, 0.025871
0.830508, 0.025858
0.830508, 0.025844
0.830508, 0.025830
0.830508, 0.025817
0.830508, 0.025803
0.830508, 0.025789
0.830508, 0.025776
0.830508, 0.025762
0.830508, 0.025749
0.830508, 0.025735
0.830508, 0.025722
0.830508, 0.025708
0.830508, 0.025695
0.830508, 0.025681
0.830508, 0.025668
0.830508, 0.025654
0.830508, 0.025641
0.830508, 0.025628
0.830508, 0.025614
0.830508, 0.025601
0.830508, 0.025587
0.830508, 0.025574
0.830508, 0.025561
0.830508, 0.025547
0.830508, 0.025534
0.830508, 0.025521
0.830508, 0.025508
0.830508, 0.025494
0.830508, 0.025481
0.830508, 0.025468
0.830508, 0.025455
0.830508, 0.025441
0.830508, 0.025428
0.830508, 0.025415
0.830508, 0.025402
0.830508, 0.025389
0.830508, 0.025375
0.830508, 0.025362
0.830508, 0.025349
0.830508, 0.025336
0.830508, 0.025323
0.830508, 0.025310
0.830508, 0.025297
0.830508, 0.025284
0.830508, 0.025271
0.830508, 0.025258
0.830508, 0.025245
0.830508, 0.025232
0.830508, 0.025219
0.830508, 0.025206
0.830508, 0.025193
0.830508, 0.025180
0.830508, 0.025167
0.830508, 0.025154
0.830508, 0.025141
0.830508, 0.025128
0.830508, 0.025115
0.830508, 0.025102
0.830508, 0.025090
0.830508, 0.025077
0.830508, 0.025064
0.830508, 0.025051
0.830508, 0.025038
0.830508, 0.025026
0.830508, 0.025013
0.830508, 0.025000
0.830508, 0.024987
0.830508, 0.024975
0.830508, 0.024962
0.830508, 0.024949
0.830508, 0.024936
0.830508, 0.024924
0.830508, 0.024911
0.830508, 0.024898
0.830508, 0.024886
0.830508, 0.024873
0.830508, 0.024860
0.830508, 0.024848
0.830508, 0.024835
0.830508, 0.024823
0.830508, 0.024810
0.830508, 0.024798
0.830508, 0.024785
0.830508, 0.024772
0.830508, 0.024760
0.830508, 0.024747
0.830508, 0.024735
0.830508, 0.024723
0.830508, 0.024710
0.830508, 0.024698
0.830508, 0.024685
0.830508, 0.024673
0.830508, 0.024660
0.830508, 0.024648
0.830508, 0.024635
0.830508, 0.024623
0.830508, 0.024611
0.830508, 0.024598
0.830508, 0.024586
0.830508, 0.024574
0.830508, 0.024561
0.830508, 0.024549
0.830508, 0.024537
0.830508, 0.024525
0.830508, 0.024512
0.830508, 0.024500
0.830508, 0.024488
0.830508, 0.024476
0.830508, 0.024463
0.830508, 0.024451
0.830508, 0.024439
0.830508, 0.024427
0.830508, 0.024415
0.830508, 0.024402
0.830508, 0.024390
0.830508, 0.024378
0.830508, 0.024366
0.830508, 0.024354
0.830508, 0.024342
0.830508, 0.024330
0.830508, 0.024318
0.830508, 0.024306
0.830508, 0.024294
0.830508, 0.024281
0.830508, 0.024269
0.830508, 0.024257
0.830508, 0.024245
0.830508, 0.024233
0.830508, 0.024221
0.830508, 0.024209
0.830508, 0.024198
0.830508, 0.024186
0.830508, 0.024174
0.830508, 0.024162
0.830508, 0.024150
0.830508, 0.024138
0.830508, 0.024126
0.830508, 0.024114
0.830508, 0.024102
0.830508, 0.024090
0.830508, 0.024079
0.830508, 0.024067
0.830508, 0.024055
0.830508, 0.024043
0.830508, 0.024031
0.830508, 0.024020
0.830508, 0.024008
0.830508, 0.023996
0.830508, 0.023984
0.830508, 0.023973
0.830508, 0.023961
0.830508, 0.023949
0.830508, 0.023937
0.830508, 0.023926
0.830508, 0.023914
0.830508, 0.023902
0.830508, 0.023891
0.830508, 0.023879
0.830508, 0.023868
0.830508, 0.023856
0.830508, 0.023844
0.830508, 0.023833
0.830508, 0.023821
0.830508, 0.023810
0.830508, 0.023798
0.830508, 0.023786
0.830508, 0.023775
0.830508, 0.023763
0.830508, 0.023752
0.830508, 0.023740
0.830508, 0.023729
0.830508, 0.023717
0.830508, 0.023706
0.830508, 0.023694
0.830508, 0.023683
0.830508, 0.023671
0.830508, 0.023660
0.830508, 0.023649
0.830508, 0.023637
0.830508, 0.023626
0.830508, 0.023614
0.830508, 0.023603
0.830508, 0.023592
0.830508, 0.023580
0.830508, 0.023569
0.830508, 0.023558
0.830508, 0.023546
0.830508, 0.023535
0.830508, 0.023524
0.830508, 0.023512
0.830508, 0.023501
0.830508, 0.023490
0.830508, 0.023479
0.830508, 0.023467
0.830508, 0.023456
0.830508, 0.023445
0.830508, 0.023434
0.830508, 0.023423
0.830508, 0.023411
0.830508, 0.023400
0.830508, 0.023389
0.830508, 0.023378
0.830508, 0.023367
0.830508, 0.023356
0.830508, 0.023344
0.830508, 0.023333
0.830508, 0.023322
0.830508, 0.023311
0.830508, 0.023300
0.830508, 0.023289
0.830508, 0.023278
0.830508, 0.023267
0.830508, 0.023256
0.830508, 0.023245
0.830508, 0.023234
0.830508, 0.023223
0.830508, 0.023212
0.830508, 0.023201
0.830508, 0.023190
0.830508, 0.023179
0.830508, 0.023168
0.830508, 0.023157
0.830508, 0.023146
0.830508, 0.023135
0.830508, 0.023124
0.830508, 0.023113
0.830508, 0.023102
0.830508, 0.023091
0.830508, 0.023081
0.830508, 0.023070
0.830508, 0.023059
0.830508, 0.023048
0.830508, 0.023037
0.830508, 0.023026
0.830508, 0.023016
0.830508, 0.023005
0.830508, 0.022994
0.830508, 0.022983
0.830508, 0.022972
0.830508, 0.022962
0.830508, 0.022951
0.830508, 0.022940
0.830508, 0.022929
0.830508, 0.022919
0.830508, 0.022908
0.830508, 0.022897
0.830508, 0.022887
0.830508, 0.022876
0.830508, 0.022865
0.830508, 0.022854
0.830508, 0.022844
0.830508, 0.022833
0.830508, 0.022823
0.830508, 0.022812
0.830508, 0.022801
0.830508, 0.022791
0.830508, 0.022780
0.830508, 0.022770
0.830508, 0.022759
0.830508, 0.022748
0.830508, 0.022738
0.830508, 0.022727
0.830508, 0.022717
0.830508, 0.022706
0.830508, 0.022696
0.830508, 0.022685
0.830508, 0.022675
0.830508, 0.022664
0.830508, 0.022654
0.830508, 0.022643
0.830508, 0.022633
0.830508, 0.022622
0.830508, 0.022612
0.830508, 0.022601
0.830508, 0.022591
0.830508, 0.022581
0.830508, 0.022570
0.830508, 0.022560
0.830508, 0.022549
0.830508, 0.022539
0.830508, 0.022529
0.830508, 0.022518
0.830508, 0.022508
0.830508, 0.022498
0.830508, 0.022487
0.830508, 0.022477
0.830508, 0.022467
0.830508, 0.022456
0.830508, 0.022446
0.830508, 0.022436
0.830508, 0.022426
0.830508, 0.022415
0.830508, 0.022405
0.830508, 0.022395
0.830508, 0.022385
0.830508, 0.022374
0.830508, 0.022364
0.830508, 0.022354
0.830508, 0.022344
0.830508, 0.022334
0.830508, 0.022323
0.830508, 0.022313
0.830508, 0.022303
0.830508, 0.022293
0.830508, 0.022283
0.830508, 0.022273
0.830508, 0.022263
0.830508, 0.022252
0.830508, 0.022242
0.830508, 0.022232
0.830508, 0.022222
0.830508, 0.022212
0.830508, 0.022202
0.830508, 0.022192
0.830508, 0.022182
0.830508, 0.022172
0.830508, 0.022162
0.830508, 0.022152
0.830508, 0.022142
0.830508, 0.022132
0.830508, 0.022122
0.830508, 0.022112
0.830508, 0.022102
0.830508, 0.022092
0.830508, 0.022082
0.830508, 0.022072
0.830508, 0.022062
0.830508, 0.022052
0.830508, 0.022042
0.830508, 0.022032
0.830508, 0.022022
0.830508, 0.022013
0.830508, 0.022003
0.830508, 0.021993
0.830508, 0.021983
0.830508, 0.021973
0.830508, 0.021963
0.830508, 0.021953
0.830508, 0.021944
0.830508, 0.021934
0.830508, 0.021924
0.830508, 0.021914
0.830508, 0.021904
0.830508, 0.021895
0.830508, 0.021885
0.830508, 0.021875
0.830508, 0.021865
0.830508, 0.021855
0.830508, 0.021846
0.830508, 0.021836
0.830508, 0.021826
0.830508, 0.021817
0.830508, 0.021807
0.830508, 0.021797
0.830508, 0.021787
0.830508, 0.021778
0.830508, 0.021768
0.830508, 0.021758
0.830508, 0.021749
0.830508, 0.021739
0.830508, 0.021729
0.830508, 0.021720
0.830508, 0.021710
0.830508, 0.021701
0.830508, 0.021691
0.830508, 0.021681
0.830508, 0.021672
0.830508, 0.021662
0.830508, 0.021653
0.830508, 0.021643
0.830508, 0.021634
0.830508, 0.021624
0.830508, 0.021614
0.830508, 0.021605
0.830508, 0.021595
0.830508, 0.021586
0.830508, 0.021576
0.830508, 0.021567
0.830508, 0.021557
0.830508, 0.021548
0.830508, 0.021538
0.830508, 0.021529
0.830508, 0.021520
0.830508, 0.021510
0.830508, 0.021501
0.830508, 0.021491
0.830508, 0.021482
0.830508, 0.021472
0.830508, 0.021463
0.830508, 0.021454
0.830508, 0.021444
0.830508, 0.021435
0.830508, 0.021425
0.830508, 0.021416
0.830508, 0.021407
0.830508, 0.021397
0.830508, 0.021388
0.830508, 0.021379
0.830508, 0.021369
0.830508, 0.021360
0.830508, 0.021351
0.830508, 0.021341
0.830508, 0.021332
0.830508, 0.021323
0.830508, 0.021314
0.830508, 0.021304
0.830508, 0.021295
0.830508, 0.021286
0.830508, 0.021277
0.830508, 0.021267
0.830508, 0.021258
0.830508, 0.021249
0.830508, 0.021240
0.830508, 0.021231
0.830508, 0.021221
0.830508, 0.021212
0.830508, 0.021203
0.830508, 0.021194
0.830508, 0.021185
0.830508, 0.021175
0.830508, 0.021166
0.830508, 0.021157
0.830508, 0.021148
0.830508, 0.021139
0.830508, 0.021130
0.830508, 0.021121
0.830508, 0.021112
0.830508, 0.021102
0.830508, 0.021093
0.830508, 0.021084
0.830508, 0.021075
0.830508, 0.021066
0.830508, 0.021057
0.830508, 0.021048
0.830508, 0.021039
0.830508, 0.021030
0.830508, 0.021021
0.830508, 0.021012
0.830508, 0.021003
0.830508, 0.020994
0.830508, 0.020985
0.830508, 0.020976
0.830508, 0.020967
0.830508, 0.020958
0.830508, 0.020949
0.830508, 0.020940
0.830508, 0.020931
0.830508, 0.020922
0.830508, 0.020913
0.830508, 0.020904
0.830508, 0.020896
0.830508, 0.020887
0.830508, 0.020878
0.830508, 0.020869
0.830508, 0.020860
0.830508, 0.020851
0.830508, 0.020842
0.830508, 0.020833
0.830508, 0.020824
0.830508, 0.020816
0.830508, 0.020807
0.830508, 0.020798
0.830508, 0.020789
0.830508, 0.020780
0.830508, 0.020772
0.830508, 0.020763
0.830508, 0.020754
0.830508, 0.020745
0.830508, 0.020736
0.830508, 0.020728
0.830508, 0.020719
0.830508, 0.020710
0.830508, 0.020701
0.830508, 0.020693
0.830508, 0.020684
0.830508, 0.020675
0.830508, 0.020666
0.830508, 0.020658
0.830508, 0.020649
0.830508, 0.020640
0.830508, 0.020632
0.830508, 0.020623
0.830508, 0.020614
0.830508, 0.020606
0.830508, 0.020597
0.830508, 0.020588
0.830508, 0.020580
0.830508, 0.020571
0.830508, 0.020562
0.830508, 0.020554
0.830508, 0.020545
0.830508, 0.020536
0.830508, 0.020528
0.830508, 0.020519
0.830508, 0.020511
0.830508, 0.020502
0.830508, 0.020494
0.830508, 0.020485
0.830508, 0.020476
0.830508, 0.020468
0.830508, 0.020459
0.830508, 0.020451
0.830508, 0.020442
0.830508, 0.020434
0.830508, 0.020425
0.830508, 0.020417
0.830508, 0.020408
0.830508, 0.020400
0.830508, 0.020391
0.830508, 0.020383
0.830508, 0.020374
0.830508, 0.020366
0.830508, 0.020357
0.830508, 0.020349
0.830508, 0.020340
0.830508, 0.020332
0.830508, 0.020324
0.830508, 0.020315
0.830508, 0.020307
0.830508, 0.020298
0.830508, 0.020290
0.830508, 0.020281
0.830508, 0.020273
0.830508, 0.020265
0.830508, 0.020256
0.830508, 0.020248
0.830508, 0.020240
0.830508, 0.020231
0.830508, 0.020223
0.830508, 0.020215
0.830508, 0.020206
0.830508, 0.020198
0.830508, 0.020190
0.830508, 0.020181
0.830508, 0.020173
0.830508, 0.020165
0.830508, 0.020156
0.830508, 0.020148
0.830508, 0.020140
0.847458, 0.020542
0.847458, 0.020534
0.847458, 0.020525
0.847458, 0.020517
0.847458, 0.020509
0.864407, 0.020910
0.864407, 0.020902
0.864407, 0.020893
0.864407, 0.020885
0.864407, 0.020876
0.864407, 0.020867
0.864407, 0.020859
0.864407, 0.020850
0.864407, 0.020842
0.864407, 0.020833
0.864407, 0.020825
0.864407, 0.020816
0.864407, 0.020808
0.864407, 0.020799
0.864407, 0.020791
0.864407, 0.020782
0.864407, 0.020774
0.864407, 0.020765
0.864407, 0.020757
0.864407, 0.020749
0.864407, 0.020740
0.864407, 0.020732
0.864407, 0.020723
0.864407, 0.020715
0.864407, 0.020706
0.864407, 0.020698
0.864407, 0.020690
0.864407, 0.020681
0.864407, 0.020673
0.864407, 0.020665
0.864407, 0.020656
0.864407, 0.020648
0.864407, 0.020639
0.864407, 0.020631
0.864407, 0.020623
0.864407, 0.020614
0.864407, 0.020606
0.864407, 0.020598
0.864407, 0.020589
0.864407, 0.020581
0.864407, 0.020573
0.864407, 0.020565
0.864407, 0.020556
0.864407, 0.020548
0.864407, 0.020540
0.864407, 0.020531
0.864407, 0.020523
0.864407, 0.020515
0.864407, 0.020507
0.864407, 0.020498
0.864407, 0.020490
0.864407, 0.020482
0.864407, 0.020474
0.864407, 0.020465
0.864407, 0.020457
0.864407, 0.020449
0.864407, 0.020441
0.864407, 0.020433
0.864407, 0.020425
0.864407, 0.020416
0.864407, 0.020408
0.864407, 0.020400
0.864407, 0.020392
0.864407, 0.020384
0.864407, 0.020376
0.864407, 0.020367
0.881356, 0.020758
0.881356, 0.020750
0.881356, 0.020742
0.881356, 0.020734
0.881356, 0.020725
0.881356, 0.020717
0.881356, 0.020709
0.881356, 0.020701
0.881356, 0.020692
0.881356, 0.020684
0.881356, 0.020676
0.881356, 0.020668
0.881356, 0.020660
0.881356, 0.020651
0.881356, 0.020643
0.881356, 0.020635
0.881356, 0.020627
0.881356, 0.020619
0.881356, 0.020610
0.881356, 0.020602
0.881356, 0.020594
0.881356, 0.020586
0.881356, 0.020578
0.881356, 0.020570
0.881356, 0.020561
0.881356, 0.020553
0.881356, 0.020545
0.881356, 0.020537
0.881356, 0.020529
0.881356, 0.020521
0.881356, 0.020513
0.881356, 0.020505
0.881356, 0.020497
0.881356, 0.020489
0.881356, 0.020481
0.881356, 0.020472
0.881356, 0.020464
0.881356, 0.020456
0.881356, 0.020448
0.881356, 0.020440
0.881356, 0.020432
0.881356, 0.020424
0.881356, 0.020416
0.881356, 0.020408
0.881356, 0.020400
0.881356, 0.020392
0.881356, 0.020384
0.881356, 0.020376
0.881356, 0.020368
0.881356, 0.020360
0.881356, 0.020352
0.898305, 0.020736
0.898305, 0.020727
0.898305, 0.020719
0.898305, 0.020711
0.898305, 0.020703
0.898305, 0.020695
0.898305, 0.020687
0.898305, 0.020679
0.898305, 0.020671
0.898305, 0.020663
0.898305, 0.020655
0.898305, 0.020647
0.898305, 0.020639
0.898305, 0.020631
0.898305, 0.020623
0.898305, 0.020615
0.898305, 0.020607
0.898305, 0.020599
0.898305, 0.020591
0.898305, 0.020583
0.898305, 0.020575
0.898305, 0.020567
0.915254, 0.020946
0.915254, 0.020938
0.915254, 0.020930
0.915254, 0.020922
0.915254, 0.020914
0.915254, 0.020906
0.915254, 0.020898
0.915254, 0.020890
0.915254, 0.020882
0.915254, 0.020874
0.915254, 0.020866
0.915254, 0.020857
0.915254, 0.020849
0.915254, 0.020841
0.915254, 0.020833
0.915254, 0.020825
0.932203, 0.021203
0.932203, 0.021195
0.932203, 0.021186
0.932203, 0.021178
0.932203, 0.021170
0.932203, 0.021162
0.932203, 0.021154
0.932203, 0.021146
0.932203, 0.021138
0.932203, 0.021129
0.932203, 0.021121
0.932203, 0.021113
0.932203, 0.021105
0.932203, 0.021097
0.932203, 0.021089
0.932203, 0.021081
0.932203, 0.021073
0.932203, 0.021065
0.932203, 0.021057
0.932203, 0.021049
0.932203, 0.021041
0.932203, 0.021033
0.932203, 0.021024
0.932203, 0.021016
0.932203, 0.021008
0.932203, 0.021000
0.932203, 0.020992
0.932203, 0.020984
0.932203, 0.020976
0.932203, 0.020968
0.932203, 0.020960
0.932203, 0.020952
0.932203, 0.020944
0.932203, 0.020936
0.932203, 0.020928
0.932203, 0.020921
0.932203, 0.020913
0.932203, 0.020905
0.932203, 0.020897
0.932203, 0.020889
0.932203, 0.020881
0.932203, 0.020873
0.932203, 0.020865
0.932203, 0.020857
0.932203, 0.020849
0.932203, 0.020841
0.932203, 0.020833
0.932203, 0.020825
0.932203, 0.020818
0.932203, 0.020810
0.932203, 0.020802
0.932203, 0.020794
0.932203, 0.020786
0.949153, 0.021156
0.949153, 0.021148
0.949153, 0.021140
0.949153, 0.021132
0.949153, 0.021124
0.949153, 0.021116
0.949153, 0.021108
0.949153, 0.021100
0.949153, 0.021092
0.949153, 0.021084
0.949153, 0.021076
0.949153, 0.021068
0.949153, 0.021061
0.949153, 0.021053
0.949153, 0.021045
0.949153, 0.021037
0.949153, 0.021029
0.949153, 0.021021
0.949153, 0.021013
0.949153, 0.021005
0.949153, 0.020997
0.949153, 0.020990
0.949153, 0.020982
0.949153, 0.020974
0.949153, 0.020966
0.949153, 0.020958
0.949153, 0.020950
0.949153, 0.020942
0.949153, 0.020935
0.949153, 0.020927
0.949153, 0.020919
0.949153, 0.020911
0.949153, 0.020903
0.949153, 0.020896
0.949153, 0.020888
0.949153, 0.020880
0.949153, 0.020872
0.949153, 0.020864
0.949153, 0.020857
0.949153, 0.020849
0.966102, 0.021213
0.966102, 0.021205
0.966102, 0.021197
0.966102, 0.021190
0.966102, 0.021182
0.966102, 0.021174
0.966102, 0.021166
0.966102, 0.021158
0.966102, 0.021150
0.966102, 0.021142
0.966102, 0.021135
0.966102, 0.021127
0.966102, 0.021119
0.966102, 0.021111
0.966102, 0.021103
0.966102, 0.021095
0.966102, 0.021088
0.966102, 0.021080
0.966102, 0.021072
0.966102, 0.021064
0.966102, 0.021057
0.966102, 0.021049
0.966102, 0.021041
0.966102, 0.021033
0.966102, 0.021025
0.966102, 0.021018
0.966102, 0.021010
0.966102, 0.021002
0.966102, 0.020994
0.966102, 0.020987
0.966102, 0.020979
0.966102, 0.020971
0.966102, 0.020964
0.966102, 0.020956
0.966102, 0.020948
0.966102, 0.020940
0.966102, 0.020933
0.966102, 0.020925
0.966102, 0.020917
0.966102, 0.020910
0.966102, 0.020902
0.966102, 0.020894
0.966102, 0.020887
0.966102, 0.020879
0.966102, 0.020871
0.966102, 0.020864
0.966102, 0.020856
0.966102, 0.020849
0.966102, 0.020841
0.966102, 0.020833
0.966102, 0.020826
0.966102, 0.020818
0.966102, 0.020811
0.966102, 0.020803
0.966102, 0.020795
0.966102, 0.020788
0.966102, 0.020780
0.966102, 0.020773
0.966102, 0.020765
0.966102, 0.020757
0.966102, 0.020750
0.966102, 0.020742
0.966102, 0.020735
0.966102, 0.020727
0.966102, 0.020720
0.966102, 0.020712
0.966102, 0.020705
0.966102, 0.020697
0.966102, 0.020690
0.966102, 0.020682
0.966102, 0.020675
0.966102, 0.020667
0.966102, 0.020660
0.966102, 0.020652
0.966102, 0.020645
0.966102, 0.020637
0.966102, 0.020630
0.966102, 0.020622
0.966102, 0.020615
0.966102, 0.020607
0.966102, 0.020600
0.966102, 0.020592
0.966102, 0.020585
0.966102, 0.020578
0.966102, 0.020570
0.966102, 0.020563
0.966102, 0.020555
0.966102, 0.020548
0.966102, 0.020541
0.966102, 0.020533
0.966102, 0.020526
0.966102, 0.020518
0.966102, 0.020511
0.966102, 0.020504
0.966102, 0.020496
0.966102, 0.020489
0.966102, 0.020481
0.966102, 0.020474
0.966102, 0.020467
0.966102, 0.020459
0.966102, 0.020452
0.966102, 0.020445
0.966102, 0.020437
0.966102, 0.020430
0.966102, 0.020423
0.966102, 0.020415
0.966102, 0.020408
0.966102, 0.020401
0.966102, 0.020394
0.966102, 0.020386
0.966102, 0.020379
0.966102, 0.020372
0.966102, 0.020364
0.966102, 0.020357
0.966102, 0.020350
0.966102, 0.020343
0.966102, 0.020335
0.966102, 0.020328
0.966102, 0.020321
0.966102, 0.020314
0.966102, 0.020306
0.966102, 0.020299
0.966102, 0.020292
0.966102, 0.020285
0.966102, 0.020277
0.966102, 0.020270
0.966102, 0.020263
0.966102, 0.020256
0.966102, 0.020249
0.966102, 0.020241
0.966102, 0.020234
0.966102, 0.020227
0.966102, 0.020220
0.966102, 0.020213
0.966102, 0.020206
0.966102, 0.020198
0.966102, 0.020191
0.966102, 0.020184
0.966102, 0.020177
0.966102, 0.020170
0.966102, 0.020163
0.966102, 0.020156
0.966102, 0.020148
0.966102, 0.020141
0.966102, 0.020134
0.966102, 0.020127
0.966102, 0.020120
0.966102, 0.020113
0.966102, 0.020106
0.966102, 0.020099
0.966102, 0.020092
0.966102, 0.020085
0.966102, 0.020077
0.966102, 0.020070
0.966102, 0.020063
0.966102, 0.020056
0.966102, 0.020049
0.966102, 0.020042
0.966102, 0.020035
0.966102, 0.020028
0.966102, 0.020021
0.966102, 0.020014
0.966102, 0.020007
0.966102, 0.020000
0.966102, 0.019993
0.966102, 0.019986
0.966102, 0.019979
0.966102, 0.019972
0.966102, 0.019965
0.966102, 0.019958
0.966102, 0.019951
0.966102, 0.019944
0.966102, 0.019937
0.966102, 0.019930
0.966102, 0.019923
0.966102, 0.019916
0.966102, 0.019909
0.966102, 0.019902
0.966102, 0.019895
0.966102, 0.019888
0.966102, 0.019881
0.966102, 0.019874
0.966102, 0.019868
0.966102, 0.019861
0.966102, 0.019854
0.966102, 0.019847
0.966102, 0.019840
0.966102, 0.019833
0.966102, 0.019826
0.966102, 0.019819
0.966102, 0.019812
0.966102, 0.019805
0.966102, 0.019799
0.966102, 0.019792
0.966102, 0.019785
0.966102, 0.019778
0.966102, 0.019771
0.966102, 0.019764
0.966102, 0.019757
0.966102, 0.019751
0.966102, 0.019744
0.966102, 0.019737
0.966102, 0.019730
0.966102, 0.019723
0.966102, 0.019716
0.966102, 0.019710
0.966102, 0.019703
0.966102, 0.019696
0.966102, 0.019689
0.966102, 0.019682
0.966102, 0.019676
0.966102, 0.019669
0.966102, 0.019662
0.966102, 0.019655
0.966102, 0.019648
0.966102, 0.019642
0.966102, 0.019635
0.966102, 0.019628
0.966102, 0.019621
0.966102, 0.019615
0.966102, 0.019608
0.966102, 0.019601
0.966102, 0.019594
0.966102, 0.019588
0.966102, 0.019581
0.966102, 0.019574
0.966102, 0.019567
0.966102, 0.019561
0.966102, 0.019554
0.966102, 0.019547
0.966102, 0.019541
0.966102, 0.019534
0.966102, 0.019527
0.966102, 0.019521
0.966102, 0.019514
0.966102, 0.019507
0.966102, 0.019501
0.966102, 0.019494
0.966102, 0.019487
0.966102, 0.019481
0.966102, 0.019474
0.966102, 0.019467
0.966102, 0.019461
0.966102, 0.019454
0.966102, 0.019447
0.966102, 0.019441
0.966102, 0.019434
0.966102, 0.019427
0.966102, 0.019421
0.966102, 0.019414
0.966102, 0.019408
0.966102, 0.019401
0.966102, 0.019394
0.966102, 0.019388
0.966102, 0.019381
0.966102, 0.019375
0.966102, 0.019368
0.966102, 0.019361
0.966102, 0.019355
0.966102, 0.019348
0.966102, 0.019342
0.966102, 0.019335
0.966102, 0.019329
0.966102, 0.019322
0.966102, 0.019315
0.966102, 0.019309
0.966102, 0.019302
0.966102, 0.019296
0.966102, 0.019289
0.966102, 0.019283
0.966102, 0.019276
0.966102, 0.019270
0.966102, 0.019263
0.966102, 0.019257
0.966102, 0.019250
0.983051, 0.019581
0.983051, 0.019575
0.983051, 0.019568
0.983051, 0.019562
0.983051, 0.019555
0.983051, 0.019548
0.983051, 0.019542
0.983051, 0.019535
0.983051, 0.019529
0.983051, 0.019522
0.983051, 0.019515
0.983051, 0.019509
0.983051, 0.019502
0.983051, 0.019496
0.983051, 0.019489
0.983051, 0.019483
0.983051, 0.019476
0.983051, 0.019470
0.983051, 0.019463
0.983051, 0.019457
0.983051, 0.019450
0.983051, 0.019444
0.983051, 0.019437
0.983051, 0.019430
0.983051, 0.019424
0.983051, 0.019417
0.983051, 0.019411
0.983051, 0.019404
0.983051, 0.019398
0.983051, 0.019392
0.983051, 0.019385
0.983051, 0.019379
0.983051, 0.019372
0.983051, 0.019366
0.983051, 0.019359
0.983051, 0.019353
0.983051, 0.019346
0.983051, 0.019340
0.983051, 0.019333
0.983051, 0.019327
0.983051, 0.019320
0.983051, 0.019314
0.983051, 0.019308
0.983051, 0.019301
0.983051, 0.019295
0.983051, 0.019288
0.983051, 0.019282
0.983051, 0.019276
0.983051, 0.019269
0.983051, 0.019263
0.983051, 0.019256
0.983051, 0.019250
0.983051, 0.019244
0.983051, 0.019237
0.983051, 0.019231
1.000000, 0.019556
