0.012000000000000002 0.07800000000000004 0.0
0.036000000000000004 0.1400000000000001 0.0
0.06000000000000001 0.08000000000000004 0.0
0.08400000000000002 0.11000000000000007 0.0
0.10800000000000001 0.07800000000000004 0.0
0.13200000000000003 0.04400000000000001 0.0
0.15600000000000003 0.038000000000000006 0.0
0.18000000000000002 0.04400000000000001 0.0
0.20400000000000004 0.04400000000000001 0.0
0.22800000000000004 0.04200000000000001 0.0
0.25200000000000006 0.038000000000000006 0.0
0.276 0.024 0.0
0.30000000000000004 0.026000000000000002 0.0
0.32400000000000007 0.03200000000000001 0.0
0.34800000000000003 0.018000000000000002 0.0
0.37200000000000005 0.036000000000000004 0.0
0.3960000000000001 0.016 0.0
0.4200000000000001 0.002 0.0
0.44400000000000006 0.022 0.0
0.4680000000000001 0.006 0.0
0.4920000000000001 0.01 0.004
0.5160000000000001 0.014 0.0
0.54 0.01 0.0
0.5640000000000001 0.01 0.002
0.5880000000000001 0.002 0.002
0.6120000000000001 0.008 0.0
0.6360000000000001 0.002 0.002
0.6600000000000001 0.002 0.002
0.6840000000000002 0.004 0.0
0.7080000000000001 0.0 0.0
0.7320000000000001 0.0 0.0
0.7560000000000001 0.0 0.0
0.7800000000000001 0.0 0.0
0.8040000000000002 0.0 0.0
0.8280000000000002 0.0 0.0
0.8520000000000001 0.0 0.0
0.8760000000000001 0.0 0.0
0.9000000000000001 0.0 0.0
0.9240000000000002 0.0 0.0
0.9480000000000002 0.0 0.0
0.9720000000000002 0.0 0.0
0.9960000000000002 0.0 0.0
1.0200000000000002 0.0 0.0
1.0440000000000003 0.0 0.002
1.0680000000000003 0.0 0.0
1.092 0.0 0.0
1.116 0.0 0.0
1.1400000000000001 0.0 0.0
1.1640000000000001 0.0 0.0
1.1880000000000002 0.0 0.002
1.2120000000000002 0.0 0.0
1.2360000000000002 0.0 0.0
1.2600000000000002 0.0 0.0
1.2840000000000003 0.0 0.0
1.3080000000000003 0.0 0.0
1.3320000000000003 0.0 0.002
1.3560000000000003 0.0 0.0
1.3800000000000003 0.0 0.0
1.4040000000000001 0.0 0.0
1.4280000000000002 0.0 0.0
1.4520000000000002 0.0 0.0
1.4760000000000002 0.0 0.0
1.5000000000000002 0.0 0.0
1.5240000000000002 0.0 0.0
1.5480000000000003 0.0 0.0
1.5720000000000003 0.0 0.0
1.5960000000000003 0.0 0.002
