PR-AUC score 0.340904
0.000000, 1.000000
0.016949, 1.000000
0.033898, 1.000000
0.050847, 1.000000
0.067797, 1.000000
0.084746, 1.000000
0.101695, 1.000000
0.118644, 1.000000
0.135593, 1.000000
0.152542, 1.000000
0.169492, 1.000000
0.186441, 1.000000
0.203390, 1.000000
0.220339, 1.000000
0.237288, 1.000000
0.254237, 1.000000
0.254237, 0.937500
0.254237, 0.882353
0.254237, 0.833333
0.254237, 0.789474
0.254237, 0.750000
0.254237, 0.714286
0.254237, 0.681818
0.254237, 0.652174
0.254237, 0.625000
0.254237, 0.600000
0.254237, 0.576923
0.254237, 0.555556
0.254237, 0.535714
0.254237, 0.517241
0.254237, 0.500000
0.254237, 0.483871
0.254237, 0.468750
0.254237, 0.454545
0.254237, 0.441176
0.254237, 0.428571
0.271186, 0.444444
0.271186, 0.432432
0.271186, 0.421053
0.271186, 0.410256
0.271186, 0.400000
0.271186, 0.390244
0.288136, 0.404762
0.305085, 0.418605
0.305085, 0.409091
0.305085, 0.400000
0.322034, 0.413043
0.322034, 0.404255
0.322034, 0.395833
0.322034, 0.387755
0.322034, 0.380000
0.322034, 0.372549
0.322034, 0.365385
0.322034, 0.358491
0.322034, 0.351852
0.338983, 0.363636
0.338983, 0.357143
0.338983, 0.350877
0.338983, 0.344828
0.338983, 0.338983
0.338983, 0.333333
0.338983, 0.327869
0.338983, 0.322581
0.338983, 0.317460
0.338983, 0.312500
0.338983, 0.307692
0.338983, 0.303030
0.338983, 0.298507
0.355932, 0.308824
0.355932, 0.304348
0.355932, 0.300000
0.355932, 0.295775
0.372881, 0.305556
0.372881, 0.301370
0.372881, 0.297297
0.372881, 0.293333
0.372881, 0.289474
0.372881, 0.285714
0.372881, 0.282051
0.372881, 0.278481
0.389831, 0.287500
0.389831, 0.283951
0.389831, 0.280488
0.389831, 0.277108
0.389831, 0.273810
0.389831, 0.270588
0.389831, 0.267442
0.406780, 0.275862
0.406780, 0.272727
0.406780, 0.269663
0.406780, 0.266667
0.406780, 0.263736
0.406780, 0.260870
0.406780, 0.258065
0.423729, 0.265957
0.423729, 0.263158
0.423729, 0.260417
0.423729, 0.257732
0.423729, 0.255102
0.423729, 0.252525
0.423729, 0.250000
0.423729, 0.247525
0.423729, 0.245098
0.423729, 0.242718
0.423729, 0.240385
0.423729, 0.238095
0.423729, 0.235849
0.423729, 0.233645
0.423729, 0.231481
0.423729, 0.229358
0.423729, 0.227273
0.423729, 0.225225
0.423729, 0.223214
0.423729, 0.221239
0.423729, 0.219298
0.423729, 0.217391
0.423729, 0.215517
0.423729, 0.213675
0.423729, 0.211864
0.423729, 0.210084
0.423729, 0.208333
0.423729, 0.206612
0.423729, 0.204918
0.423729, 0.203252
0.423729, 0.201613
0.423729, 0.200000
0.423729, 0.198413
0.440678, 0.204724
0.440678, 0.203125
0.457627, 0.209302
0.457627, 0.207692
0.457627, 0.206107
0.457627, 0.204545
0.457627, 0.203008
0.457627, 0.201493
0.457627, 0.200000
0.457627, 0.198529
0.457627, 0.197080
0.457627, 0.195652
0.457627, 0.194245
0.457627, 0.192857
0.457627, 0.191489
0.457627, 0.190141
0.457627, 0.188811
0.457627, 0.187500
0.457627, 0.186207
0.457627, 0.184932
0.457627, 0.183673
0.457627, 0.182432
0.457627, 0.181208
0.457627, 0.180000
0.457627, 0.178808
0.457627, 0.177632
0.457627, 0.176471
0.457627, 0.175325
0.457627, 0.174194
0.457627, 0.173077
0.457627, 0.171975
0.457627, 0.170886
0.474576, 0.176101
0.474576, 0.175000
0.474576, 0.173913
0.474576, 0.172840
0.474576, 0.171779
0.474576, 0.170732
0.474576, 0.169697
0.474576, 0.168675
0.474576, 0.167665
0.474576, 0.166667
0.474576, 0.165680
0.474576, 0.164706
0.474576, 0.163743
0.474576, 0.162791
0.474576, 0.161850
0.474576, 0.160920
0.474576, 0.160000
0.474576, 0.159091
0.474576, 0.158192
0.474576, 0.157303
0.474576, 0.156425
0.474576, 0.155556
0.474576, 0.154696
0.474576, 0.153846
0.474576, 0.153005
0.474576, 0.152174
0.474576, 0.151351
0.474576, 0.150538
0.474576, 0.149733
0.474576, 0.148936
0.474576, 0.148148
0.474576, 0.147368
0.474576, 0.146597
0.474576, 0.145833
0.474576, 0.145078
0.474576, 0.144330
0.474576, 0.143590
0.474576, 0.142857
0.491525, 0.147208
0.491525, 0.146465
0.491525, 0.145729
0.491525, 0.145000
0.491525, 0.144279
0.491525, 0.143564
0.491525, 0.142857
0.491525, 0.142157
0.491525, 0.141463
0.491525, 0.140777
0.491525, 0.140097
0.491525, 0.139423
0.491525, 0.138756
0.491525, 0.138095
0.491525, 0.137441
0.491525, 0.136792
0.491525, 0.136150
0.491525, 0.135514
0.491525, 0.134884
0.491525, 0.134259
0.491525, 0.133641
0.491525, 0.133028
0.491525, 0.132420
0.491525, 0.131818
0.491525, 0.131222
0.491525, 0.130631
0.491525, 0.130045
0.491525, 0.129464
0.491525, 0.128889
0.508475, 0.132743
0.508475, 0.132159
0.508475, 0.131579
0.508475, 0.131004
0.508475, 0.130435
0.508475, 0.129870
0.508475, 0.129310
0.508475, 0.128755
0.508475, 0.128205
0.508475, 0.127660
0.508475, 0.127119
0.508475, 0.126582
0.508475, 0.126050
0.508475, 0.125523
0.508475, 0.125000
0.508475, 0.124481
0.508475, 0.123967
0.508475, 0.123457
0.508475, 0.122951
0.508475, 0.122449
0.508475, 0.121951
0.508475, 0.121457
0.508475, 0.120968
0.508475, 0.120482
0.508475, 0.120000
0.508475, 0.119522
0.508475, 0.119048
0.508475, 0.118577
0.508475, 0.118110
0.508475, 0.117647
0.508475, 0.117188
0.508475, 0.116732
0.508475, 0.116279
0.508475, 0.115830
0.508475, 0.115385
0.508475, 0.114943
0.508475, 0.114504
0.508475, 0.114068
0.508475, 0.113636
0.508475, 0.113208
0.508475, 0.112782
0.508475, 0.112360
0.508475, 0.111940
0.508475, 0.111524
0.508475, 0.111111
0.508475, 0.110701
0.508475, 0.110294
0.508475, 0.109890
0.508475, 0.109489
0.508475, 0.109091
0.508475, 0.108696
0.508475, 0.108303
0.508475, 0.107914
0.508475, 0.107527
0.508475, 0.107143
0.508475, 0.106762
0.508475, 0.106383
0.508475, 0.106007
0.508475, 0.105634
0.508475, 0.105263
0.508475, 0.104895
0.508475, 0.104530
0.508475, 0.104167
0.508475, 0.103806
0.525424, 0.106897
0.525424, 0.106529
0.525424, 0.106164
0.525424, 0.105802
0.525424, 0.105442
0.525424, 0.105085
0.525424, 0.104730
0.525424, 0.104377
0.525424, 0.104027
0.525424, 0.103679
0.525424, 0.103333
0.525424, 0.102990
0.525424, 0.102649
0.525424, 0.102310
0.525424, 0.101974
0.525424, 0.101639
0.525424, 0.101307
0.525424, 0.100977
0.525424, 0.100649
0.525424, 0.100324
0.525424, 0.100000
0.525424, 0.099678
0.525424, 0.099359
0.525424, 0.099042
0.525424, 0.098726
0.525424, 0.098413
0.525424, 0.098101
0.525424, 0.097792
0.525424, 0.097484
0.525424, 0.097179
0.525424, 0.096875
0.525424, 0.096573
0.525424, 0.096273
0.525424, 0.095975
0.525424, 0.095679
0.525424, 0.095385
0.525424, 0.095092
0.525424, 0.094801
0.525424, 0.094512
0.525424, 0.094225
0.525424, 0.093939
0.525424, 0.093656
0.525424, 0.093373
0.525424, 0.093093
0.525424, 0.092814
0.525424, 0.092537
0.525424, 0.092262
0.525424, 0.091988
0.525424, 0.091716
0.525424, 0.091445
0.525424, 0.091176
0.525424, 0.090909
0.525424, 0.090643
0.525424, 0.090379
0.525424, 0.090116
0.525424, 0.089855
0.525424, 0.089595
0.525424, 0.089337
0.525424, 0.089080
0.525424, 0.088825
0.525424, 0.088571
0.525424, 0.088319
0.525424, 0.088068
0.525424, 0.087819
0.525424, 0.087571
0.525424, 0.087324
0.525424, 0.087079
0.525424, 0.086835
0.525424, 0.086592
0.525424, 0.086351
0.525424, 0.086111
0.525424, 0.085873
0.525424, 0.085635
0.525424, 0.085399
0.525424, 0.085165
0.525424, 0.084932
0.525424, 0.084699
0.525424, 0.084469
0.525424, 0.084239
0.525424, 0.084011
0.525424, 0.083784
0.525424, 0.083558
0.525424, 0.083333
0.525424, 0.083110
0.525424, 0.082888
0.525424, 0.082667
0.525424, 0.082447
0.525424, 0.082228
0.525424, 0.082011
0.525424, 0.081794
0.525424, 0.081579
0.525424, 0.081365
0.525424, 0.081152
0.525424, 0.080940
0.525424, 0.080729
0.525424, 0.080519
0.525424, 0.080311
0.525424, 0.080103
0.525424, 0.079897
0.525424, 0.079692
0.525424, 0.079487
0.525424, 0.079284
0.525424, 0.079082
0.525424, 0.078880
0.525424, 0.078680
0.525424, 0.078481
0.525424, 0.078283
0.525424, 0.078086
0.525424, 0.077889
0.525424, 0.077694
0.525424, 0.077500
0.525424, 0.077307
0.525424, 0.077114
0.525424, 0.076923
0.525424, 0.076733
0.525424, 0.076543
0.525424, 0.076355
0.525424, 0.076167
0.525424, 0.075980
0.525424, 0.075795
0.525424, 0.075610
0.525424, 0.075426
0.525424, 0.075243
0.525424, 0.075061
0.525424, 0.074879
0.525424, 0.074699
0.525424, 0.074519
0.525424, 0.074341
0.525424, 0.074163
0.525424, 0.073986
0.525424, 0.073810
0.525424, 0.073634
0.525424, 0.073460
0.525424, 0.073286
0.525424, 0.073113
0.525424, 0.072941
0.525424, 0.072770
0.525424, 0.072600
0.525424, 0.072430
0.525424, 0.072261
0.525424, 0.072093
0.525424, 0.071926
0.525424, 0.071759
0.525424, 0.071594
0.525424, 0.071429
0.525424, 0.071264
0.525424, 0.071101
0.525424, 0.070938
0.525424, 0.070776
0.525424, 0.070615
0.525424, 0.070455
0.525424, 0.070295
0.525424, 0.070136
0.525424, 0.069977
0.525424, 0.069820
0.525424, 0.069663
0.525424, 0.069507
0.525424, 0.069351
0.525424, 0.069196
0.525424, 0.069042
0.525424, 0.068889
0.525424, 0.068736
0.525424, 0.068584
0.525424, 0.068433
0.525424, 0.068282
0.525424, 0.068132
0.525424, 0.067982
0.525424, 0.067834
0.525424, 0.067686
0.525424, 0.067538
0.525424, 0.067391
0.525424, 0.067245
0.525424, 0.067100
0.525424, 0.066955
0.525424, 0.066810
0.525424, 0.066667
0.525424, 0.066524
0.525424, 0.066381
0.525424, 0.066239
0.525424, 0.066098
0.525424, 0.065957
0.525424, 0.065817
0.525424, 0.065678
0.525424, 0.065539
0.525424, 0.065401
0.525424, 0.065263
0.525424, 0.065126
0.525424, 0.064990
0.525424, 0.064854
0.525424, 0.064718
0.525424, 0.064583
0.525424, 0.064449
0.525424, 0.064315
0.525424, 0.064182
0.525424, 0.064050
0.525424, 0.063918
0.525424, 0.063786
0.525424, 0.063655
0.525424, 0.063525
0.525424, 0.063395
0.525424, 0.063265
0.525424, 0.063136
0.525424, 0.063008
0.525424, 0.062880
0.525424, 0.062753
0.525424, 0.062626
0.525424, 0.062500
0.525424, 0.062374
0.525424, 0.062249
0.525424, 0.062124
0.525424, 0.062000
0.525424, 0.061876
0.525424, 0.061753
0.525424, 0.061630
0.525424, 0.061508
0.525424, 0.061386
0.525424, 0.061265
0.525424, 0.061144
0.525424, 0.061024
0.525424, 0.060904
0.525424, 0.060784
0.525424, 0.060665
0.525424, 0.060547
0.525424, 0.060429
0.525424, 0.060311
0.525424, 0.060194
0.525424, 0.060078
0.525424, 0.059961
0.525424, 0.059846
0.525424, 0.059730
0.525424, 0.059615
0.525424, 0.059501
0.525424, 0.059387
0.525424, 0.059273
0.525424, 0.059160
0.525424, 0.059048
0.525424, 0.058935
0.525424, 0.058824
0.525424, 0.058712
0.525424, 0.058601
0.525424, 0.058491
0.525424, 0.058380
0.525424, 0.058271
0.525424, 0.058161
0.525424, 0.058052
0.525424, 0.057944
0.525424, 0.057836
0.525424, 0.057728
0.525424, 0.057621
0.525424, 0.057514
0.525424, 0.057407
0.525424, 0.057301
0.525424, 0.057196
0.525424, 0.057090
0.525424, 0.056985
0.525424, 0.056881
0.542373, 0.058608
0.542373, 0.058501
0.542373, 0.058394
0.542373, 0.058288
0.542373, 0.058182
0.542373, 0.058076
0.542373, 0.057971
0.542373, 0.057866
0.542373, 0.057762
0.542373, 0.057658
0.542373, 0.057554
0.542373, 0.057451
0.542373, 0.057348
0.542373, 0.057245
0.542373, 0.057143
0.542373, 0.057041
0.542373, 0.056940
0.542373, 0.056838
0.542373, 0.056738
0.542373, 0.056637
0.542373, 0.056537
0.542373, 0.056437
0.542373, 0.056338
0.542373, 0.056239
0.542373, 0.056140
0.559322, 0.057793
0.559322, 0.057692
0.559322, 0.057592
0.559322, 0.057491
0.559322, 0.057391
0.559322, 0.057292
0.559322, 0.057192
0.559322, 0.057093
0.559322, 0.056995
0.559322, 0.056897
0.559322, 0.056799
0.559322, 0.056701
0.559322, 0.056604
0.559322, 0.056507
0.559322, 0.056410
0.559322, 0.056314
0.559322, 0.056218
0.559322, 0.056122
0.559322, 0.056027
0.559322, 0.055932
0.559322, 0.055838
0.559322, 0.055743
0.559322, 0.055649
0.559322, 0.055556
0.559322, 0.055462
0.559322, 0.055369
0.559322, 0.055276
0.559322, 0.055184
0.559322, 0.055092
0.559322, 0.055000
0.559322, 0.054908
0.559322, 0.054817
0.559322, 0.054726
0.559322, 0.054636
0.559322, 0.054545
0.559322, 0.054455
0.559322, 0.054366
0.559322, 0.054276
0.559322, 0.054187
0.559322, 0.054098
0.559322, 0.054010
0.559322, 0.053922
0.559322, 0.053834
0.559322, 0.053746
0.559322, 0.053659
0.559322, 0.053571
0.559322, 0.053485
0.559322, 0.053398
0.559322, 0.053312
0.559322, 0.053226
0.559322, 0.053140
0.559322, 0.053055
0.559322, 0.052970
0.559322, 0.052885
0.559322, 0.052800
0.559322, 0.052716
0.559322, 0.052632
0.559322, 0.052548
0.559322, 0.052464
0.559322, 0.052381
0.559322, 0.052298
0.559322, 0.052215
0.559322, 0.052133
0.559322, 0.052050
0.559322, 0.051969
0.559322, 0.051887
0.559322, 0.051805
0.559322, 0.051724
0.559322, 0.051643
0.559322, 0.051562
0.559322, 0.051482
0.559322, 0.051402
0.559322, 0.051322
0.559322, 0.051242
0.559322, 0.051163
0.559322, 0.051084
0.559322, 0.051005
0.559322, 0.050926
0.559322, 0.050847
0.559322, 0.050769
0.559322, 0.050691
0.559322, 0.050613
0.559322, 0.050536
0.559322, 0.050459
0.559322, 0.050382
0.559322, 0.050305
0.559322, 0.050228
0.559322, 0.050152
0.559322, 0.050076
0.559322, 0.050000
0.559322, 0.049924
0.559322, 0.049849
0.559322, 0.049774
0.559322, 0.049699
0.559322, 0.049624
0.559322, 0.049550
0.559322, 0.049475
0.559322, 0.049401
0.559322, 0.049327
0.559322, 0.049254
0.559322, 0.049180
0.559322, 0.049107
0.559322, 0.049034
0.559322, 0.048961
0.559322, 0.048889
0.559322, 0.048817
0.559322, 0.048744
0.559322, 0.048673
0.559322, 0.048601
0.559322, 0.048529
0.559322, 0.048458
0.559322, 0.048387
0.559322, 0.048316
0.559322, 0.048246
0.559322, 0.048175
0.559322, 0.048105
0.559322, 0.048035
0.559322, 0.047965
0.559322, 0.047896
0.559322, 0.047826
0.559322, 0.047757
0.559322, 0.047688
0.559322, 0.047619
0.559322, 0.047550
0.559322, 0.047482
0.559322, 0.047414
0.559322, 0.047346
0.559322, 0.047278
0.559322, 0.047210
0.559322, 0.047143
0.559322, 0.047076
0.559322, 0.047009
0.559322, 0.046942
0.559322, 0.046875
0.559322, 0.046809
0.559322, 0.046742
0.559322, 0.046676
0.559322, 0.046610
0.559322, 0.046544
0.576271, 0.047887
0.576271, 0.047820
0.576271, 0.047753
0.593220, 0.049088
0.593220, 0.049020
0.593220, 0.048951
0.593220, 0.048883
0.593220, 0.048815
0.593220, 0.048747
0.593220, 0.048679
0.593220, 0.048611
0.593220, 0.048544
0.593220, 0.048476
0.593220, 0.048409
0.593220, 0.048343
0.593220, 0.048276
0.593220, 0.048209
0.593220, 0.048143
0.593220, 0.048077
0.593220, 0.048011
0.593220, 0.047945
0.593220, 0.047880
0.593220, 0.047814
0.593220, 0.047749
0.593220, 0.047684
0.593220, 0.047619
0.593220, 0.047554
0.593220, 0.047490
0.593220, 0.047425
0.593220, 0.047361
0.593220, 0.047297
0.593220, 0.047233
0.593220, 0.047170
0.593220, 0.047106
0.593220, 0.047043
0.593220, 0.046980
0.593220, 0.046917
0.593220, 0.046854
0.593220, 0.046791
0.593220, 0.046729
0.593220, 0.046667
0.593220, 0.046605
0.593220, 0.046543
0.593220, 0.046481
0.593220, 0.046419
0.593220, 0.046358
0.593220, 0.046296
0.593220, 0.046235
0.593220, 0.046174
0.593220, 0.046113
0.593220, 0.046053
0.593220, 0.045992
0.593220, 0.045932
0.593220, 0.045872
0.593220, 0.045812
0.593220, 0.045752
0.593220, 0.045692
0.593220, 0.045632
0.593220, 0.045573
0.593220, 0.045514
0.593220, 0.045455
0.593220, 0.045396
0.593220, 0.045337
0.593220, 0.045278
0.593220, 0.045220
0.593220, 0.045161
0.593220, 0.045103
0.593220, 0.045045
0.593220, 0.044987
0.593220, 0.044929
0.593220, 0.044872
0.593220, 0.044814
0.593220, 0.044757
0.593220, 0.044700
0.593220, 0.044643
0.593220, 0.044586
0.593220, 0.044529
0.593220, 0.044473
0.593220, 0.044416
0.593220, 0.044360
0.593220, 0.044304
0.593220, 0.044248
0.593220, 0.044192
0.593220, 0.044136
0.593220, 0.044081
0.593220, 0.044025
0.593220, 0.043970
0.593220, 0.043915
0.593220, 0.043860
0.593220, 0.043805
0.593220, 0.043750
0.610169, 0.044944
0.610169, 0.044888
0.610169, 0.044832
0.610169, 0.044776
0.610169, 0.044720
0.610169, 0.044665
0.610169, 0.044610
0.610169, 0.044554
0.610169, 0.044499
0.610169, 0.044444
0.610169, 0.044390
0.610169, 0.044335
0.610169, 0.044280
0.610169, 0.044226
0.610169, 0.044172
0.610169, 0.044118
0.610169, 0.044064
0.610169, 0.044010
0.610169, 0.043956
0.610169, 0.043902
0.610169, 0.043849
0.610169, 0.043796
0.610169, 0.043742
0.610169, 0.043689
0.610169, 0.043636
0.610169, 0.043584
0.610169, 0.043531
0.610169, 0.043478
0.610169, 0.043426
0.610169, 0.043373
0.610169, 0.043321
0.610169, 0.043269
0.610169, 0.043217
0.610169, 0.043165
0.610169, 0.043114
0.610169, 0.043062
0.610169, 0.043011
0.610169, 0.042959
0.610169, 0.042908
0.610169, 0.042857
0.610169, 0.042806
0.610169, 0.042755
0.610169, 0.042705
0.610169, 0.042654
0.610169, 0.042604
0.610169, 0.042553
0.610169, 0.042503
0.610169, 0.042453
0.610169, 0.042403
0.610169, 0.042353
0.610169, 0.042303
0.610169, 0.042254
0.610169, 0.042204
0.610169, 0.042155
0.610169, 0.042105
0.610169, 0.042056
0.610169, 0.042007
0.610169, 0.041958
0.610169, 0.041909
0.610169, 0.041860
0.610169, 0.041812
0.610169, 0.041763
0.610169, 0.041715
0.610169, 0.041667
0.610169, 0.041618
0.610169, 0.041570
0.610169, 0.041522
0.610169, 0.041475
0.610169, 0.041427
0.610169, 0.041379
0.610169, 0.041332
0.610169, 0.041284
0.610169, 0.041237
0.610169, 0.041190
0.610169, 0.041143
0.610169, 0.041096
0.610169, 0.041049
0.610169, 0.041002
0.610169, 0.040956
0.610169, 0.040909
0.610169, 0.040863
0.610169, 0.040816
0.610169, 0.040770
0.610169, 0.040724
0.610169, 0.040678
0.610169, 0.040632
0.610169, 0.040586
0.610169, 0.040541
0.610169, 0.040495
0.610169, 0.040449
0.610169, 0.040404
0.610169, 0.040359
0.610169, 0.040314
0.610169, 0.040268
0.610169, 0.040223
0.610169, 0.040179
0.610169, 0.040134
0.610169, 0.040089
0.610169, 0.040044
0.610169, 0.040000
0.610169, 0.039956
0.610169, 0.039911
0.610169, 0.039867
0.610169, 0.039823
0.610169, 0.039779
0.610169, 0.039735
0.610169, 0.039691
0.610169, 0.039648
0.610169, 0.039604
0.610169, 0.039560
0.610169, 0.039517
0.610169, 0.039474
0.610169, 0.039430
0.610169, 0.039387
0.610169, 0.039344
0.610169, 0.039301
0.610169, 0.039258
0.610169, 0.039216
0.610169, 0.039173
0.610169, 0.039130
0.610169, 0.039088
0.610169, 0.039046
0.610169, 0.039003
0.610169, 0.038961
0.610169, 0.038919
0.610169, 0.038877
0.610169, 0.038835
0.610169, 0.038793
0.610169, 0.038751
0.610169, 0.038710
0.610169, 0.038668
0.610169, 0.038627
0.610169, 0.038585
0.610169, 0.038544
0.610169, 0.038503
0.610169, 0.038462
0.610169, 0.038420
0.610169, 0.038380
0.610169, 0.038339
0.610169, 0.038298
0.610169, 0.038257
0.610169, 0.038217
0.610169, 0.038176
0.610169, 0.038136
0.610169, 0.038095
0.610169, 0.038055
0.610169, 0.038015
0.610169, 0.037975
0.610169, 0.037935
0.610169, 0.037895
0.610169, 0.037855
0.610169, 0.037815
0.610169, 0.037775
0.610169, 0.037736
0.610169, 0.037696
0.610169, 0.037657
0.610169, 0.037618
0.610169, 0.037578
0.610169, 0.037539
0.610169, 0.037500
0.610169, 0.037461
0.610169, 0.037422
0.610169, 0.037383
0.610169, 0.037344
0.610169, 0.037306
0.610169, 0.037267
0.610169, 0.037229
0.610169, 0.037190
0.610169, 0.037152
0.610169, 0.037113
0.610169, 0.037075
0.610169, 0.037037
0.610169, 0.036999
0.610169, 0.036961
0.610169, 0.036923
0.610169, 0.036885
0.610169, 0.036847
0.610169, 0.036810
0.610169, 0.036772
0.610169, 0.036735
0.610169, 0.036697
0.610169, 0.036660
0.610169, 0.036623
0.610169, 0.036585
0.610169, 0.036548
0.610169, 0.036511
0.610169, 0.036474
0.610169, 0.036437
0.610169, 0.036400
0.610169, 0.036364
0.610169, 0.036327
0.610169, 0.036290
0.610169, 0.036254
0.610169, 0.036217
0.610169, 0.036181
0.610169, 0.036145
0.610169, 0.036108
0.610169, 0.036072
0.610169, 0.036036
0.610169, 0.036000
0.610169, 0.035964
0.610169, 0.035928
0.610169, 0.035892
0.610169, 0.035857
0.610169, 0.035821
0.610169, 0.035785
0.610169, 0.035750
0.610169, 0.035714
0.610169, 0.035679
0.610169, 0.035644
0.610169, 0.035608
0.610169, 0.035573
0.610169, 0.035538
0.610169, 0.035503
0.610169, 0.035468
0.610169, 0.035433
0.610169, 0.035398
0.610169, 0.035363
0.610169, 0.035329
0.610169, 0.035294
0.610169, 0.035260
0.610169, 0.035225
0.610169, 0.035191
0.610169, 0.035156
0.610169, 0.035122
0.610169, 0.035088
0.610169, 0.035054
0.610169, 0.035019
0.610169, 0.034985
0.610169, 0.034951
0.610169, 0.034918
0.610169, 0.034884
0.610169, 0.034850
0.610169, 0.034816
0.610169, 0.034783
0.610169, 0.034749
0.610169, 0.034716
0.610169, 0.034682
0.610169, 0.034649
0.610169, 0.034615
0.610169, 0.034582
0.610169, 0.034549
0.610169, 0.034516
0.610169, 0.034483
0.610169, 0.034450
0.610169, 0.034417
0.610169, 0.034384
0.610169, 0.034351
0.610169, 0.034318
0.610169, 0.034286
0.610169, 0.034253
0.610169, 0.034221
0.610169, 0.034188
0.610169, 0.034156
0.610169, 0.034123
0.610169, 0.034091
0.610169, 0.034059
0.610169, 0.034026
0.610169, 0.033994
0.610169, 0.033962
0.610169, 0.033930
0.610169, 0.033898
0.610169, 0.033866
0.610169, 0.033835
0.610169, 0.033803
0.610169, 0.033771
0.610169, 0.033739
0.610169, 0.033708
0.610169, 0.033676
0.610169, 0.033645
0.610169, 0.033613
0.610169, 0.033582
0.610169, 0.033551
0.610169, 0.033520
0.610169, 0.033488
0.610169, 0.033457
0.610169, 0.033426
0.610169, 0.033395
0.610169, 0.033364
0.610169, 0.033333
0.610169, 0.033302
0.610169, 0.033272
0.610169, 0.033241
0.610169, 0.033210
0.610169, 0.033180
0.610169, 0.033149
0.610169, 0.033119
0.610169, 0.033088
0.610169, 0.033058
0.610169, 0.033028
0.610169, 0.032997
0.610169, 0.032967
0.610169, 0.032937
0.610169, 0.032907
0.610169, 0.032877
0.610169, 0.032847
0.610169, 0.032817
0.610169, 0.032787
0.610169, 0.032757
0.610169, 0.032727
0.610169, 0.032698
0.610169, 0.032668
0.610169, 0.032638
0.610169, 0.032609
0.610169, 0.032579
0.610169, 0.032550
0.610169, 0.032520
0.610169, 0.032491
0.610169, 0.032462
0.610169, 0.032432
0.610169, 0.032403
0.610169, 0.032374
0.610169, 0.032345
0.610169, 0.032316
0.610169, 0.032287
0.610169, 0.032258
0.610169, 0.032229
0.610169, 0.032200
0.610169, 0.032172
0.610169, 0.032143
0.610169, 0.032114
0.610169, 0.032086
0.610169, 0.032057
0.610169, 0.032028
0.610169, 0.032000
0.610169, 0.031972
0.610169, 0.031943
0.610169, 0.031915
0.610169, 0.031887
0.610169, 0.031858
0.610169, 0.031830
0.610169, 0.031802
0.610169, 0.031774
0.610169, 0.031746
0.610169, 0.031718
0.610169, 0.031690
0.610169, 0.031662
0.610169, 0.031634
0.610169, 0.031607
0.610169, 0.031579
0.610169, 0.031551
0.610169, 0.031524
0.610169, 0.031496
0.610169, 0.031469
0.610169, 0.031441
0.610169, 0.031414
0.610169, 0.031386
0.610169, 0.031359
0.610169, 0.031332
0.610169, 0.031304
0.610169, 0.031277
0.610169, 0.031250
0.610169, 0.031223
0.610169, 0.031196
0.610169, 0.031169
0.610169, 0.031142
0.610169, 0.031115
0.610169, 0.031088
0.610169, 0.031061
0.610169, 0.031034
0.610169, 0.031008
0.610169, 0.030981
0.610169, 0.030954
0.610169, 0.030928
0.610169, 0.030901
0.610169, 0.030875
0.610169, 0.030848
0.610169, 0.030822
0.610169, 0.030796
0.610169, 0.030769
0.610169, 0.030743
0.610169, 0.030717
0.610169, 0.030691
0.610169, 0.030664
0.610169, 0.030638
0.610169, 0.030612
0.610169, 0.030586
0.610169, 0.030560
0.610169, 0.030534
0.610169, 0.030508
0.610169, 0.030483
0.610169, 0.030457
0.610169, 0.030431
0.610169, 0.030405
0.610169, 0.030380
0.610169, 0.030354
0.610169, 0.030329
0.610169, 0.030303
0.610169, 0.030278
0.610169, 0.030252
0.610169, 0.030227
0.610169, 0.030201
0.610169, 0.030176
0.610169, 0.030151
0.610169, 0.030126
0.610169, 0.030100
0.610169, 0.030075
0.610169, 0.030050
0.610169, 0.030025
0.610169, 0.030000
0.610169, 0.029975
0.610169, 0.029950
0.610169, 0.029925
0.610169, 0.029900
0.610169, 0.029876
0.610169, 0.029851
0.610169, 0.029826
0.610169, 0.029801
0.610169, 0.029777
0.610169, 0.029752
0.610169, 0.029727
0.610169, 0.029703
0.610169, 0.029678
0.610169, 0.029654
0.610169, 0.029630
0.610169, 0.029605
0.610169, 0.029581
0.610169, 0.029557
0.610169, 0.029532
0.610169, 0.029508
0.610169, 0.029484
0.610169, 0.029460
0.610169, 0.029436
0.610169, 0.029412
0.610169, 0.029388
0.610169, 0.029364
0.610169, 0.029340
0.610169, 0.029316
0.610169, 0.029292
0.610169, 0.029268
0.610169, 0.029245
0.610169, 0.029221
0.610169, 0.029197
0.610169, 0.029173
0.610169, 0.029150
0.610169, 0.029126
0.610169, 0.029103
0.610169, 0.029079
0.610169, 0.029056
0.610169, 0.029032
0.610169, 0.029009
0.610169, 0.028986
0.610169, 0.028962
0.610169, 0.028939
0.610169, 0.028916
0.610169, 0.028892
0.610169, 0.028869
0.610169, 0.028846
0.610169, 0.028823
0.610169, 0.028800
0.610169, 0.028777
0.610169, 0.028754
0.610169, 0.028731
0.610169, 0.028708
0.610169, 0.028685
0.610169, 0.028662
0.610169, 0.028640
0.610169, 0.028617
0.610169, 0.028594
0.610169, 0.028571
0.610169, 0.028549
0.610169, 0.028526
0.610169, 0.028504
0.610169, 0.028481
0.610169, 0.028458
0.610169, 0.028436
0.610169, 0.028414
0.610169, 0.028391
0.610169, 0.028369
0.610169, 0.028346
0.610169, 0.028324
0.610169, 0.028302
0.610169, 0.028280
0.610169, 0.028257
0.610169, 0.028235
0.610169, 0.028213
0.610169, 0.028191
0.610169, 0.028169
0.610169, 0.028147
0.610169, 0.028125
0.610169, 0.028103
0.610169, 0.028081
0.610169, 0.028059
0.610169, 0.028037
0.610169, 0.028016
0.610169, 0.027994
0.610169, 0.027972
0.610169, 0.027950
0.610169, 0.027929
0.610169, 0.027907
0.610169, 0.027885
0.610169, 0.027864
0.610169, 0.027842
0.610169, 0.027821
0.610169, 0.027799
0.610169, 0.027778
0.610169, 0.027756
0.610169, 0.027735
0.610169, 0.027714
0.610169, 0.027692
0.610169, 0.027671
0.610169, 0.027650
0.610169, 0.027629
0.610169, 0.027607
0.610169, 0.027586
0.610169, 0.027565
0.610169, 0.027544
0.610169, 0.027523
0.610169, 0.027502
0.610169, 0.027481
0.610169, 0.027460
0.610169, 0.027439
0.610169, 0.027418
0.610169, 0.027397
0.610169, 0.027376
0.610169, 0.027356
0.610169, 0.027335
0.610169, 0.027314
0.610169, 0.027293
0.610169, 0.027273
0.610169, 0.027252
0.610169, 0.027231
0.610169, 0.027211
0.610169, 0.027190
0.610169, 0.027170
0.610169, 0.027149
0.610169, 0.027129
0.610169, 0.027108
0.610169, 0.027088
0.610169, 0.027068
0.610169, 0.027047
0.610169, 0.027027
0.610169, 0.027007
0.610169, 0.026987
0.610169, 0.026966
0.610169, 0.026946
0.610169, 0.026926
0.610169, 0.026906
0.610169, 0.026886
0.610169, 0.026866
0.610169, 0.026846
0.610169, 0.026826
0.610169, 0.026806
0.610169, 0.026786
0.610169, 0.026766
0.610169, 0.026746
0.610169, 0.026726
0.610169, 0.026706
0.610169, 0.026686
0.610169, 0.026667
0.610169, 0.026647
0.610169, 0.026627
0.610169, 0.026608
0.610169, 0.026588
0.610169, 0.026568
0.610169, 0.026549
0.610169, 0.026529
0.610169, 0.026510
0.610169, 0.026490
0.610169, 0.026471
0.610169, 0.026451
0.610169, 0.026432
0.610169, 0.026412
0.610169, 0.026393
0.610169, 0.026374
0.610169, 0.026354
0.610169, 0.026335
0.610169, 0.026316
0.610169, 0.026297
0.610169, 0.026277
0.610169, 0.026258
0.610169, 0.026239
0.610169, 0.026220
0.610169, 0.026201
0.610169, 0.026182
0.610169, 0.026163
0.610169, 0.026144
0.610169, 0.026125
0.610169, 0.026106
0.610169, 0.026087
0.610169, 0.026068
0.610169, 0.026049
0.610169, 0.026030
0.610169, 0.026012
0.610169, 0.025993
0.610169, 0.025974
0.610169, 0.025955
0.610169, 0.025937
0.610169, 0.025918
0.610169, 0.025899
0.610169, 0.025881
0.610169, 0.025862
0.610169, 0.025844
0.610169, 0.025825
0.610169, 0.025806
0.610169, 0.025788
0.610169, 0.025770
0.610169, 0.025751
0.610169, 0.025733
0.610169, 0.025714
0.610169, 0.025696
0.610169, 0.025678
0.610169, 0.025659
0.610169, 0.025641
0.610169, 0.025623
0.610169, 0.025605
0.610169, 0.025586
0.610169, 0.025568
0.610169, 0.025550
0.610169, 0.025532
0.610169, 0.025514
0.610169, 0.025496
0.610169, 0.025478
0.610169, 0.025460
0.610169, 0.025442
0.610169, 0.025424
0.610169, 0.025406
0.610169, 0.025388
0.610169, 0.025370
0.610169, 0.025352
0.610169, 0.025334
0.610169, 0.025316
0.610169, 0.025299
0.610169, 0.025281
0.610169, 0.025263
0.610169, 0.025245
0.610169, 0.025228
0.610169, 0.025210
0.610169, 0.025192
0.610169, 0.025175
0.610169, 0.025157
0.610169, 0.025140
0.610169, 0.025122
0.610169, 0.025105
0.610169, 0.025087
0.610169, 0.025070
0.610169, 0.025052
0.610169, 0.025035
0.610169, 0.025017
0.610169, 0.025000
0.610169, 0.024983
0.610169, 0.024965
0.610169, 0.024948
0.610169, 0.024931
0.610169, 0.024913
0.610169, 0.024896
0.610169, 0.024879
0.610169, 0.024862
0.610169, 0.024845
0.610169, 0.024828
0.610169, 0.024810
0.610169, 0.024793
0.610169, 0.024776
0.610169, 0.024759
0.610169, 0.024742
0.610169, 0.024725
0.610169, 0.024708
0.610169, 0.024691
0.610169, 0.024674
0.610169, 0.024658
0.610169, 0.024641
0.610169, 0.024624
0.610169, 0.024607
0.610169, 0.024590
0.610169, 0.024573
0.610169, 0.024557
0.610169, 0.024540
0.610169, 0.024523
0.610169, 0.024506
0.610169, 0.024490
0.610169, 0.024473
0.610169, 0.024457
0.610169, 0.024440
0.610169, 0.024423
0.610169, 0.024407
0.610169, 0.024390
0.610169, 0.024374
0.610169, 0.024357
0.610169, 0.024341
0.610169, 0.024324
0.610169, 0.024308
0.610169, 0.024291
0.610169, 0.024275
0.610169, 0.024259
0.610169, 0.024242
0.610169, 0.024226
0.610169, 0.024210
0.610169, 0.024194
0.610169, 0.024177
0.610169, 0.024161
0.610169, 0.024145
0.610169, 0.024129
0.610169, 0.024113
0.610169, 0.024096
0.610169, 0.024080
0.610169, 0.024064
0.610169, 0.024048
0.610169, 0.024032
0.610169, 0.024016
0.610169, 0.024000
0.610169, 0.023984
0.610169, 0.023968
0.610169, 0.023952
0.610169, 0.023936
0.610169, 0.023920
0.610169, 0.023904
0.610169, 0.023889
0.610169, 0.023873
0.610169, 0.023857
0.610169, 0.023841
0.610169, 0.023825
0.610169, 0.023810
0.610169, 0.023794
0.610169, 0.023778
0.610169, 0.023762
0.610169, 0.023747
0.610169, 0.023731
0.610169, 0.023715
0.610169, 0.023700
0.610169, 0.023684
0.610169, 0.023669
0.610169, 0.023653
0.610169, 0.023638
0.610169, 0.023622
0.610169, 0.023607
0.610169, 0.023591
0.610169, 0.023576
0.610169, 0.023560
0.610169, 0.023545
0.610169, 0.023529
0.610169, 0.023514
0.610169, 0.023499
0.627119, 0.024136
0.627119, 0.024120
0.627119, 0.024104
0.627119, 0.024089
0.627119, 0.024073
0.627119, 0.024057
0.627119, 0.024042
0.627119, 0.024026
0.627119, 0.024010
0.627119, 0.023995
0.627119, 0.023979
0.627119, 0.023964
0.627119, 0.023948
0.627119, 0.023933
0.627119, 0.023917
0.627119, 0.023902
0.627119, 0.023886
0.627119, 0.023871
0.627119, 0.023856
0.627119, 0.023840
0.627119, 0.023825
0.627119, 0.023810
0.627119, 0.023794
0.627119, 0.023779
0.627119, 0.023764
0.627119, 0.023748
0.627119, 0.023733
0.627119, 0.023718
0.627119, 0.023703
0.627119, 0.023688
0.627119, 0.023672
0.627119, 0.023657
0.627119, 0.023642
0.627119, 0.023627
0.627119, 0.023612
0.627119, 0.023597
0.627119, 0.023582
0.627119, 0.023567
0.627119, 0.023552
0.627119, 0.023537
0.627119, 0.023522
0.627119, 0.023507
0.627119, 0.023492
0.627119, 0.023477
0.627119, 0.023462
0.627119, 0.023447
0.627119, 0.023433
0.627119, 0.023418
0.627119, 0.023403
0.627119, 0.023388
0.627119, 0.023373
0.644068, 0.023990
0.644068, 0.023975
0.644068, 0.023960
0.644068, 0.023945
0.644068, 0.023929
0.644068, 0.023914
0.644068, 0.023899
0.644068, 0.023884
0.644068, 0.023869
0.644068, 0.023854
0.644068, 0.023839
0.644068, 0.023824
0.644068, 0.023810
0.644068, 0.023795
0.644068, 0.023780
0.644068, 0.023765
0.644068, 0.023750
0.644068, 0.023735
0.644068, 0.023720
0.644068, 0.023706
0.644068, 0.023691
0.644068, 0.023676
0.644068, 0.023661
0.644068, 0.023647
0.644068, 0.023632
0.644068, 0.023617
0.644068, 0.023602
0.644068, 0.023588
0.644068, 0.023573
0.644068, 0.023559
0.644068, 0.023544
0.644068, 0.023529
0.644068, 0.023515
0.644068, 0.023500
0.644068, 0.023486
0.644068, 0.023471
0.644068, 0.023457
0.644068, 0.023442
0.644068, 0.023428
0.644068, 0.023413
0.644068, 0.023399
0.644068, 0.023385
0.644068, 0.023370
0.644068, 0.023356
0.644068, 0.023342
0.644068, 0.023327
0.644068, 0.023313
0.644068, 0.023299
0.644068, 0.023284
0.644068, 0.023270
0.644068, 0.023256
0.644068, 0.023242
0.644068, 0.023227
0.644068, 0.023213
0.644068, 0.023199
0.644068, 0.023185
0.644068, 0.023171
0.644068, 0.023157
0.644068, 0.023143
0.644068, 0.023128
0.644068, 0.023114
0.644068, 0.023100
0.644068, 0.023086
0.644068, 0.023072
0.644068, 0.023058
0.644068, 0.023044
0.644068, 0.023030
0.644068, 0.023016
0.644068, 0.023002
0.644068, 0.022989
0.644068, 0.022975
0.644068, 0.022961
0.644068, 0.022947
0.644068, 0.022933
0.644068, 0.022919
0.661017, 0.023508
0.661017, 0.023494
0.661017, 0.023480
0.661017, 0.023466
0.661017, 0.023452
0.661017, 0.023438
0.661017, 0.023423
0.661017, 0.023409
0.661017, 0.023395
0.661017, 0.023381
0.661017, 0.023367
0.661017, 0.023353
0.661017, 0.023339
0.661017, 0.023325
0.661017, 0.023311
0.661017, 0.023297
0.661017, 0.023284
0.661017, 0.023270
0.661017, 0.023256
0.661017, 0.023242
0.661017, 0.023228
0.661017, 0.023214
0.661017, 0.023200
0.661017, 0.023187
0.661017, 0.023173
0.661017, 0.023159
0.661017, 0.023145
0.661017, 0.023132
0.661017, 0.023118
0.661017, 0.023104
0.661017, 0.023091
0.661017, 0.023077
0.661017, 0.023063
0.661017, 0.023050
0.661017, 0.023036
0.661017, 0.023022
0.661017, 0.023009
0.661017, 0.022995
0.661017, 0.022982
0.661017, 0.022968
0.661017, 0.022955
0.661017, 0.022941
0.661017, 0.022928
0.661017, 0.022914
0.661017, 0.022901
0.661017, 0.022887
0.661017, 0.022874
0.661017, 0.022860
0.661017, 0.022847
0.661017, 0.022834
0.661017, 0.022820
0.661017, 0.022807
0.677966, 0.023378
0.677966, 0.023364
0.677966, 0.023351
0.677966, 0.023337
0.677966, 0.023324
0.677966, 0.023310
0.677966, 0.023296
0.677966, 0.023283
0.677966, 0.023269
0.677966, 0.023256
0.677966, 0.023242
0.677966, 0.023229
0.677966, 0.023215
0.677966, 0.023202
0.677966, 0.023188
0.677966, 0.023175
0.677966, 0.023162
0.677966, 0.023148
0.677966, 0.023135
0.677966, 0.023121
0.677966, 0.023108
0.677966, 0.023095
0.677966, 0.023081
0.677966, 0.023068
0.677966, 0.023055
0.677966, 0.023041
0.677966, 0.023028
0.677966, 0.023015
0.677966, 0.023002
0.677966, 0.022989
0.677966, 0.022975
0.677966, 0.022962
0.677966, 0.022949
0.677966, 0.022936
0.677966, 0.022923
0.677966, 0.022910
0.677966, 0.022896
0.677966, 0.022883
0.677966, 0.022870
0.677966, 0.022857
0.677966, 0.022844
0.677966, 0.022831
0.677966, 0.022818
0.677966, 0.022805
0.677966, 0.022792
0.677966, 0.022779
0.677966, 0.022766
0.694915, 0.023322
0.694915, 0.023309
0.694915, 0.023295
0.694915, 0.023282
0.694915, 0.023269
0.694915, 0.023256
0.694915, 0.023243
0.694915, 0.023229
0.694915, 0.023216
0.694915, 0.023203
0.694915, 0.023190
0.694915, 0.023177
0.694915, 0.023164
0.694915, 0.023151
0.694915, 0.023138
0.694915, 0.023125
0.694915, 0.023112
0.694915, 0.023099
0.694915, 0.023086
0.694915, 0.023073
0.694915, 0.023060
0.694915, 0.023047
0.694915, 0.023034
0.694915, 0.023021
0.694915, 0.023008
0.694915, 0.022995
0.694915, 0.022982
0.694915, 0.022969
0.694915, 0.022956
0.694915, 0.022943
0.694915, 0.022931
0.694915, 0.022918
0.694915, 0.022905
0.694915, 0.022892
0.694915, 0.022879
0.694915, 0.022867
0.694915, 0.022854
0.694915, 0.022841
0.694915, 0.022829
0.694915, 0.022816
0.694915, 0.022803
0.694915, 0.022790
0.694915, 0.022778
0.694915, 0.022765
0.694915, 0.022752
0.694915, 0.022740
0.694915, 0.022727
0.694915, 0.022715
0.694915, 0.022702
0.694915, 0.022690
0.694915, 0.022677
0.694915, 0.022664
0.694915, 0.022652
0.694915, 0.022639
0.694915, 0.022627
0.694915, 0.022614
0.694915, 0.022602
0.694915, 0.022590
0.694915, 0.022577
0.694915, 0.022565
0.694915, 0.022552
0.694915, 0.022540
0.694915, 0.022527
0.694915, 0.022515
0.694915, 0.022503
0.694915, 0.022490
0.694915, 0.022478
0.694915, 0.022466
0.694915, 0.022453
0.694915, 0.022441
0.694915, 0.022429
0.694915, 0.022417
0.694915, 0.022404
0.694915, 0.022392
0.694915, 0.022380
0.694915, 0.022368
0.694915, 0.022356
0.694915, 0.022343
0.694915, 0.022331
0.694915, 0.022319
0.694915, 0.022307
0.694915, 0.022295
0.694915, 0.022283
0.694915, 0.022271
0.694915, 0.022258
0.694915, 0.022246
0.694915, 0.022234
0.694915, 0.022222
0.694915, 0.022210
0.694915, 0.022198
0.694915, 0.022186
0.694915, 0.022174
0.694915, 0.022162
0.694915, 0.022150
0.694915, 0.022138
0.694915, 0.022126
0.694915, 0.022114
0.694915, 0.022102
0.694915, 0.022091
0.694915, 0.022079
0.694915, 0.022067
0.694915, 0.022055
0.694915, 0.022043
0.694915, 0.022031
0.694915, 0.022019
0.694915, 0.022008
0.694915, 0.021996
0.694915, 0.021984
0.694915, 0.021972
0.694915, 0.021960
0.694915, 0.021949
0.694915, 0.021937
0.694915, 0.021925
0.694915, 0.021913
0.694915, 0.021902
0.694915, 0.021890
0.694915, 0.021878
0.694915, 0.021867
0.694915, 0.021855
0.694915, 0.021843
0.694915, 0.021832
0.694915, 0.021820
0.694915, 0.021809
0.694915, 0.021797
0.694915, 0.021785
0.694915, 0.021774
0.694915, 0.021762
0.694915, 0.021751
0.694915, 0.021739
0.694915, 0.021728
0.694915, 0.021716
0.694915, 0.021705
0.694915, 0.021693
0.694915, 0.021682
0.694915, 0.021670
0.694915, 0.021659
0.694915, 0.021647
0.694915, 0.021636
0.694915, 0.021624
0.694915, 0.021613
0.694915, 0.021602
0.694915, 0.021590
0.694915, 0.021579
0.694915, 0.021568
0.694915, 0.021556
0.694915, 0.021545
0.694915, 0.021534
0.694915, 0.021522
0.694915, 0.021511
0.694915, 0.021500
0.694915, 0.021488
0.694915, 0.021477
0.694915, 0.021466
0.694915, 0.021455
0.694915, 0.021444
0.694915, 0.021432
0.694915, 0.021421
0.694915, 0.021410
0.694915, 0.021399
0.694915, 0.021388
0.694915, 0.021376
0.694915, 0.021365
0.694915, 0.021354
0.694915, 0.021343
0.694915, 0.021332
0.694915, 0.021321
0.694915, 0.021310
0.694915, 0.021299
0.694915, 0.021288
0.694915, 0.021277
0.694915, 0.021266
0.694915, 0.021255
0.694915, 0.021244
0.694915, 0.021233
0.694915, 0.021222
0.694915, 0.021211
0.694915, 0.021200
0.694915, 0.021189
0.694915, 0.021178
0.694915, 0.021167
0.694915, 0.021156
0.694915, 0.021145
0.694915, 0.021134
0.694915, 0.021123
0.694915, 0.021112
0.694915, 0.021101
0.694915, 0.021091
0.694915, 0.021080
0.694915, 0.021069
0.694915, 0.021058
0.694915, 0.021047
0.694915, 0.021036
0.694915, 0.021026
0.694915, 0.021015
0.694915, 0.021004
0.694915, 0.020993
0.694915, 0.020983
0.694915, 0.020972
0.694915, 0.020961
0.694915, 0.020950
0.694915, 0.020940
0.694915, 0.020929
0.694915, 0.020918
0.694915, 0.020908
0.694915, 0.020897
0.694915, 0.020886
0.694915, 0.020876
0.694915, 0.020865
0.694915, 0.020855
0.694915, 0.020844
0.694915, 0.020833
0.694915, 0.020823
0.694915, 0.020812
0.694915, 0.020802
0.694915, 0.020791
0.694915, 0.020781
0.694915, 0.020770
0.694915, 0.020759
0.694915, 0.020749
0.694915, 0.020738
0.694915, 0.020728
0.694915, 0.020718
0.694915, 0.020707
0.694915, 0.020697
0.694915, 0.020686
0.694915, 0.020676
0.694915, 0.020665
0.694915, 0.020655
0.694915, 0.020645
0.694915, 0.020634
0.694915, 0.020624
0.694915, 0.020613
0.694915, 0.020603
0.694915, 0.020593
0.694915, 0.020582
0.694915, 0.020572
0.694915, 0.020562
0.694915, 0.020551
0.694915, 0.020541
0.694915, 0.020531
0.694915, 0.020521
0.694915, 0.020510
0.694915, 0.020500
0.694915, 0.020490
0.694915, 0.020480
0.694915, 0.020469
0.694915, 0.020459
0.694915, 0.020449
0.694915, 0.020439
0.694915, 0.020429
0.694915, 0.020418
0.694915, 0.020408
0.694915, 0.020398
0.694915, 0.020388
0.694915, 0.020378
0.694915, 0.020368
0.694915, 0.020357
0.694915, 0.020347
0.694915, 0.020337
0.694915, 0.020327
0.694915, 0.020317
0.694915, 0.020307
0.694915, 0.020297
0.694915, 0.020287
0.694915, 0.020277
0.694915, 0.020267
0.711864, 0.020751
0.711864, 0.020741
0.711864, 0.020731
0.711864, 0.020720
0.711864, 0.020710
0.711864, 0.020700
0.711864, 0.020690
0.711864, 0.020679
0.711864, 0.020669
0.711864, 0.020659
0.711864, 0.020649
0.711864, 0.020639
0.711864, 0.020629
0.711864, 0.020619
0.711864, 0.020608
0.711864, 0.020598
0.711864, 0.020588
0.711864, 0.020578
0.711864, 0.020568
0.711864, 0.020558
0.711864, 0.020548
0.711864, 0.020538
0.711864, 0.020528
0.711864, 0.020518
0.711864, 0.020508
0.711864, 0.020498
0.711864, 0.020488
0.711864, 0.020478
0.711864, 0.020468
0.711864, 0.020458
0.711864, 0.020448
0.711864, 0.020438
0.711864, 0.020428
0.711864, 0.020418
0.711864, 0.020408
0.711864, 0.020398
0.711864, 0.020388
0.711864, 0.020378
0.711864, 0.020369
0.711864, 0.020359
0.711864, 0.020349
0.711864, 0.020339
0.711864, 0.020329
0.711864, 0.020319
0.711864, 0.020309
0.711864, 0.020300
0.711864, 0.020290
0.711864, 0.020280
0.711864, 0.020270
0.711864, 0.020260
0.711864, 0.020251
0.711864, 0.020241
0.711864, 0.020231
0.711864, 0.020221
0.711864, 0.020212
0.711864, 0.020202
0.711864, 0.020192
0.711864, 0.020183
0.711864, 0.020173
0.711864, 0.020163
0.711864, 0.020154
0.711864, 0.020144
0.711864, 0.020134
0.711864, 0.020125
0.711864, 0.020115
0.711864, 0.020105
0.711864, 0.020096
0.711864, 0.020086
0.711864, 0.020076
0.711864, 0.020067
0.711864, 0.020057
0.711864, 0.020048
0.711864, 0.020038
0.711864, 0.020029
0.711864, 0.020019
0.711864, 0.020010
0.711864, 0.020000
0.711864, 0.019990
0.711864, 0.019981
0.711864, 0.019971
0.711864, 0.019962
0.711864, 0.019952
0.711864, 0.019943
0.711864, 0.019934
0.711864, 0.019924
0.711864, 0.019915
0.711864, 0.019905
0.711864, 0.019896
0.711864, 0.019886
0.711864, 0.019877
0.711864, 0.019868
0.711864, 0.019858
0.711864, 0.019849
0.711864, 0.019839
0.711864, 0.019830
0.711864, 0.019821
0.711864, 0.019811
0.711864, 0.019802
0.711864, 0.019793
0.711864, 0.019783
0.711864, 0.019774
0.711864, 0.019765
0.711864, 0.019755
0.711864, 0.019746
0.711864, 0.019737
0.711864, 0.019728
0.711864, 0.019718
0.711864, 0.019709
0.711864, 0.019700
0.711864, 0.019691
0.711864, 0.019681
0.711864, 0.019672
0.711864, 0.019663
0.711864, 0.019654
0.711864, 0.019645
0.711864, 0.019635
0.711864, 0.019626
0.711864, 0.019617
0.711864, 0.019608
0.711864, 0.019599
0.711864, 0.019590
0.711864, 0.019580
0.711864, 0.019571
0.711864, 0.019562
0.711864, 0.019553
0.711864, 0.019544
0.711864, 0.019535
0.711864, 0.019526
0.711864, 0.019517
0.711864, 0.019508
0.711864, 0.019499
0.711864, 0.019490
0.711864, 0.019481
0.711864, 0.019471
0.711864, 0.019462
0.711864, 0.019453
0.711864, 0.019444
0.711864, 0.019435
0.711864, 0.019426
0.711864, 0.019417
0.711864, 0.019409
0.711864, 0.019400
0.711864, 0.019391
0.711864, 0.019382
0.711864, 0.019373
0.711864, 0.019364
0.711864, 0.019355
0.711864, 0.019346
0.711864, 0.019337
0.711864, 0.019328
0.711864, 0.019319
0.711864, 0.019310
0.711864, 0.019301
0.711864, 0.019293
0.711864, 0.019284
0.711864, 0.019275
0.711864, 0.019266
0.711864, 0.019257
0.711864, 0.019248
0.711864, 0.019240
0.711864, 0.019231
0.711864, 0.019222
0.711864, 0.019213
0.711864, 0.019204
0.711864, 0.019196
0.711864, 0.019187
0.711864, 0.019178
0.711864, 0.019169
0.711864, 0.019161
0.711864, 0.019152
0.711864, 0.019143
0.711864, 0.019134
0.711864, 0.019126
0.711864, 0.019117
0.711864, 0.019108
0.711864, 0.019100
0.711864, 0.019091
0.711864, 0.019082
0.711864, 0.019074
0.711864, 0.019065
0.711864, 0.019056
0.711864, 0.019048
0.711864, 0.019039
0.711864, 0.019030
0.711864, 0.019022
0.711864, 0.019013
0.711864, 0.019005
0.711864, 0.018996
0.711864, 0.018987
0.711864, 0.018979
0.711864, 0.018970
0.711864, 0.018962
0.711864, 0.018953
0.711864, 0.018945
0.711864, 0.018936
0.711864, 0.018927
0.711864, 0.018919
0.711864, 0.018910
0.711864, 0.018902
0.711864, 0.018893
0.711864, 0.018885
0.711864, 0.018876
0.711864, 0.018868
0.711864, 0.018859
0.711864, 0.018851
0.711864, 0.018843
0.711864, 0.018834
0.711864, 0.018826
0.711864, 0.018817
0.711864, 0.018809
0.711864, 0.018800
0.711864, 0.018792
0.711864, 0.018784
0.711864, 0.018775
0.711864, 0.018767
0.711864, 0.018758
0.711864, 0.018750
0.711864, 0.018742
0.711864, 0.018733
0.711864, 0.018725
0.711864, 0.018717
0.711864, 0.018708
0.711864, 0.018700
0.711864, 0.018692
0.711864, 0.018683
0.711864, 0.018675
0.711864, 0.018667
0.711864, 0.018658
0.711864, 0.018650
0.711864, 0.018642
0.711864, 0.018634
0.711864, 0.018625
0.711864, 0.018617
0.711864, 0.018609
0.711864, 0.018601
0.711864, 0.018592
0.711864, 0.018584
0.711864, 0.018576
0.711864, 0.018568
0.711864, 0.018559
0.711864, 0.018551
0.711864, 0.018543
0.711864, 0.018535
0.711864, 0.018527
0.711864, 0.018519
0.711864, 0.018510
0.711864, 0.018502
0.711864, 0.018494
0.711864, 0.018486
0.711864, 0.018478
0.711864, 0.018470
0.711864, 0.018462
0.711864, 0.018453
0.711864, 0.018445
0.711864, 0.018437
0.711864, 0.018429
0.711864, 0.018421
0.711864, 0.018413
0.711864, 0.018405
0.711864, 0.018397
0.711864, 0.018389
0.711864, 0.018381
0.711864, 0.018373
0.711864, 0.018365
0.711864, 0.018357
0.711864, 0.018349
0.711864, 0.018341
0.711864, 0.018333
0.711864, 0.018325
0.711864, 0.018317
0.711864, 0.018309
0.711864, 0.018301
0.711864, 0.018293
0.711864, 0.018285
0.711864, 0.018277
0.711864, 0.018269
0.728814, 0.018696
0.728814, 0.018688
0.728814, 0.018679
0.728814, 0.018671
0.728814, 0.018663
0.728814, 0.018655
0.728814, 0.018647
0.728814, 0.018639
0.728814, 0.018631
0.728814, 0.018623
0.728814, 0.018615
0.728814, 0.018607
0.728814, 0.018599
0.728814, 0.018591
0.728814, 0.018583
0.728814, 0.018575
0.728814, 0.018566
0.728814, 0.018558
0.728814, 0.018550
0.728814, 0.018542
0.728814, 0.018534
0.728814, 0.018526
0.728814, 0.018519
0.728814, 0.018511
0.728814, 0.018503
0.728814, 0.018495
0.728814, 0.018487
0.728814, 0.018479
0.728814, 0.018471
0.728814, 0.018463
0.728814, 0.018455
0.728814, 0.018447
0.728814, 0.018439
0.728814, 0.018431
0.728814, 0.018423
0.728814, 0.018415
0.728814, 0.018408
0.728814, 0.018400
0.728814, 0.018392
0.728814, 0.018384
0.728814, 0.018376
0.728814, 0.018368
0.728814, 0.018360
0.728814, 0.018353
0.728814, 0.018345
0.728814, 0.018337
0.728814, 0.018329
0.745763, 0.018747
0.745763, 0.018739
0.745763, 0.018731
0.745763, 0.018723
0.745763, 0.018715
0.745763, 0.018707
0.745763, 0.018700
0.745763, 0.018692
0.745763, 0.018684
0.745763, 0.018676
0.745763, 0.018668
0.745763, 0.018660
0.745763, 0.018652
0.745763, 0.018644
0.745763, 0.018636
0.745763, 0.018628
0.745763, 0.018620
0.745763, 0.018613
0.745763, 0.018605
0.745763, 0.018597
0.745763, 0.018589
0.745763, 0.018581
0.745763, 0.018573
0.745763, 0.018565
0.745763, 0.018558
0.745763, 0.018550
0.745763, 0.018542
0.745763, 0.018534
0.745763, 0.018526
0.745763, 0.018519
0.745763, 0.018511
0.745763, 0.018503
0.745763, 0.018495
0.745763, 0.018487
0.745763, 0.018480
0.745763, 0.018472
0.745763, 0.018464
0.745763, 0.018456
0.745763, 0.018449
0.745763, 0.018441
0.745763, 0.018433
0.745763, 0.018425
0.745763, 0.018418
0.745763, 0.018410
0.745763, 0.018402
0.745763, 0.018395
0.745763, 0.018387
0.745763, 0.018379
0.745763, 0.018372
0.745763, 0.018364
0.745763, 0.018356
0.745763, 0.018349
0.745763, 0.018341
0.745763, 0.018333
0.745763, 0.018326
0.745763, 0.018318
0.745763, 0.018310
0.745763, 0.018303
0.745763, 0.018295
0.745763, 0.018288
0.745763, 0.018280
0.745763, 0.018272
0.745763, 0.018265
0.745763, 0.018257
0.745763, 0.018250
0.745763, 0.018242
0.745763, 0.018235
0.762712, 0.018641
0.762712, 0.018634
0.762712, 0.018626
0.762712, 0.018618
0.762712, 0.018610
0.762712, 0.018603
0.762712, 0.018595
0.762712, 0.018587
0.762712, 0.018580
0.762712, 0.018572
0.762712, 0.018564
0.762712, 0.018557
0.762712, 0.018549
0.762712, 0.018541
0.762712, 0.018534
0.762712, 0.018526
0.762712, 0.018519
0.762712, 0.018511
0.762712, 0.018503
0.762712, 0.018496
0.762712, 0.018488
0.779661, 0.018891
0.779661, 0.018883
0.779661, 0.018876
0.779661, 0.018868
0.779661, 0.018860
0.779661, 0.018852
0.779661, 0.018845
0.779661, 0.018837
0.779661, 0.018829
0.779661, 0.018822
0.779661, 0.018814
0.779661, 0.018806
0.779661, 0.018799
0.779661, 0.018791
0.779661, 0.018783
0.779661, 0.018776
0.779661, 0.018768
0.779661, 0.018760
0.779661, 0.018753
0.779661, 0.018745
0.779661, 0.018737
0.779661, 0.018730
0.779661, 0.018722
0.779661, 0.018714
0.779661, 0.018707
0.779661, 0.018699
0.779661, 0.018692
0.779661, 0.018684
0.779661, 0.018676
0.779661, 0.018669
0.779661, 0.018661
0.779661, 0.018654
0.779661, 0.018646
0.779661, 0.018639
0.779661, 0.018631
0.779661, 0.018623
0.779661, 0.018616
0.779661, 0.018608
0.779661, 0.018601
0.779661, 0.018593
0.779661, 0.018586
0.779661, 0.018578
0.779661, 0.018571
0.796610, 0.018967
0.796610, 0.018959
0.796610, 0.018952
0.796610, 0.018944
0.796610, 0.018936
0.796610, 0.018929
0.796610, 0.018921
0.796610, 0.018913
0.796610, 0.018906
0.796610, 0.018898
0.796610, 0.018891
0.796610, 0.018883
0.796610, 0.018876
0.796610, 0.018868
0.796610, 0.018860
0.813559, 0.019254
0.813559, 0.019246
0.813559, 0.019238
0.813559, 0.019231
0.813559, 0.019223
0.813559, 0.019215
0.813559, 0.019208
0.813559, 0.019200
0.813559, 0.019192
0.813559, 0.019185
0.813559, 0.019177
0.813559, 0.019169
0.813559, 0.019162
0.813559, 0.019154
0.813559, 0.019146
0.813559, 0.019139
0.813559, 0.019131
0.813559, 0.019124
0.813559, 0.019116
0.813559, 0.019108
0.813559, 0.019101
0.813559, 0.019093
0.813559, 0.019085
0.813559, 0.019078
0.813559, 0.019070
0.813559, 0.019063
0.813559, 0.019055
0.813559, 0.019048
0.813559, 0.019040
0.813559, 0.019033
0.813559, 0.019025
0.813559, 0.019017
0.813559, 0.019010
0.813559, 0.019002
0.813559, 0.018995
0.813559, 0.018987
0.813559, 0.018980
0.813559, 0.018972
0.813559, 0.018965
0.813559, 0.018957
0.813559, 0.018950
0.813559, 0.018942
0.813559, 0.018935
0.813559, 0.018927
0.813559, 0.018920
0.813559, 0.018913
0.813559, 0.018905
0.813559, 0.018898
0.813559, 0.018890
0.813559, 0.018883
0.813559, 0.018875
0.813559, 0.018868
0.813559, 0.018861
0.813559, 0.018853
0.813559, 0.018846
0.830508, 0.019231
0.830508, 0.019223
0.830508, 0.019216
0.830508, 0.019208
0.830508, 0.019201
0.847458, 0.019585
0.847458, 0.019577
0.847458, 0.019569
0.847458, 0.019562
0.847458, 0.019554
0.847458, 0.019547
0.847458, 0.019539
0.847458, 0.019531
0.847458, 0.019524
0.847458, 0.019516
0.847458, 0.019508
0.847458, 0.019501
0.847458, 0.019493
0.847458, 0.019486
0.847458, 0.019478
0.847458, 0.019470
0.847458, 0.019463
0.847458, 0.019455
0.847458, 0.019448
0.847458, 0.019440
0.847458, 0.019433
0.847458, 0.019425
0.847458, 0.019417
0.847458, 0.019410
0.847458, 0.019402
0.847458, 0.019395
0.847458, 0.019387
0.847458, 0.019380
0.847458, 0.019372
0.847458, 0.019365
0.847458, 0.019357
0.847458, 0.019350
0.847458, 0.019342
0.847458, 0.019335
0.847458, 0.019327
0.847458, 0.019320
0.847458, 0.019312
0.847458, 0.019305
0.847458, 0.019298
0.847458, 0.019290
0.847458, 0.019283
0.847458, 0.019275
0.847458, 0.019268
0.847458, 0.019260
0.847458, 0.019253
0.847458, 0.019246
0.847458, 0.019238
0.847458, 0.019231
0.847458, 0.019223
0.847458, 0.019216
0.847458, 0.019209
0.847458, 0.019201
0.847458, 0.019194
0.847458, 0.019186
0.847458, 0.019179
0.847458, 0.019172
0.847458, 0.019164
0.847458, 0.019157
0.847458, 0.019150
0.847458, 0.019142
0.847458, 0.019135
0.847458, 0.019128
0.847458, 0.019120
0.847458, 0.019113
0.847458, 0.019106
0.847458, 0.019099
0.847458, 0.019091
0.847458, 0.019084
0.847458, 0.019077
0.847458, 0.019069
0.847458, 0.019062
0.847458, 0.019055
0.847458, 0.019048
0.847458, 0.019040
0.847458, 0.019033
0.847458, 0.019026
0.847458, 0.019019
0.847458, 0.019011
0.847458, 0.019004
0.847458, 0.018997
0.847458, 0.018990
0.847458, 0.018983
0.847458, 0.018975
0.847458, 0.018968
0.847458, 0.018961
0.847458, 0.018954
0.847458, 0.018947
0.847458, 0.018939
0.847458, 0.018932
0.847458, 0.018925
0.847458, 0.018918
0.847458, 0.018911
0.847458, 0.018904
0.847458, 0.018896
0.847458, 0.018889
0.847458, 0.018882
0.847458, 0.018875
0.847458, 0.018868
0.847458, 0.018861
0.847458, 0.018854
0.847458, 0.018847
0.847458, 0.018839
0.847458, 0.018832
0.847458, 0.018825
0.847458, 0.018818
0.847458, 0.018811
0.847458, 0.018804
0.847458, 0.018797
0.847458, 0.018790
0.864407, 0.019159
0.864407, 0.019151
0.864407, 0.019144
0.864407, 0.019137
0.864407, 0.019130
0.864407, 0.019123
0.864407, 0.019115
0.864407, 0.019108
0.864407, 0.019101
0.864407, 0.019094
0.864407, 0.019087
0.864407, 0.019080
0.864407, 0.019073
0.864407, 0.019065
0.864407, 0.019058
0.864407, 0.019051
0.864407, 0.019044
0.864407, 0.019037
0.864407, 0.019030
0.864407, 0.019023
0.864407, 0.019016
0.864407, 0.019009
0.864407, 0.019001
0.864407, 0.018994
0.864407, 0.018987
0.864407, 0.018980
0.864407, 0.018973
0.864407, 0.018966
0.864407, 0.018959
0.864407, 0.018952
0.864407, 0.018945
0.881356, 0.019309
0.881356, 0.019302
0.881356, 0.019295
0.881356, 0.019288
0.898305, 0.019651
0.898305, 0.019644
0.898305, 0.019637
0.898305, 0.019630
0.898305, 0.019622
0.898305, 0.019615
0.898305, 0.019608
0.915254, 0.019970
0.915254, 0.019963
0.915254, 0.019956
0.915254, 0.019948
0.915254, 0.019941
0.932203, 0.020303
0.932203, 0.020295
0.932203, 0.020288
0.932203, 0.020280
0.932203, 0.020273
0.932203, 0.020265
0.932203, 0.020258
0.949153, 0.020619
0.949153, 0.020611
0.949153, 0.020603
0.949153, 0.020596
0.949153, 0.020588
0.949153, 0.020581
0.949153, 0.020573
0.949153, 0.020566
0.949153, 0.020558
0.949153, 0.020550
0.949153, 0.020543
0.949153, 0.020535
0.949153, 0.020528
0.949153, 0.020520
0.949153, 0.020513
0.949153, 0.020505
0.949153, 0.020498
0.949153, 0.020490
0.949153, 0.020483
0.949153, 0.020475
0.949153, 0.020468
0.949153, 0.020460
0.949153, 0.020453
0.949153, 0.020445
0.949153, 0.020438
0.949153, 0.020430
0.949153, 0.020423
0.949153, 0.020416
0.949153, 0.020408
0.949153, 0.020401
0.949153, 0.020393
0.949153, 0.020386
0.949153, 0.020378
0.949153, 0.020371
0.949153, 0.020364
0.949153, 0.020356
0.966102, 0.020712
0.966102, 0.020705
0.966102, 0.020697
0.966102, 0.020690
0.966102, 0.020682
0.966102, 0.020675
0.966102, 0.020667
0.966102, 0.020660
0.966102, 0.020652
0.966102, 0.020645
0.966102, 0.020637
0.966102, 0.020630
0.966102, 0.020622
0.966102, 0.020615
0.966102, 0.020607
0.966102, 0.020600
0.966102, 0.020592
0.966102, 0.020585
0.966102, 0.020578
0.966102, 0.020570
0.966102, 0.020563
0.966102, 0.020555
0.966102, 0.020548
0.966102, 0.020541
0.966102, 0.020533
0.966102, 0.020526
0.966102, 0.020518
0.966102, 0.020511
0.966102, 0.020504
0.966102, 0.020496
0.966102, 0.020489
0.966102, 0.020481
0.966102, 0.020474
0.966102, 0.020467
0.966102, 0.020459
0.966102, 0.020452
0.966102, 0.020445
0.966102, 0.020437
0.966102, 0.020430
0.966102, 0.020423
0.966102, 0.020415
0.966102, 0.020408
0.966102, 0.020401
0.966102, 0.020394
0.966102, 0.020386
0.966102, 0.020379
0.966102, 0.020372
0.966102, 0.020364
0.966102, 0.020357
0.966102, 0.020350
0.966102, 0.020343
0.966102, 0.020335
0.966102, 0.020328
0.966102, 0.020321
0.966102, 0.020314
0.966102, 0.020306
0.966102, 0.020299
0.966102, 0.020292
0.966102, 0.020285
0.966102, 0.020277
0.966102, 0.020270
0.966102, 0.020263
0.966102, 0.020256
0.966102, 0.020249
0.966102, 0.020241
0.966102, 0.020234
0.966102, 0.020227
0.966102, 0.020220
0.966102, 0.020213
0.966102, 0.020206
0.966102, 0.020198
0.966102, 0.020191
0.966102, 0.020184
0.966102, 0.020177
0.966102, 0.020170
0.966102, 0.020163
0.966102, 0.020156
0.966102, 0.020148
0.966102, 0.020141
0.966102, 0.020134
0.966102, 0.020127
0.966102, 0.020120
0.966102, 0.020113
0.966102, 0.020106
0.966102, 0.020099
0.966102, 0.020092
0.966102, 0.020085
0.966102, 0.020077
0.966102, 0.020070
0.966102, 0.020063
0.966102, 0.020056
0.966102, 0.020049
0.966102, 0.020042
0.966102, 0.020035
0.966102, 0.020028
0.966102, 0.020021
0.966102, 0.020014
0.966102, 0.020007
0.966102, 0.020000
0.966102, 0.019993
0.966102, 0.019986
0.966102, 0.019979
0.966102, 0.019972
0.966102, 0.019965
0.966102, 0.019958
0.966102, 0.019951
0.966102, 0.019944
0.966102, 0.019937
0.966102, 0.019930
0.966102, 0.019923
0.966102, 0.019916
0.966102, 0.019909
0.966102, 0.019902
0.966102, 0.019895
0.966102, 0.019888
0.966102, 0.019881
0.966102, 0.019874
0.966102, 0.019868
0.966102, 0.019861
0.966102, 0.019854
0.966102, 0.019847
0.966102, 0.019840
0.966102, 0.019833
0.966102, 0.019826
0.966102, 0.019819
0.966102, 0.019812
0.966102, 0.019805
0.966102, 0.019799
0.966102, 0.019792
0.966102, 0.019785
0.966102, 0.019778
0.966102, 0.019771
0.966102, 0.019764
0.966102, 0.019757
0.966102, 0.019751
0.966102, 0.019744
0.966102, 0.019737
0.966102, 0.019730
0.966102, 0.019723
0.966102, 0.019716
0.966102, 0.019710
0.966102, 0.019703
0.966102, 0.019696
0.966102, 0.019689
0.966102, 0.019682
0.966102, 0.019676
0.966102, 0.019669
0.966102, 0.019662
0.966102, 0.019655
0.966102, 0.019648
0.966102, 0.019642
0.966102, 0.019635
0.966102, 0.019628
0.966102, 0.019621
0.966102, 0.019615
0.966102, 0.019608
0.983051, 0.019945
0.983051, 0.019938
0.983051, 0.019931
0.983051, 0.019924
0.983051, 0.019918
0.983051, 0.019911
0.983051, 0.019904
0.983051, 0.019897
0.983051, 0.019890
0.983051, 0.019883
0.983051, 0.019877
0.983051, 0.019870
0.983051, 0.019863
0.983051, 0.019856
0.983051, 0.019849
0.983051, 0.019843
0.983051, 0.019836
0.983051, 0.019829
0.983051, 0.019822
0.983051, 0.019816
0.983051, 0.019809
0.983051, 0.019802
0.983051, 0.019795
0.983051, 0.019788
0.983051, 0.019782
0.983051, 0.019775
0.983051, 0.019768
0.983051, 0.019761
0.983051, 0.019755
0.983051, 0.019748
0.983051, 0.019741
0.983051, 0.019735
0.983051, 0.019728
0.983051, 0.019721
0.983051, 0.019714
0.983051, 0.019708
0.983051, 0.019701
0.983051, 0.019694
0.983051, 0.019688
0.983051, 0.019681
0.983051, 0.019674
0.983051, 0.019668
0.983051, 0.019661
0.983051, 0.019654
0.983051, 0.019648
0.983051, 0.019641
0.983051, 0.019634
0.983051, 0.019628
0.983051, 0.019621
0.983051, 0.019614
0.983051, 0.019608
0.983051, 0.019601
0.983051, 0.019595
0.983051, 0.019588
0.983051, 0.019581
0.983051, 0.019575
0.983051, 0.019568
0.983051, 0.019562
0.983051, 0.019555
0.983051, 0.019548
0.983051, 0.019542
0.983051, 0.019535
0.983051, 0.019529
0.983051, 0.019522
0.983051, 0.019515
0.983051, 0.019509
0.983051, 0.019502
0.983051, 0.019496
0.983051, 0.019489
0.983051, 0.019483
0.983051, 0.019476
0.983051, 0.019470
0.983051, 0.019463
0.983051, 0.019457
0.983051, 0.019450
0.983051, 0.019444
0.983051, 0.019437
0.983051, 0.019430
0.983051, 0.019424
0.983051, 0.019417
0.983051, 0.019411
0.983051, 0.019404
0.983051, 0.019398
0.983051, 0.019392
0.983051, 0.019385
0.983051, 0.019379
0.983051, 0.019372
0.983051, 0.019366
0.983051, 0.019359
0.983051, 0.019353
0.983051, 0.019346
0.983051, 0.019340
0.983051, 0.019333
0.983051, 0.019327
0.983051, 0.019320
0.983051, 0.019314
0.983051, 0.019308
0.983051, 0.019301
0.983051, 0.019295
0.983051, 0.019288
0.983051, 0.019282
0.983051, 0.019276
0.983051, 0.019269
0.983051, 0.019263
0.983051, 0.019256
0.983051, 0.019250
0.983051, 0.019244
0.983051, 0.019237
0.983051, 0.019231
0.983051, 0.019224
0.983051, 0.019218
0.983051, 0.019212
0.983051, 0.019205
0.983051, 0.019199
0.983051, 0.019193
0.983051, 0.019186
0.983051, 0.019180
0.983051, 0.019174
0.983051, 0.019167
0.983051, 0.019161
0.983051, 0.019155
0.983051, 0.019148
0.983051, 0.019142
0.983051, 0.019136
0.983051, 0.019129
0.983051, 0.019123
0.983051, 0.019117
0.983051, 0.019110
0.983051, 0.019104
0.983051, 0.019098
0.983051, 0.019092
0.983051, 0.019085
0.983051, 0.019079
0.983051, 0.019073
0.983051, 0.019066
1.000000, 0.019389
