ROC-AUC score 0.678993
0.000000, 0.016949
0.000000, 0.033898
0.000000, 0.050847
0.000000, 0.067797
0.000000, 0.084746
0.000000, 0.101695
0.000000, 0.118644
0.000000, 0.135593
0.000000, 0.152542
0.000000, 0.169492
0.000000, 0.186441
0.000000, 0.203390
0.000000, 0.220339
0.000000, 0.237288
0.000000, 0.254237
0.000326, 0.254237
0.000651, 0.254237
0.000977, 0.254237
0.001303, 0.254237
0.001628, 0.254237
0.001954, 0.254237
0.002279, 0.254237
0.002605, 0.254237
0.002931, 0.254237
0.003256, 0.254237
0.003582, 0.254237
0.003908, 0.254237
0.004233, 0.254237
0.004559, 0.254237
0.004884, 0.254237
0.005210, 0.254237
0.005536, 0.254237
0.005861, 0.254237
0.006187, 0.254237
0.006513, 0.254237
0.006513, 0.271186
0.006838, 0.271186
0.007164, 0.271186
0.007489, 0.271186
0.007815, 0.271186
0.008141, 0.271186
0.008141, 0.288136
0.008141, 0.305085
0.008466, 0.305085
0.008792, 0.305085
0.008792, 0.322034
0.009118, 0.322034
0.009443, 0.322034
0.009769, 0.322034
0.010094, 0.322034
0.010420, 0.322034
0.010746, 0.322034
0.011071, 0.322034
0.011397, 0.322034
0.011397, 0.338983
0.011723, 0.338983
0.012048, 0.338983
0.012374, 0.338983
0.012699, 0.338983
0.013025, 0.338983
0.013351, 0.338983
0.013676, 0.338983
0.014002, 0.338983
0.014328, 0.338983
0.014653, 0.338983
0.014979, 0.338983
0.015304, 0.338983
0.015304, 0.355932
0.015630, 0.355932
0.015956, 0.355932
0.016281, 0.355932
0.016281, 0.372881
0.016607, 0.372881
0.016933, 0.372881
0.017258, 0.372881
0.017584, 0.372881
0.017909, 0.372881
0.018235, 0.372881
0.018561, 0.372881
0.018561, 0.389831
0.018886, 0.389831
0.019212, 0.389831
0.019538, 0.389831
0.019863, 0.389831
0.020189, 0.389831
0.020514, 0.389831
0.020514, 0.406780
0.020840, 0.406780
0.021166, 0.406780
0.021491, 0.406780
0.021817, 0.406780
0.022143, 0.406780
0.022468, 0.406780
0.022468, 0.423729
0.022794, 0.423729
0.023120, 0.423729
0.023445, 0.423729
0.023771, 0.423729
0.024096, 0.423729
0.024422, 0.423729
0.024748, 0.423729
0.025073, 0.423729
0.025399, 0.423729
0.025725, 0.423729
0.026050, 0.423729
0.026376, 0.423729
0.026701, 0.423729
0.027027, 0.423729
0.027353, 0.423729
0.027678, 0.423729
0.028004, 0.423729
0.028330, 0.423729
0.028655, 0.423729
0.028981, 0.423729
0.029306, 0.423729
0.029632, 0.423729
0.029958, 0.423729
0.030283, 0.423729
0.030609, 0.423729
0.030935, 0.423729
0.031260, 0.423729
0.031586, 0.423729
0.031911, 0.423729
0.032237, 0.423729
0.032563, 0.423729
0.032888, 0.423729
0.032888, 0.440678
0.033214, 0.440678
0.033214, 0.457627
0.033540, 0.457627
0.033865, 0.457627
0.034191, 0.457627
0.034516, 0.457627
0.034842, 0.457627
0.035168, 0.457627
0.035493, 0.457627
0.035819, 0.457627
0.036145, 0.457627
0.036470, 0.457627
0.036796, 0.457627
0.037121, 0.457627
0.037447, 0.457627
0.037773, 0.457627
0.038098, 0.457627
0.038424, 0.457627
0.038750, 0.457627
0.039075, 0.457627
0.039401, 0.457627
0.039726, 0.457627
0.040052, 0.457627
0.040378, 0.457627
0.040703, 0.457627
0.041029, 0.457627
0.041355, 0.457627
0.041680, 0.457627
0.042006, 0.457627
0.042331, 0.457627
0.042657, 0.457627
0.042657, 0.474576
0.042983, 0.474576
0.043308, 0.474576
0.043634, 0.474576
0.043960, 0.474576
0.044285, 0.474576
0.044611, 0.474576
0.044937, 0.474576
0.045262, 0.474576
0.045588, 0.474576
0.045913, 0.474576
0.046239, 0.474576
0.046565, 0.474576
0.046890, 0.474576
0.047216, 0.474576
0.047542, 0.474576
0.047867, 0.474576
0.048193, 0.474576
0.048518, 0.474576
0.048844, 0.474576
0.049170, 0.474576
0.049495, 0.474576
0.049821, 0.474576
0.050147, 0.474576
0.050472, 0.474576
0.050798, 0.474576
0.051123, 0.474576
0.051449, 0.474576
0.051775, 0.474576
0.052100, 0.474576
0.052426, 0.474576
0.052752, 0.474576
0.053077, 0.474576
0.053403, 0.474576
0.053728, 0.474576
0.054054, 0.474576
0.054380, 0.474576
0.054705, 0.474576
0.054705, 0.491525
0.055031, 0.491525
0.055357, 0.491525
0.055682, 0.491525
0.056008, 0.491525
0.056333, 0.491525
0.056659, 0.491525
0.056985, 0.491525
0.057310, 0.491525
0.057636, 0.491525
0.057962, 0.491525
0.058287, 0.491525
0.058613, 0.491525
0.058938, 0.491525
0.059264, 0.491525
0.059590, 0.491525
0.059915, 0.491525
0.060241, 0.491525
0.060567, 0.491525
0.060892, 0.491525
0.061218, 0.491525
0.061543, 0.491525
0.061869, 0.491525
0.062195, 0.491525
0.062520, 0.491525
0.062846, 0.491525
0.063172, 0.491525
0.063497, 0.491525
0.063823, 0.491525
0.063823, 0.508475
0.064148, 0.508475
0.064474, 0.508475
0.064800, 0.508475
0.065125, 0.508475
0.065451, 0.508475
0.065777, 0.508475
0.066102, 0.508475
0.066428, 0.508475
0.066754, 0.508475
0.067079, 0.508475
0.067405, 0.508475
0.067730, 0.508475
0.068056, 0.508475
0.068382, 0.508475
0.068707, 0.508475
0.069033, 0.508475
0.069359, 0.508475
0.069684, 0.508475
0.070010, 0.508475
0.070335, 0.508475
0.070661, 0.508475
0.070987, 0.508475
0.071312, 0.508475
0.071638, 0.508475
0.071964, 0.508475
0.072289, 0.508475
0.072615, 0.508475
0.072940, 0.508475
0.073266, 0.508475
0.073592, 0.508475
0.073917, 0.508475
0.074243, 0.508475
0.074569, 0.508475
0.074894, 0.508475
0.075220, 0.508475
0.075545, 0.508475
0.075871, 0.508475
0.076197, 0.508475
0.076522, 0.508475
0.076848, 0.508475
0.077174, 0.508475
0.077499, 0.508475
0.077825, 0.508475
0.078150, 0.508475
0.078476, 0.508475
0.078802, 0.508475
0.079127, 0.508475
0.079453, 0.508475
0.079779, 0.508475
0.080104, 0.508475
0.080430, 0.508475
0.080755, 0.508475
0.081081, 0.508475
0.081407, 0.508475
0.081732, 0.508475
0.082058, 0.508475
0.082384, 0.508475
0.082709, 0.508475
0.083035, 0.508475
0.083360, 0.508475
0.083686, 0.508475
0.084012, 0.508475
0.084337, 0.508475
0.084337, 0.525424
0.084663, 0.525424
0.084989, 0.525424
0.085314, 0.525424
0.085640, 0.525424
0.085965, 0.525424
0.086291, 0.525424
0.086617, 0.525424
0.086942, 0.525424
0.087268, 0.525424
0.087594, 0.525424
0.087919, 0.525424
0.088245, 0.525424
0.088570, 0.525424
0.088896, 0.525424
0.089222, 0.525424
0.089547, 0.525424
0.089873, 0.525424
0.090199, 0.525424
0.090524, 0.525424
0.090850, 0.525424
0.091176, 0.525424
0.091501, 0.525424
0.091827, 0.525424
0.092152, 0.525424
0.092478, 0.525424
0.092804, 0.525424
0.093129, 0.525424
0.093455, 0.525424
0.093781, 0.525424
0.094106, 0.525424
0.094432, 0.525424
0.094757, 0.525424
0.095083, 0.525424
0.095409, 0.525424
0.095734, 0.525424
0.096060, 0.525424
0.096386, 0.525424
0.096711, 0.525424
0.097037, 0.525424
0.097362, 0.525424
0.097688, 0.525424
0.098014, 0.525424
0.098339, 0.525424
0.098665, 0.525424
0.098991, 0.525424
0.099316, 0.525424
0.099642, 0.525424
0.099967, 0.525424
0.100293, 0.525424
0.100619, 0.525424
0.100944, 0.525424
0.101270, 0.525424
0.101596, 0.525424
0.101921, 0.525424
0.102247, 0.525424
0.102572, 0.525424
0.102898, 0.525424
0.103224, 0.525424
0.103549, 0.525424
0.103875, 0.525424
0.104201, 0.525424
0.104526, 0.525424
0.104852, 0.525424
0.105177, 0.525424
0.105503, 0.525424
0.105829, 0.525424
0.106154, 0.525424
0.106480, 0.525424
0.106806, 0.525424
0.107131, 0.525424
0.107457, 0.525424
0.107782, 0.525424
0.108108, 0.525424
0.108434, 0.525424
0.108759, 0.525424
0.109085, 0.525424
0.109411, 0.525424
0.109736, 0.525424
0.110062, 0.525424
0.110387, 0.525424
0.110713, 0.525424
0.111039, 0.525424
0.111364, 0.525424
0.111690, 0.525424
0.112016, 0.525424
0.112341, 0.525424
0.112667, 0.525424
0.112993, 0.525424
0.113318, 0.525424
0.113644, 0.525424
0.113969, 0.525424
0.114295, 0.525424
0.114621, 0.525424
0.114946, 0.525424
0.115272, 0.525424
0.115598, 0.525424
0.115923, 0.525424
0.116249, 0.525424
0.116574, 0.525424
0.116900, 0.525424
0.117226, 0.525424
0.117551, 0.525424
0.117877, 0.525424
0.118203, 0.525424
0.118528, 0.525424
0.118854, 0.525424
0.119179, 0.525424
0.119505, 0.525424
0.119831, 0.525424
0.120156, 0.525424
0.120482, 0.525424
0.120808, 0.525424
0.121133, 0.525424
0.121459, 0.525424
0.121784, 0.525424
0.122110, 0.525424
0.122436, 0.525424
0.122761, 0.525424
0.123087, 0.525424
0.123413, 0.525424
0.123738, 0.525424
0.124064, 0.525424
0.124389, 0.525424
0.124715, 0.525424
0.125041, 0.525424
0.125366, 0.525424
0.125692, 0.525424
0.126018, 0.525424
0.126343, 0.525424
0.126669, 0.525424
0.126994, 0.525424
0.127320, 0.525424
0.127646, 0.525424
0.127971, 0.525424
0.128297, 0.525424
0.128623, 0.525424
0.128948, 0.525424
0.129274, 0.525424
0.129599, 0.525424
0.129925, 0.525424
0.130251, 0.525424
0.130576, 0.525424
0.130902, 0.525424
0.131228, 0.525424
0.131553, 0.525424
0.131879, 0.525424
0.132204, 0.525424
0.132530, 0.525424
0.132856, 0.525424
0.133181, 0.525424
0.133507, 0.525424
0.133833, 0.525424
0.134158, 0.525424
0.134484, 0.525424
0.134810, 0.525424
0.135135, 0.525424
0.135461, 0.525424
0.135786, 0.525424
0.136112, 0.525424
0.136438, 0.525424
0.136763, 0.525424
0.137089, 0.525424
0.137415, 0.525424
0.137740, 0.525424
0.138066, 0.525424
0.138391, 0.525424
0.138717, 0.525424
0.139043, 0.525424
0.139368, 0.525424
0.139694, 0.525424
0.140020, 0.525424
0.140345, 0.525424
0.140671, 0.525424
0.140996, 0.525424
0.141322, 0.525424
0.141648, 0.525424
0.141973, 0.525424
0.142299, 0.525424
0.142625, 0.525424
0.142950, 0.525424
0.143276, 0.525424
0.143601, 0.525424
0.143927, 0.525424
0.144253, 0.525424
0.144578, 0.525424
0.144904, 0.525424
0.145230, 0.525424
0.145555, 0.525424
0.145881, 0.525424
0.146206, 0.525424
0.146532, 0.525424
0.146858, 0.525424
0.147183, 0.525424
0.147509, 0.525424
0.147835, 0.525424
0.148160, 0.525424
0.148486, 0.525424
0.148811, 0.525424
0.149137, 0.525424
0.149463, 0.525424
0.149788, 0.525424
0.150114, 0.525424
0.150440, 0.525424
0.150765, 0.525424
0.151091, 0.525424
0.151416, 0.525424
0.151742, 0.525424
0.152068, 0.525424
0.152393, 0.525424
0.152719, 0.525424
0.153045, 0.525424
0.153370, 0.525424
0.153696, 0.525424
0.154021, 0.525424
0.154347, 0.525424
0.154673, 0.525424
0.154998, 0.525424
0.155324, 0.525424
0.155650, 0.525424
0.155975, 0.525424
0.156301, 0.525424
0.156627, 0.525424
0.156952, 0.525424
0.157278, 0.525424
0.157603, 0.525424
0.157929, 0.525424
0.158255, 0.525424
0.158580, 0.525424
0.158906, 0.525424
0.159232, 0.525424
0.159557, 0.525424
0.159883, 0.525424
0.160208, 0.525424
0.160534, 0.525424
0.160860, 0.525424
0.161185, 0.525424
0.161511, 0.525424
0.161837, 0.525424
0.162162, 0.525424
0.162488, 0.525424
0.162813, 0.525424
0.163139, 0.525424
0.163465, 0.525424
0.163790, 0.525424
0.164116, 0.525424
0.164442, 0.525424
0.164767, 0.525424
0.165093, 0.525424
0.165418, 0.525424
0.165744, 0.525424
0.166070, 0.525424
0.166395, 0.525424
0.166721, 0.525424
0.167047, 0.525424
0.167372, 0.525424
0.167372, 0.542373
0.167698, 0.542373
0.168023, 0.542373
0.168349, 0.542373
0.168675, 0.542373
0.169000, 0.542373
0.169326, 0.542373
0.169652, 0.542373
0.169977, 0.542373
0.170303, 0.542373
0.170628, 0.542373
0.170954, 0.542373
0.171280, 0.542373
0.171605, 0.542373
0.171931, 0.542373
0.172257, 0.542373
0.172582, 0.542373
0.172908, 0.542373
0.173233, 0.542373
0.173559, 0.542373
0.173885, 0.542373
0.174210, 0.542373
0.174536, 0.542373
0.174862, 0.542373
0.175187, 0.542373
0.175187, 0.559322
0.175513, 0.559322
0.175838, 0.559322
0.176164, 0.559322
0.176490, 0.559322
0.176815, 0.559322
0.177141, 0.559322
0.177467, 0.559322
0.177792, 0.559322
0.178118, 0.559322
0.178444, 0.559322
0.178769, 0.559322
0.179095, 0.559322
0.179420, 0.559322
0.179746, 0.559322
0.180072, 0.559322
0.180397, 0.559322
0.180723, 0.559322
0.181049, 0.559322
0.181374, 0.559322
0.181700, 0.559322
0.182025, 0.559322
0.182351, 0.559322
0.182677, 0.559322
0.183002, 0.559322
0.183328, 0.559322
0.183654, 0.559322
0.183979, 0.559322
0.184305, 0.559322
0.184630, 0.559322
0.184956, 0.559322
0.185282, 0.559322
0.185607, 0.559322
0.185933, 0.559322
0.186259, 0.559322
0.186584, 0.559322
0.186910, 0.559322
0.187235, 0.559322
0.187561, 0.559322
0.187887, 0.559322
0.188212, 0.559322
0.188538, 0.559322
0.188864, 0.559322
0.189189, 0.559322
0.189515, 0.559322
0.189840, 0.559322
0.190166, 0.559322
0.190492, 0.559322
0.190817, 0.559322
0.191143, 0.559322
0.191469, 0.559322
0.191794, 0.559322
0.192120, 0.559322
0.192445, 0.559322
0.192771, 0.559322
0.193097, 0.559322
0.193422, 0.559322
0.193748, 0.559322
0.194074, 0.559322
0.194399, 0.559322
0.194725, 0.559322
0.195050, 0.559322
0.195376, 0.559322
0.195702, 0.559322
0.196027, 0.559322
0.196353, 0.559322
0.196679, 0.559322
0.197004, 0.559322
0.197330, 0.559322
0.197655, 0.559322
0.197981, 0.559322
0.198307, 0.559322
0.198632, 0.559322
0.198958, 0.559322
0.199284, 0.559322
0.199609, 0.559322
0.199935, 0.559322
0.200261, 0.559322
0.200586, 0.559322
0.200912, 0.559322
0.201237, 0.559322
0.201563, 0.559322
0.201889, 0.559322
0.202214, 0.559322
0.202540, 0.559322
0.202866, 0.559322
0.203191, 0.559322
0.203517, 0.559322
0.203842, 0.559322
0.204168, 0.559322
0.204494, 0.559322
0.204819, 0.559322
0.205145, 0.559322
0.205471, 0.559322
0.205796, 0.559322
0.206122, 0.559322
0.206447, 0.559322
0.206773, 0.559322
0.207099, 0.559322
0.207424, 0.559322
0.207750, 0.559322
0.208076, 0.559322
0.208401, 0.559322
0.208727, 0.559322
0.209052, 0.559322
0.209378, 0.559322
0.209704, 0.559322
0.210029, 0.559322
0.210355, 0.559322
0.210681, 0.559322
0.211006, 0.559322
0.211332, 0.559322
0.211657, 0.559322
0.211983, 0.559322
0.212309, 0.559322
0.212634, 0.559322
0.212960, 0.559322
0.213286, 0.559322
0.213611, 0.559322
0.213937, 0.559322
0.214262, 0.559322
0.214588, 0.559322
0.214914, 0.559322
0.215239, 0.559322
0.215565, 0.559322
0.215891, 0.559322
0.216216, 0.559322
0.216542, 0.559322
0.216867, 0.559322
0.217193, 0.559322
0.217519, 0.559322
0.217844, 0.559322
0.218170, 0.559322
0.218496, 0.559322
0.218821, 0.559322
0.219147, 0.559322
0.219472, 0.559322
0.219798, 0.559322
0.220124, 0.559322
0.220124, 0.576271
0.220449, 0.576271
0.220775, 0.576271
0.220775, 0.593220
0.221101, 0.593220
0.221426, 0.593220
0.221752, 0.593220
0.222077, 0.593220
0.222403, 0.593220
0.222729, 0.593220
0.223054, 0.593220
0.223380, 0.593220
0.223706, 0.593220
0.224031, 0.593220
0.224357, 0.593220
0.224683, 0.593220
0.225008, 0.593220
0.225334, 0.593220
0.225659, 0.593220
0.225985, 0.593220
0.226311, 0.593220
0.226636, 0.593220
0.226962, 0.593220
0.227288, 0.593220
0.227613, 0.593220
0.227939, 0.593220
0.228264, 0.593220
0.228590, 0.593220
0.228916, 0.593220
0.229241, 0.593220
0.229567, 0.593220
0.229893, 0.593220
0.230218, 0.593220
0.230544, 0.593220
0.230869, 0.593220
0.231195, 0.593220
0.231521, 0.593220
0.231846, 0.593220
0.232172, 0.593220
0.232498, 0.593220
0.232823, 0.593220
0.233149, 0.593220
0.233474, 0.593220
0.233800, 0.593220
0.234126, 0.593220
0.234451, 0.593220
0.234777, 0.593220
0.235103, 0.593220
0.235428, 0.593220
0.235754, 0.593220
0.236079, 0.593220
0.236405, 0.593220
0.236731, 0.593220
0.237056, 0.593220
0.237382, 0.593220
0.237708, 0.593220
0.238033, 0.593220
0.238359, 0.593220
0.238684, 0.593220
0.239010, 0.593220
0.239336, 0.593220
0.239661, 0.593220
0.239987, 0.593220
0.240313, 0.593220
0.240638, 0.593220
0.240964, 0.593220
0.241289, 0.593220
0.241615, 0.593220
0.241941, 0.593220
0.242266, 0.593220
0.242592, 0.593220
0.242918, 0.593220
0.243243, 0.593220
0.243569, 0.593220
0.243894, 0.593220
0.244220, 0.593220
0.244546, 0.593220
0.244871, 0.593220
0.245197, 0.593220
0.245523, 0.593220
0.245848, 0.593220
0.246174, 0.593220
0.246500, 0.593220
0.246825, 0.593220
0.247151, 0.593220
0.247476, 0.593220
0.247802, 0.593220
0.248128, 0.593220
0.248453, 0.593220
0.248779, 0.593220
0.249105, 0.593220
0.249105, 0.610169
0.249430, 0.610169
0.249756, 0.610169
0.250081, 0.610169
0.250407, 0.610169
0.250733, 0.610169
0.251058, 0.610169
0.251384, 0.610169
0.251710, 0.610169
0.252035, 0.610169
0.252361, 0.610169
0.252686, 0.610169
0.253012, 0.610169
0.253338, 0.610169
0.253663, 0.610169
0.253989, 0.610169
0.254315, 0.610169
0.254640, 0.610169
0.254966, 0.610169
0.255291, 0.610169
0.255617, 0.610169
0.255943, 0.610169
0.256268, 0.610169
0.256594, 0.610169
0.256920, 0.610169
0.257245, 0.610169
0.257571, 0.610169
0.257896, 0.610169
0.258222, 0.610169
0.258548, 0.610169
0.258873, 0.610169
0.259199, 0.610169
0.259525, 0.610169
0.259850, 0.610169
0.260176, 0.610169
0.260501, 0.610169
0.260827, 0.610169
0.261153, 0.610169
0.261478, 0.610169
0.261804, 0.610169
0.262130, 0.610169
0.262455, 0.610169
0.262781, 0.610169
0.263106, 0.610169
0.263432, 0.610169
0.263758, 0.610169
0.264083, 0.610169
0.264409, 0.610169
0.264735, 0.610169
0.265060, 0.610169
0.265386, 0.610169
0.265711, 0.610169
0.266037, 0.610169
0.266363, 0.610169
0.266688, 0.610169
0.267014, 0.610169
0.267340, 0.610169
0.267665, 0.610169
0.267991, 0.610169
0.268317, 0.610169
0.268642, 0.610169
0.268968, 0.610169
0.269293, 0.610169
0.269619, 0.610169
0.269945, 0.610169
0.270270, 0.610169
0.270596, 0.610169
0.270922, 0.610169
0.271247, 0.610169
0.271573, 0.610169
0.271898, 0.610169
0.272224, 0.610169
0.272550, 0.610169
0.272875, 0.610169
0.273201, 0.610169
0.273527, 0.610169
0.273852, 0.610169
0.274178, 0.610169
0.274503, 0.610169
0.274829, 0.610169
0.275155, 0.610169
0.275480, 0.610169
0.275806, 0.610169
0.276132, 0.610169
0.276457, 0.610169
0.276783, 0.610169
0.277108, 0.610169
0.277434, 0.610169
0.277760, 0.610169
0.278085, 0.610169
0.278411, 0.610169
0.278737, 0.610169
0.279062, 0.610169
0.279388, 0.610169
0.279713, 0.610169
0.280039, 0.610169
0.280365, 0.610169
0.280690, 0.610169
0.281016, 0.610169
0.281342, 0.610169
0.281667, 0.610169
0.281993, 0.610169
0.282318, 0.610169
0.282644, 0.610169
0.282970, 0.610169
0.283295, 0.610169
0.283621, 0.610169
0.283947, 0.610169
0.284272, 0.610169
0.284598, 0.610169
0.284923, 0.610169
0.285249, 0.610169
0.285575, 0.610169
0.285900, 0.610169
0.286226, 0.610169
0.286552, 0.610169
0.286877, 0.610169
0.287203, 0.610169
0.287528, 0.610169
0.287854, 0.610169
0.288180, 0.610169
0.288505, 0.610169
0.288831, 0.610169
0.289157, 0.610169
0.289482, 0.610169
0.289808, 0.610169
0.290134, 0.610169
0.290459, 0.610169
0.290785, 0.610169
0.291110, 0.610169
0.291436, 0.610169
0.291762, 0.610169
0.292087, 0.610169
0.292413, 0.610169
0.292739, 0.610169
0.293064, 0.610169
0.293390, 0.610169
0.293715, 0.610169
0.294041, 0.610169
0.294367, 0.610169
0.294692, 0.610169
0.295018, 0.610169
0.295344, 0.610169
0.295669, 0.610169
0.295995, 0.610169
0.296320, 0.610169
0.296646, 0.610169
0.296972, 0.610169
0.297297, 0.610169
0.297623, 0.610169
0.297949, 0.610169
0.298274, 0.610169
0.298600, 0.610169
0.298925, 0.610169
0.299251, 0.610169
0.299577, 0.610169
0.299902, 0.610169
0.300228, 0.610169
0.300554, 0.610169
0.300879, 0.610169
0.301205, 0.610169
0.301530, 0.610169
0.301856, 0.610169
0.302182, 0.610169
0.302507, 0.610169
0.302833, 0.610169
0.303159, 0.610169
0.303484, 0.610169
0.303810, 0.610169
0.304135, 0.610169
0.304461, 0.610169
0.304787, 0.610169
0.305112, 0.610169
0.305438, 0.610169
0.305764, 0.610169
0.306089, 0.610169
0.306415, 0.610169
0.306740, 0.610169
0.307066, 0.610169
0.307392, 0.610169
0.307717, 0.610169
0.308043, 0.610169
0.308369, 0.610169
0.308694, 0.610169
0.309020, 0.610169
0.309345, 0.610169
0.309671, 0.610169
0.309997, 0.610169
0.310322, 0.610169
0.310648, 0.610169
0.310974, 0.610169
0.311299, 0.610169
0.311625, 0.610169
0.311951, 0.610169
0.312276, 0.610169
0.312602, 0.610169
0.312927, 0.610169
0.313253, 0.610169
0.313579, 0.610169
0.313904, 0.610169
0.314230, 0.610169
0.314556, 0.610169
0.314881, 0.610169
0.315207, 0.610169
0.315532, 0.610169
0.315858, 0.610169
0.316184, 0.610169
0.316509, 0.610169
0.316835, 0.610169
0.317161, 0.610169
0.317486, 0.610169
0.317812, 0.610169
0.318137, 0.610169
0.318463, 0.610169
0.318789, 0.610169
0.319114, 0.610169
0.319440, 0.610169
0.319766, 0.610169
0.320091, 0.610169
0.320417, 0.610169
0.320742, 0.610169
0.321068, 0.610169
0.321394, 0.610169
0.321719, 0.610169
0.322045, 0.610169
0.322371, 0.610169
0.322696, 0.610169
0.323022, 0.610169
0.323347, 0.610169
0.323673, 0.610169
0.323999, 0.610169
0.324324, 0.610169
0.324650, 0.610169
0.324976, 0.610169
0.325301, 0.610169
0.325627, 0.610169
0.325952, 0.610169
0.326278, 0.610169
0.326604, 0.610169
0.326929, 0.610169
0.327255, 0.610169
0.327581, 0.610169
0.327906, 0.610169
0.328232, 0.610169
0.328557, 0.610169
0.328883, 0.610169
0.329209, 0.610169
0.329534, 0.610169
0.329860, 0.610169
0.330186, 0.610169
0.330511, 0.610169
0.330837, 0.610169
0.331162, 0.610169
0.331488, 0.610169
0.331814, 0.610169
0.332139, 0.610169
0.332465, 0.610169
0.332791, 0.610169
0.333116, 0.610169
0.333442, 0.610169
0.333768, 0.610169
0.334093, 0.610169
0.334419, 0.610169
0.334744, 0.610169
0.335070, 0.610169
0.335396, 0.610169
0.335721, 0.610169
0.336047, 0.610169
0.336373, 0.610169
0.336698, 0.610169
0.337024, 0.610169
0.337349, 0.610169
0.337675, 0.610169
0.338001, 0.610169
0.338326, 0.610169
0.338652, 0.610169
0.338978, 0.610169
0.339303, 0.610169
0.339629, 0.610169
0.339954, 0.610169
0.340280, 0.610169
0.340606, 0.610169
0.340931, 0.610169
0.341257, 0.610169
0.341583, 0.610169
0.341908, 0.610169
0.342234, 0.610169
0.342559, 0.610169
0.342885, 0.610169
0.343211, 0.610169
0.343536, 0.610169
0.343862, 0.610169
0.344188, 0.610169
0.344513, 0.610169
0.344839, 0.610169
0.345164, 0.610169
0.345490, 0.610169
0.345816, 0.610169
0.346141, 0.610169
0.346467, 0.610169
0.346793, 0.610169
0.347118, 0.610169
0.347444, 0.610169
0.347769, 0.610169
0.348095, 0.610169
0.348421, 0.610169
0.348746, 0.610169
0.349072, 0.610169
0.349398, 0.610169
0.349723, 0.610169
0.350049, 0.610169
0.350374, 0.610169
0.350700, 0.610169
0.351026, 0.610169
0.351351, 0.610169
0.351677, 0.610169
0.352003, 0.610169
0.352328, 0.610169
0.352654, 0.610169
0.352979, 0.610169
0.353305, 0.610169
0.353631, 0.610169
0.353956, 0.610169
0.354282, 0.610169
0.354608, 0.610169
0.354933, 0.610169
0.355259, 0.610169
0.355585, 0.610169
0.355910, 0.610169
0.356236, 0.610169
0.356561, 0.610169
0.356887, 0.610169
0.357213, 0.610169
0.357538, 0.610169
0.357864, 0.610169
0.358190, 0.610169
0.358515, 0.610169
0.358841, 0.610169
0.359166, 0.610169
0.359492, 0.610169
0.359818, 0.610169
0.360143, 0.610169
0.360469, 0.610169
0.360795, 0.610169
0.361120, 0.610169
0.361446, 0.610169
0.361771, 0.610169
0.362097, 0.610169
0.362423, 0.610169
0.362748, 0.610169
0.363074, 0.610169
0.363400, 0.610169
0.363725, 0.610169
0.364051, 0.610169
0.364376, 0.610169
0.364702, 0.610169
0.365028, 0.610169
0.365353, 0.610169
0.365679, 0.610169
0.366005, 0.610169
0.366330, 0.610169
0.366656, 0.610169
0.366981, 0.610169
0.367307, 0.610169
0.367633, 0.610169
0.367958, 0.610169
0.368284, 0.610169
0.368610, 0.610169
0.368935, 0.610169
0.369261, 0.610169
0.369586, 0.610169
0.369912, 0.610169
0.370238, 0.610169
0.370563, 0.610169
0.370889, 0.610169
0.371215, 0.610169
0.371540, 0.610169
0.371866, 0.610169
0.372191, 0.610169
0.372517, 0.610169
0.372843, 0.610169
0.373168, 0.610169
0.373494, 0.610169
0.373820, 0.610169
0.374145, 0.610169
0.374471, 0.610169
0.374796, 0.610169
0.375122, 0.610169
0.375448, 0.610169
0.375773, 0.610169
0.376099, 0.610169
0.376425, 0.610169
0.376750, 0.610169
0.377076, 0.610169
0.377401, 0.610169
0.377727, 0.610169
0.378053, 0.610169
0.378378, 0.610169
0.378704, 0.610169
0.379030, 0.610169
0.379355, 0.610169
0.379681, 0.610169
0.380007, 0.610169
0.380332, 0.610169
0.380658, 0.610169
0.380983, 0.610169
0.381309, 0.610169
0.381635, 0.610169
0.381960, 0.610169
0.382286, 0.610169
0.382612, 0.610169
0.382937, 0.610169
0.383263, 0.610169
0.383588, 0.610169
0.383914, 0.610169
0.384240, 0.610169
0.384565, 0.610169
0.384891, 0.610169
0.385217, 0.610169
0.385542, 0.610169
0.385868, 0.610169
0.386193, 0.610169
0.386519, 0.610169
0.386845, 0.610169
0.387170, 0.610169
0.387496, 0.610169
0.387822, 0.610169
0.388147, 0.610169
0.388473, 0.610169
0.388798, 0.610169
0.389124, 0.610169
0.389450, 0.610169
0.389775, 0.610169
0.390101, 0.610169
0.390427, 0.610169
0.390752, 0.610169
0.391078, 0.610169
0.391403, 0.610169
0.391729, 0.610169
0.392055, 0.610169
0.392380, 0.610169
0.392706, 0.610169
0.393032, 0.610169
0.393357, 0.610169
0.393683, 0.610169
0.394008, 0.610169
0.394334, 0.610169
0.394660, 0.610169
0.394985, 0.610169
0.395311, 0.610169
0.395637, 0.610169
0.395962, 0.610169
0.396288, 0.610169
0.396613, 0.610169
0.396939, 0.610169
0.397265, 0.610169
0.397590, 0.610169
0.397916, 0.610169
0.398242, 0.610169
0.398567, 0.610169
0.398893, 0.610169
0.399218, 0.610169
0.399544, 0.610169
0.399870, 0.610169
0.400195, 0.610169
0.400521, 0.610169
0.400847, 0.610169
0.401172, 0.610169
0.401498, 0.610169
0.401824, 0.610169
0.402149, 0.610169
0.402475, 0.610169
0.402800, 0.610169
0.403126, 0.610169
0.403452, 0.610169
0.403777, 0.610169
0.404103, 0.610169
0.404429, 0.610169
0.404754, 0.610169
0.405080, 0.610169
0.405405, 0.610169
0.405731, 0.610169
0.406057, 0.610169
0.406382, 0.610169
0.406708, 0.610169
0.407034, 0.610169
0.407359, 0.610169
0.407685, 0.610169
0.408010, 0.610169
0.408336, 0.610169
0.408662, 0.610169
0.408987, 0.610169
0.409313, 0.610169
0.409639, 0.610169
0.409964, 0.610169
0.410290, 0.610169
0.410615, 0.610169
0.410941, 0.610169
0.411267, 0.610169
0.411592, 0.610169
0.411918, 0.610169
0.412244, 0.610169
0.412569, 0.610169
0.412895, 0.610169
0.413220, 0.610169
0.413546, 0.610169
0.413872, 0.610169
0.414197, 0.610169
0.414523, 0.610169
0.414849, 0.610169
0.415174, 0.610169
0.415500, 0.610169
0.415825, 0.610169
0.416151, 0.610169
0.416477, 0.610169
0.416802, 0.610169
0.417128, 0.610169
0.417454, 0.610169
0.417779, 0.610169
0.418105, 0.610169
0.418430, 0.610169
0.418756, 0.610169
0.419082, 0.610169
0.419407, 0.610169
0.419733, 0.610169
0.420059, 0.610169
0.420384, 0.610169
0.420710, 0.610169
0.421035, 0.610169
0.421361, 0.610169
0.421687, 0.610169
0.422012, 0.610169
0.422338, 0.610169
0.422664, 0.610169
0.422989, 0.610169
0.423315, 0.610169
0.423641, 0.610169
0.423966, 0.610169
0.424292, 0.610169
0.424617, 0.610169
0.424943, 0.610169
0.425269, 0.610169
0.425594, 0.610169
0.425920, 0.610169
0.426246, 0.610169
0.426571, 0.610169
0.426897, 0.610169
0.427222, 0.610169
0.427548, 0.610169
0.427874, 0.610169
0.428199, 0.610169
0.428525, 0.610169
0.428851, 0.610169
0.429176, 0.610169
0.429502, 0.610169
0.429827, 0.610169
0.430153, 0.610169
0.430479, 0.610169
0.430804, 0.610169
0.431130, 0.610169
0.431456, 0.610169
0.431781, 0.610169
0.432107, 0.610169
0.432432, 0.610169
0.432758, 0.610169
0.433084, 0.610169
0.433409, 0.610169
0.433735, 0.610169
0.434061, 0.610169
0.434386, 0.610169
0.434712, 0.610169
0.435037, 0.610169
0.435363, 0.610169
0.435689, 0.610169
0.436014, 0.610169
0.436340, 0.610169
0.436666, 0.610169
0.436991, 0.610169
0.437317, 0.610169
0.437642, 0.610169
0.437968, 0.610169
0.438294, 0.610169
0.438619, 0.610169
0.438945, 0.610169
0.439271, 0.610169
0.439596, 0.610169
0.439922, 0.610169
0.440247, 0.610169
0.440573, 0.610169
0.440899, 0.610169
0.441224, 0.610169
0.441550, 0.610169
0.441876, 0.610169
0.442201, 0.610169
0.442527, 0.610169
0.442852, 0.610169
0.443178, 0.610169
0.443504, 0.610169
0.443829, 0.610169
0.444155, 0.610169
0.444481, 0.610169
0.444806, 0.610169
0.445132, 0.610169
0.445458, 0.610169
0.445783, 0.610169
0.446109, 0.610169
0.446434, 0.610169
0.446760, 0.610169
0.447086, 0.610169
0.447411, 0.610169
0.447737, 0.610169
0.448063, 0.610169
0.448388, 0.610169
0.448714, 0.610169
0.449039, 0.610169
0.449365, 0.610169
0.449691, 0.610169
0.450016, 0.610169
0.450342, 0.610169
0.450668, 0.610169
0.450993, 0.610169
0.451319, 0.610169
0.451644, 0.610169
0.451970, 0.610169
0.452296, 0.610169
0.452621, 0.610169
0.452947, 0.610169
0.453273, 0.610169
0.453598, 0.610169
0.453924, 0.610169
0.454249, 0.610169
0.454575, 0.610169
0.454901, 0.610169
0.455226, 0.610169
0.455552, 0.610169
0.455878, 0.610169
0.456203, 0.610169
0.456529, 0.610169
0.456854, 0.610169
0.457180, 0.610169
0.457506, 0.610169
0.457831, 0.610169
0.458157, 0.610169
0.458483, 0.610169
0.458808, 0.610169
0.459134, 0.610169
0.459459, 0.610169
0.459785, 0.610169
0.460111, 0.610169
0.460436, 0.610169
0.460762, 0.610169
0.461088, 0.610169
0.461413, 0.610169
0.461739, 0.610169
0.462064, 0.610169
0.462390, 0.610169
0.462716, 0.610169
0.463041, 0.610169
0.463367, 0.610169
0.463693, 0.610169
0.464018, 0.610169
0.464344, 0.610169
0.464669, 0.610169
0.464995, 0.610169
0.465321, 0.610169
0.465646, 0.610169
0.465972, 0.610169
0.466298, 0.610169
0.466623, 0.610169
0.466949, 0.610169
0.467275, 0.610169
0.467600, 0.610169
0.467926, 0.610169
0.468251, 0.610169
0.468577, 0.610169
0.468903, 0.610169
0.469228, 0.610169
0.469554, 0.610169
0.469880, 0.610169
0.470205, 0.610169
0.470531, 0.610169
0.470856, 0.610169
0.471182, 0.610169
0.471508, 0.610169
0.471833, 0.610169
0.472159, 0.610169
0.472485, 0.610169
0.472810, 0.610169
0.473136, 0.610169
0.473461, 0.610169
0.473787, 0.610169
0.474113, 0.610169
0.474438, 0.610169
0.474764, 0.610169
0.475090, 0.610169
0.475415, 0.610169
0.475741, 0.610169
0.476066, 0.610169
0.476392, 0.610169
0.476718, 0.610169
0.477043, 0.610169
0.477369, 0.610169
0.477695, 0.610169
0.478020, 0.610169
0.478346, 0.610169
0.478671, 0.610169
0.478997, 0.610169
0.479323, 0.610169
0.479648, 0.610169
0.479974, 0.610169
0.480300, 0.610169
0.480625, 0.610169
0.480951, 0.610169
0.481276, 0.610169
0.481602, 0.610169
0.481928, 0.610169
0.482253, 0.610169
0.482579, 0.610169
0.482905, 0.610169
0.483230, 0.610169
0.483556, 0.610169
0.483881, 0.610169
0.484207, 0.610169
0.484533, 0.610169
0.484858, 0.610169
0.485184, 0.610169
0.485510, 0.610169
0.485835, 0.610169
0.486161, 0.610169
0.486486, 0.610169
0.486812, 0.610169
0.487138, 0.610169
0.487138, 0.627119
0.487463, 0.627119
0.487789, 0.627119
0.488115, 0.627119
0.488440, 0.627119
0.488766, 0.627119
0.489092, 0.627119
0.489417, 0.627119
0.489743, 0.627119
0.490068, 0.627119
0.490394, 0.627119
0.490720, 0.627119
0.491045, 0.627119
0.491371, 0.627119
0.491697, 0.627119
0.492022, 0.627119
0.492348, 0.627119
0.492673, 0.627119
0.492999, 0.627119
0.493325, 0.627119
0.493650, 0.627119
0.493976, 0.627119
0.494302, 0.627119
0.494627, 0.627119
0.494953, 0.627119
0.495278, 0.627119
0.495604, 0.627119
0.495930, 0.627119
0.496255, 0.627119
0.496581, 0.627119
0.496907, 0.627119
0.497232, 0.627119
0.497558, 0.627119
0.497883, 0.627119
0.498209, 0.627119
0.498535, 0.627119
0.498860, 0.627119
0.499186, 0.627119
0.499512, 0.627119
0.499837, 0.627119
0.500163, 0.627119
0.500488, 0.627119
0.500814, 0.627119
0.501140, 0.627119
0.501465, 0.627119
0.501791, 0.627119
0.502117, 0.627119
0.502442, 0.627119
0.502768, 0.627119
0.503093, 0.627119
0.503419, 0.627119
0.503419, 0.644068
0.503745, 0.644068
0.504070, 0.644068
0.504396, 0.644068
0.504722, 0.644068
0.505047, 0.644068
0.505373, 0.644068
0.505698, 0.644068
0.506024, 0.644068
0.506350, 0.644068
0.506675, 0.644068
0.507001, 0.644068
0.507327, 0.644068
0.507652, 0.644068
0.507978, 0.644068
0.508303, 0.644068
0.508629, 0.644068
0.508955, 0.644068
0.509280, 0.644068
0.509606, 0.644068
0.509932, 0.644068
0.510257, 0.644068
0.510583, 0.644068
0.510908, 0.644068
0.511234, 0.644068
0.511560, 0.644068
0.511885, 0.644068
0.512211, 0.644068
0.512537, 0.644068
0.512862, 0.644068
0.513188, 0.644068
0.513514, 0.644068
0.513839, 0.644068
0.514165, 0.644068
0.514490, 0.644068
0.514816, 0.644068
0.515142, 0.644068
0.515467, 0.644068
0.515793, 0.644068
0.516119, 0.644068
0.516444, 0.644068
0.516770, 0.644068
0.517095, 0.644068
0.517421, 0.644068
0.517747, 0.644068
0.518072, 0.644068
0.518398, 0.644068
0.518724, 0.644068
0.519049, 0.644068
0.519375, 0.644068
0.519700, 0.644068
0.520026, 0.644068
0.520352, 0.644068
0.520677, 0.644068
0.521003, 0.644068
0.521329, 0.644068
0.521654, 0.644068
0.521980, 0.644068
0.522305, 0.644068
0.522631, 0.644068
0.522957, 0.644068
0.523282, 0.644068
0.523608, 0.644068
0.523934, 0.644068
0.524259, 0.644068
0.524585, 0.644068
0.524910, 0.644068
0.525236, 0.644068
0.525562, 0.644068
0.525887, 0.644068
0.526213, 0.644068
0.526539, 0.644068
0.526864, 0.644068
0.527190, 0.644068
0.527515, 0.644068
0.527515, 0.661017
0.527841, 0.661017
0.528167, 0.661017
0.528492, 0.661017
0.528818, 0.661017
0.529144, 0.661017
0.529469, 0.661017
0.529795, 0.661017
0.530120, 0.661017
0.530446, 0.661017
0.530772, 0.661017
0.531097, 0.661017
0.531423, 0.661017
0.531749, 0.661017
0.532074, 0.661017
0.532400, 0.661017
0.532725, 0.661017
0.533051, 0.661017
0.533377, 0.661017
0.533702, 0.661017
0.534028, 0.661017
0.534354, 0.661017
0.534679, 0.661017
0.535005, 0.661017
0.535331, 0.661017
0.535656, 0.661017
0.535982, 0.661017
0.536307, 0.661017
0.536633, 0.661017
0.536959, 0.661017
0.537284, 0.661017
0.537610, 0.661017
0.537936, 0.661017
0.538261, 0.661017
0.538587, 0.661017
0.538912, 0.661017
0.539238, 0.661017
0.539564, 0.661017
0.539889, 0.661017
0.540215, 0.661017
0.540541, 0.661017
0.540866, 0.661017
0.541192, 0.661017
0.541517, 0.661017
0.541843, 0.661017
0.542169, 0.661017
0.542494, 0.661017
0.542820, 0.661017
0.543146, 0.661017
0.543471, 0.661017
0.543797, 0.661017
0.544122, 0.661017
0.544122, 0.677966
0.544448, 0.677966
0.544774, 0.677966
0.545099, 0.677966
0.545425, 0.677966
0.545751, 0.677966
0.546076, 0.677966
0.546402, 0.677966
0.546727, 0.677966
0.547053, 0.677966
0.547379, 0.677966
0.547704, 0.677966
0.548030, 0.677966
0.548356, 0.677966
0.548681, 0.677966
0.549007, 0.677966
0.549332, 0.677966
0.549658, 0.677966
0.549984, 0.677966
0.550309, 0.677966
0.550635, 0.677966
0.550961, 0.677966
0.551286, 0.677966
0.551612, 0.677966
0.551937, 0.677966
0.552263, 0.677966
0.552589, 0.677966
0.552914, 0.677966
0.553240, 0.677966
0.553566, 0.677966
0.553891, 0.677966
0.554217, 0.677966
0.554542, 0.677966
0.554868, 0.677966
0.555194, 0.677966
0.555519, 0.677966
0.555845, 0.677966
0.556171, 0.677966
0.556496, 0.677966
0.556822, 0.677966
0.557148, 0.677966
0.557473, 0.677966
0.557799, 0.677966
0.558124, 0.677966
0.558450, 0.677966
0.558776, 0.677966
0.559101, 0.677966
0.559101, 0.694915
0.559427, 0.694915
0.559753, 0.694915
0.560078, 0.694915
0.560404, 0.694915
0.560729, 0.694915
0.561055, 0.694915
0.561381, 0.694915
0.561706, 0.694915
0.562032, 0.694915
0.562358, 0.694915
0.562683, 0.694915
0.563009, 0.694915
0.563334, 0.694915
0.563660, 0.694915
0.563986, 0.694915
0.564311, 0.694915
0.564637, 0.694915
0.564963, 0.694915
0.565288, 0.694915
0.565614, 0.694915
0.565939, 0.694915
0.566265, 0.694915
0.566591, 0.694915
0.566916, 0.694915
0.567242, 0.694915
0.567568, 0.694915
0.567893, 0.694915
0.568219, 0.694915
0.568544, 0.694915
0.568870, 0.694915
0.569196, 0.694915
0.569521, 0.694915
0.569847, 0.694915
0.570173, 0.694915
0.570498, 0.694915
0.570824, 0.694915
0.571149, 0.694915
0.571475, 0.694915
0.571801, 0.694915
0.572126, 0.694915
0.572452, 0.694915
0.572778, 0.694915
0.573103, 0.694915
0.573429, 0.694915
0.573754, 0.694915
0.574080, 0.694915
0.574406, 0.694915
0.574731, 0.694915
0.575057, 0.694915
0.575383, 0.694915
0.575708, 0.694915
0.576034, 0.694915
0.576359, 0.694915
0.576685, 0.694915
0.577011, 0.694915
0.577336, 0.694915
0.577662, 0.694915
0.577988, 0.694915
0.578313, 0.694915
0.578639, 0.694915
0.578965, 0.694915
0.579290, 0.694915
0.579616, 0.694915
0.579941, 0.694915
0.580267, 0.694915
0.580593, 0.694915
0.580918, 0.694915
0.581244, 0.694915
0.581570, 0.694915
0.581895, 0.694915
0.582221, 0.694915
0.582546, 0.694915
0.582872, 0.694915
0.583198, 0.694915
0.583523, 0.694915
0.583849, 0.694915
0.584175, 0.694915
0.584500, 0.694915
0.584826, 0.694915
0.585151, 0.694915
0.585477, 0.694915
0.585803, 0.694915
0.586128, 0.694915
0.586454, 0.694915
0.586780, 0.694915
0.587105, 0.694915
0.587431, 0.694915
0.587756, 0.694915
0.588082, 0.694915
0.588408, 0.694915
0.588733, 0.694915
0.589059, 0.694915
0.589385, 0.694915
0.589710, 0.694915
0.590036, 0.694915
0.590361, 0.694915
0.590687, 0.694915
0.591013, 0.694915
0.591338, 0.694915
0.591664, 0.694915
0.591990, 0.694915
0.592315, 0.694915
0.592641, 0.694915
0.592966, 0.694915
0.593292, 0.694915
0.593618, 0.694915
0.593943, 0.694915
0.594269, 0.694915
0.594595, 0.694915
0.594920, 0.694915
0.595246, 0.694915
0.595571, 0.694915
0.595897, 0.694915
0.596223, 0.694915
0.596548, 0.694915
0.596874, 0.694915
0.597200, 0.694915
0.597525, 0.694915
0.597851, 0.694915
0.598176, 0.694915
0.598502, 0.694915
0.598828, 0.694915
0.599153, 0.694915
0.599479, 0.694915
0.599805, 0.694915
0.600130, 0.694915
0.600456, 0.694915
0.600782, 0.694915
0.601107, 0.694915
0.601433, 0.694915
0.601758, 0.694915
0.602084, 0.694915
0.602410, 0.694915
0.602735, 0.694915
0.603061, 0.694915
0.603387, 0.694915
0.603712, 0.694915
0.604038, 0.694915
0.604363, 0.694915
0.604689, 0.694915
0.605015, 0.694915
0.605340, 0.694915
0.605666, 0.694915
0.605992, 0.694915
0.606317, 0.694915
0.606643, 0.694915
0.606968, 0.694915
0.607294, 0.694915
0.607620, 0.694915
0.607945, 0.694915
0.608271, 0.694915
0.608597, 0.694915
0.608922, 0.694915
0.609248, 0.694915
0.609573, 0.694915
0.609899, 0.694915
0.610225, 0.694915
0.610550, 0.694915
0.610876, 0.694915
0.611202, 0.694915
0.611527, 0.694915
0.611853, 0.694915
0.612178, 0.694915
0.612504, 0.694915
0.612830, 0.694915
0.613155, 0.694915
0.613481, 0.694915
0.613807, 0.694915
0.614132, 0.694915
0.614458, 0.694915
0.614783, 0.694915
0.615109, 0.694915
0.615435, 0.694915
0.615760, 0.694915
0.616086, 0.694915
0.616412, 0.694915
0.616737, 0.694915
0.617063, 0.694915
0.617388, 0.694915
0.617714, 0.694915
0.618040, 0.694915
0.618365, 0.694915
0.618691, 0.694915
0.619017, 0.694915
0.619342, 0.694915
0.619668, 0.694915
0.619993, 0.694915
0.620319, 0.694915
0.620645, 0.694915
0.620970, 0.694915
0.621296, 0.694915
0.621622, 0.694915
0.621947, 0.694915
0.622273, 0.694915
0.622599, 0.694915
0.622924, 0.694915
0.623250, 0.694915
0.623575, 0.694915
0.623901, 0.694915
0.624227, 0.694915
0.624552, 0.694915
0.624878, 0.694915
0.625204, 0.694915
0.625529, 0.694915
0.625855, 0.694915
0.626180, 0.694915
0.626506, 0.694915
0.626832, 0.694915
0.627157, 0.694915
0.627483, 0.694915
0.627809, 0.694915
0.628134, 0.694915
0.628460, 0.694915
0.628785, 0.694915
0.629111, 0.694915
0.629437, 0.694915
0.629762, 0.694915
0.630088, 0.694915
0.630414, 0.694915
0.630739, 0.694915
0.631065, 0.694915
0.631390, 0.694915
0.631716, 0.694915
0.632042, 0.694915
0.632367, 0.694915
0.632693, 0.694915
0.633019, 0.694915
0.633344, 0.694915
0.633670, 0.694915
0.633995, 0.694915
0.634321, 0.694915
0.634647, 0.694915
0.634972, 0.694915
0.635298, 0.694915
0.635624, 0.694915
0.635949, 0.694915
0.636275, 0.694915
0.636600, 0.694915
0.636926, 0.694915
0.637252, 0.694915
0.637577, 0.694915
0.637903, 0.694915
0.638229, 0.694915
0.638554, 0.694915
0.638880, 0.694915
0.639205, 0.694915
0.639531, 0.694915
0.639857, 0.694915
0.640182, 0.694915
0.640508, 0.694915
0.640834, 0.694915
0.641159, 0.694915
0.641485, 0.694915
0.641810, 0.694915
0.642136, 0.694915
0.642462, 0.694915
0.642787, 0.694915
0.643113, 0.694915
0.643439, 0.694915
0.643764, 0.694915
0.644090, 0.694915
0.644415, 0.694915
0.644741, 0.694915
0.645067, 0.694915
0.645392, 0.694915
0.645392, 0.711864
0.645718, 0.711864
0.646044, 0.711864
0.646369, 0.711864
0.646695, 0.711864
0.647021, 0.711864
0.647346, 0.711864
0.647672, 0.711864
0.647997, 0.711864
0.648323, 0.711864
0.648649, 0.711864
0.648974, 0.711864
0.649300, 0.711864
0.649626, 0.711864
0.649951, 0.711864
0.650277, 0.711864
0.650602, 0.711864
0.650928, 0.711864
0.651254, 0.711864
0.651579, 0.711864
0.651905, 0.711864
0.652231, 0.711864
0.652556, 0.711864
0.652882, 0.711864
0.653207, 0.711864
0.653533, 0.711864
0.653859, 0.711864
0.654184, 0.711864
0.654510, 0.711864
0.654836, 0.711864
0.655161, 0.711864
0.655487, 0.711864
0.655812, 0.711864
0.656138, 0.711864
0.656464, 0.711864
0.656789, 0.711864
0.657115, 0.711864
0.657441, 0.711864
0.657766, 0.711864
0.658092, 0.711864
0.658417, 0.711864
0.658743, 0.711864
0.659069, 0.711864
0.659394, 0.711864
0.659720, 0.711864
0.660046, 0.711864
0.660371, 0.711864
0.660697, 0.711864
0.661022, 0.711864
0.661348, 0.711864
0.661674, 0.711864
0.661999, 0.711864
0.662325, 0.711864
0.662651, 0.711864
0.662976, 0.711864
0.663302, 0.711864
0.663627, 0.711864
0.663953, 0.711864
0.664279, 0.711864
0.664604, 0.711864
0.664930, 0.711864
0.665256, 0.711864
0.665581, 0.711864
0.665907, 0.711864
0.666232, 0.711864
0.666558, 0.711864
0.666884, 0.711864
0.667209, 0.711864
0.667535, 0.711864
0.667861, 0.711864
0.668186, 0.711864
0.668512, 0.711864
0.668838, 0.711864
0.669163, 0.711864
0.669489, 0.711864
0.669814, 0.711864
0.670140, 0.711864
0.670466, 0.711864
0.670791, 0.711864
0.671117, 0.711864
0.671443, 0.711864
0.671768, 0.711864
0.672094, 0.711864
0.672419, 0.711864
0.672745, 0.711864
0.673071, 0.711864
0.673396, 0.711864
0.673722, 0.711864
0.674048, 0.711864
0.674373, 0.711864
0.674699, 0.711864
0.675024, 0.711864
0.675350, 0.711864
0.675676, 0.711864
0.676001, 0.711864
0.676327, 0.711864
0.676653, 0.711864
0.676978, 0.711864
0.677304, 0.711864
0.677629, 0.711864
0.677955, 0.711864
0.678281, 0.711864
0.678606, 0.711864
0.678932, 0.711864
0.679258, 0.711864
0.679583, 0.711864
0.679909, 0.711864
0.680234, 0.711864
0.680560, 0.711864
0.680886, 0.711864
0.681211, 0.711864
0.681537, 0.711864
0.681863, 0.711864
0.682188, 0.711864
0.682514, 0.711864
0.682839, 0.711864
0.683165, 0.711864
0.683491, 0.711864
0.683816, 0.711864
0.684142, 0.711864
0.684468, 0.711864
0.684793, 0.711864
0.685119, 0.711864
0.685444, 0.711864
0.685770, 0.711864
0.686096, 0.711864
0.686421, 0.711864
0.686747, 0.711864
0.687073, 0.711864
0.687398, 0.711864
0.687724, 0.711864
0.688049, 0.711864
0.688375, 0.711864
0.688701, 0.711864
0.689026, 0.711864
0.689352, 0.711864
0.689678, 0.711864
0.690003, 0.711864
0.690329, 0.711864
0.690655, 0.711864
0.690980, 0.711864
0.691306, 0.711864
0.691631, 0.711864
0.691957, 0.711864
0.692283, 0.711864
0.692608, 0.711864
0.692934, 0.711864
0.693260, 0.711864
0.693585, 0.711864
0.693911, 0.711864
0.694236, 0.711864
0.694562, 0.711864
0.694888, 0.711864
0.695213, 0.711864
0.695539, 0.711864
0.695865, 0.711864
0.696190, 0.711864
0.696516, 0.711864
0.696841, 0.711864
0.697167, 0.711864
0.697493, 0.711864
0.697818, 0.711864
0.698144, 0.711864
0.698470, 0.711864
0.698795, 0.711864
0.699121, 0.711864
0.699446, 0.711864
0.699772, 0.711864
0.700098, 0.711864
0.700423, 0.711864
0.700749, 0.711864
0.701075, 0.711864
0.701400, 0.711864
0.701726, 0.711864
0.702051, 0.711864
0.702377, 0.711864
0.702703, 0.711864
0.703028, 0.711864
0.703354, 0.711864
0.703680, 0.711864
0.704005, 0.711864
0.704331, 0.711864
0.704656, 0.711864
0.704982, 0.711864
0.705308, 0.711864
0.705633, 0.711864
0.705959, 0.711864
0.706285, 0.711864
0.706610, 0.711864
0.706936, 0.711864
0.707261, 0.711864
0.707587, 0.711864
0.707913, 0.711864
0.708238, 0.711864
0.708564, 0.711864
0.708890, 0.711864
0.709215, 0.711864
0.709541, 0.711864
0.709866, 0.711864
0.710192, 0.711864
0.710518, 0.711864
0.710843, 0.711864
0.711169, 0.711864
0.711495, 0.711864
0.711820, 0.711864
0.712146, 0.711864
0.712472, 0.711864
0.712797, 0.711864
0.713123, 0.711864
0.713448, 0.711864
0.713774, 0.711864
0.714100, 0.711864
0.714425, 0.711864
0.714751, 0.711864
0.715077, 0.711864
0.715402, 0.711864
0.715728, 0.711864
0.716053, 0.711864
0.716379, 0.711864
0.716705, 0.711864
0.717030, 0.711864
0.717356, 0.711864
0.717682, 0.711864
0.718007, 0.711864
0.718333, 0.711864
0.718658, 0.711864
0.718984, 0.711864
0.719310, 0.711864
0.719635, 0.711864
0.719961, 0.711864
0.720287, 0.711864
0.720612, 0.711864
0.720938, 0.711864
0.721263, 0.711864
0.721589, 0.711864
0.721915, 0.711864
0.722240, 0.711864
0.722566, 0.711864
0.722892, 0.711864
0.723217, 0.711864
0.723543, 0.711864
0.723868, 0.711864
0.724194, 0.711864
0.724520, 0.711864
0.724845, 0.711864
0.725171, 0.711864
0.725497, 0.711864
0.725822, 0.711864
0.726148, 0.711864
0.726473, 0.711864
0.726799, 0.711864
0.727125, 0.711864
0.727450, 0.711864
0.727776, 0.711864
0.728102, 0.711864
0.728427, 0.711864
0.728753, 0.711864
0.729078, 0.711864
0.729404, 0.711864
0.729730, 0.711864
0.730055, 0.711864
0.730381, 0.711864
0.730707, 0.711864
0.731032, 0.711864
0.731358, 0.711864
0.731683, 0.711864
0.732009, 0.711864
0.732335, 0.711864
0.732660, 0.711864
0.732986, 0.711864
0.733312, 0.711864
0.733637, 0.711864
0.733963, 0.711864
0.734289, 0.711864
0.734614, 0.711864
0.734940, 0.711864
0.734940, 0.728814
0.735265, 0.728814
0.735591, 0.728814
0.735917, 0.728814
0.736242, 0.728814
0.736568, 0.728814
0.736894, 0.728814
0.737219, 0.728814
0.737545, 0.728814
0.737870, 0.728814
0.738196, 0.728814
0.738522, 0.728814
0.738847, 0.728814
0.739173, 0.728814
0.739499, 0.728814
0.739824, 0.728814
0.740150, 0.728814
0.740475, 0.728814
0.740801, 0.728814
0.741127, 0.728814
0.741452, 0.728814
0.741778, 0.728814
0.742104, 0.728814
0.742429, 0.728814
0.742755, 0.728814
0.743080, 0.728814
0.743406, 0.728814
0.743732, 0.728814
0.744057, 0.728814
0.744383, 0.728814
0.744709, 0.728814
0.745034, 0.728814
0.745360, 0.728814
0.745685, 0.728814
0.746011, 0.728814
0.746337, 0.728814
0.746662, 0.728814
0.746988, 0.728814
0.747314, 0.728814
0.747639, 0.728814
0.747965, 0.728814
0.748290, 0.728814
0.748616, 0.728814
0.748942, 0.728814
0.749267, 0.728814
0.749593, 0.728814
0.749919, 0.728814
0.749919, 0.745763
0.750244, 0.745763
0.750570, 0.745763
0.750895, 0.745763
0.751221, 0.745763
0.751547, 0.745763
0.751872, 0.745763
0.752198, 0.745763
0.752524, 0.745763
0.752849, 0.745763
0.753175, 0.745763
0.753500, 0.745763
0.753826, 0.745763
0.754152, 0.745763
0.754477, 0.745763
0.754803, 0.745763
0.755129, 0.745763
0.755454, 0.745763
0.755780, 0.745763
0.756106, 0.745763
0.756431, 0.745763
0.756757, 0.745763
0.757082, 0.745763
0.757408, 0.745763
0.757734, 0.745763
0.758059, 0.745763
0.758385, 0.745763
0.758711, 0.745763
0.759036, 0.745763
0.759362, 0.745763
0.759687, 0.745763
0.760013, 0.745763
0.760339, 0.745763
0.760664, 0.745763
0.760990, 0.745763
0.761316, 0.745763
0.761641, 0.745763
0.761967, 0.745763
0.762292, 0.745763
0.762618, 0.745763
0.762944, 0.745763
0.763269, 0.745763
0.763595, 0.745763
0.763921, 0.745763
0.764246, 0.745763
0.764572, 0.745763
0.764897, 0.745763
0.765223, 0.745763
0.765549, 0.745763
0.765874, 0.745763
0.766200, 0.745763
0.766526, 0.745763
0.766851, 0.745763
0.767177, 0.745763
0.767502, 0.745763
0.767828, 0.745763
0.768154, 0.745763
0.768479, 0.745763
0.768805, 0.745763
0.769131, 0.745763
0.769456, 0.745763
0.769782, 0.745763
0.770107, 0.745763
0.770433, 0.745763
0.770759, 0.745763
0.771084, 0.745763
0.771410, 0.745763
0.771410, 0.762712
0.771736, 0.762712
0.772061, 0.762712
0.772387, 0.762712
0.772712, 0.762712
0.773038, 0.762712
0.773364, 0.762712
0.773689, 0.762712
0.774015, 0.762712
0.774341, 0.762712
0.774666, 0.762712
0.774992, 0.762712
0.775317, 0.762712
0.775643, 0.762712
0.775969, 0.762712
0.776294, 0.762712
0.776620, 0.762712
0.776946, 0.762712
0.777271, 0.762712
0.777597, 0.762712
0.777923, 0.762712
0.777923, 0.779661
0.778248, 0.779661
0.778574, 0.779661
0.778899, 0.779661
0.779225, 0.779661
0.779551, 0.779661
0.779876, 0.779661
0.780202, 0.779661
0.780528, 0.779661
0.780853, 0.779661
0.781179, 0.779661
0.781504, 0.779661
0.781830, 0.779661
0.782156, 0.779661
0.782481, 0.779661
0.782807, 0.779661
0.783133, 0.779661
0.783458, 0.779661
0.783784, 0.779661
0.784109, 0.779661
0.784435, 0.779661
0.784761, 0.779661
0.785086, 0.779661
0.785412, 0.779661
0.785738, 0.779661
0.786063, 0.779661
0.786389, 0.779661
0.786714, 0.779661
0.787040, 0.779661
0.787366, 0.779661
0.787691, 0.779661
0.788017, 0.779661
0.788343, 0.779661
0.788668, 0.779661
0.788994, 0.779661
0.789319, 0.779661
0.789645, 0.779661
0.789971, 0.779661
0.790296, 0.779661
0.790622, 0.779661
0.790948, 0.779661
0.791273, 0.779661
0.791599, 0.779661
0.791599, 0.796610
0.791924, 0.796610
0.792250, 0.796610
0.792576, 0.796610
0.792901, 0.796610
0.793227, 0.796610
0.793553, 0.796610
0.793878, 0.796610
0.794204, 0.796610
0.794529, 0.796610
0.794855, 0.796610
0.795181, 0.796610
0.795506, 0.796610
0.795832, 0.796610
0.796158, 0.796610
0.796158, 0.813559
0.796483, 0.813559
0.796809, 0.813559
0.797134, 0.813559
0.797460, 0.813559
0.797786, 0.813559
0.798111, 0.813559
0.798437, 0.813559
0.798763, 0.813559
0.799088, 0.813559
0.799414, 0.813559
0.799739, 0.813559
0.800065, 0.813559
0.800391, 0.813559
0.800716, 0.813559
0.801042, 0.813559
0.801368, 0.813559
0.801693, 0.813559
0.802019, 0.813559
0.802345, 0.813559
0.802670, 0.813559
0.802996, 0.813559
0.803321, 0.813559
0.803647, 0.813559
0.803973, 0.813559
0.804298, 0.813559
0.804624, 0.813559
0.804950, 0.813559
0.805275, 0.813559
0.805601, 0.813559
0.805926, 0.813559
0.806252, 0.813559
0.806578, 0.813559
0.806903, 0.813559
0.807229, 0.813559
0.807555, 0.813559
0.807880, 0.813559
0.808206, 0.813559
0.808531, 0.813559
0.808857, 0.813559
0.809183, 0.813559
0.809508, 0.813559
0.809834, 0.813559
0.810160, 0.813559
0.810485, 0.813559
0.810811, 0.813559
0.811136, 0.813559
0.811462, 0.813559
0.811788, 0.813559
0.812113, 0.813559
0.812439, 0.813559
0.812765, 0.813559
0.813090, 0.813559
0.813416, 0.813559
0.813741, 0.813559
0.813741, 0.830508
0.814067, 0.830508
0.814393, 0.830508
0.814718, 0.830508
0.815044, 0.830508
0.815044, 0.847458
0.815370, 0.847458
0.815695, 0.847458
0.816021, 0.847458
0.816346, 0.847458
0.816672, 0.847458
0.816998, 0.847458
0.817323, 0.847458
0.817649, 0.847458
0.817975, 0.847458
0.818300, 0.847458
0.818626, 0.847458
0.818951, 0.847458
0.819277, 0.847458
0.819603, 0.847458
0.819928, 0.847458
0.820254, 0.847458
0.820580, 0.847458
0.820905, 0.847458
0.821231, 0.847458
0.821556, 0.847458
0.821882, 0.847458
0.822208, 0.847458
0.822533, 0.847458
0.822859, 0.847458
0.823185, 0.847458
0.823510, 0.847458
0.823836, 0.847458
0.824162, 0.847458
0.824487, 0.847458
0.824813, 0.847458
0.825138, 0.847458
0.825464, 0.847458
0.825790, 0.847458
0.826115, 0.847458
0.826441, 0.847458
0.826767, 0.847458
0.827092, 0.847458
0.827418, 0.847458
0.827743, 0.847458
0.828069, 0.847458
0.828395, 0.847458
0.828720, 0.847458
0.829046, 0.847458
0.829372, 0.847458
0.829697, 0.847458
0.830023, 0.847458
0.830348, 0.847458
0.830674, 0.847458
0.831000, 0.847458
0.831325, 0.847458
0.831651, 0.847458
0.831977, 0.847458
0.832302, 0.847458
0.832628, 0.847458
0.832953, 0.847458
0.833279, 0.847458
0.833605, 0.847458
0.833930, 0.847458
0.834256, 0.847458
0.834582, 0.847458
0.834907, 0.847458
0.835233, 0.847458
0.835558, 0.847458
0.835884, 0.847458
0.836210, 0.847458
0.836535, 0.847458
0.836861, 0.847458
0.837187, 0.847458
0.837512, 0.847458
0.837838, 0.847458
0.838163, 0.847458
0.838489, 0.847458
0.838815, 0.847458
0.839140, 0.847458
0.839466, 0.847458
0.839792, 0.847458
0.840117, 0.847458
0.840443, 0.847458
0.840768, 0.847458
0.841094, 0.847458
0.841420, 0.847458
0.841745, 0.847458
0.842071, 0.847458
0.842397, 0.847458
0.842722, 0.847458
0.843048, 0.847458
0.843373, 0.847458
0.843699, 0.847458
0.844025, 0.847458
0.844350, 0.847458
0.844676, 0.847458
0.845002, 0.847458
0.845327, 0.847458
0.845653, 0.847458
0.845979, 0.847458
0.846304, 0.847458
0.846630, 0.847458
0.846955, 0.847458
0.847281, 0.847458
0.847607, 0.847458
0.847932, 0.847458
0.848258, 0.847458
0.848584, 0.847458
0.848909, 0.847458
0.849235, 0.847458
0.849560, 0.847458
0.849886, 0.847458
0.850212, 0.847458
0.850212, 0.864407
0.850537, 0.864407
0.850863, 0.864407
0.851189, 0.864407
0.851514, 0.864407
0.851840, 0.864407
0.852165, 0.864407
0.852491, 0.864407
0.852817, 0.864407
0.853142, 0.864407
0.853468, 0.864407
0.853794, 0.864407
0.854119, 0.864407
0.854445, 0.864407
0.854770, 0.864407
0.855096, 0.864407
0.855422, 0.864407
0.855747, 0.864407
0.856073, 0.864407
0.856399, 0.864407
0.856724, 0.864407
0.857050, 0.864407
0.857375, 0.864407
0.857701, 0.864407
0.858027, 0.864407
0.858352, 0.864407
0.858678, 0.864407
0.859004, 0.864407
0.859329, 0.864407
0.859655, 0.864407
0.859980, 0.864407
0.859980, 0.881356
0.860306, 0.881356
0.860632, 0.881356
0.860957, 0.881356
0.860957, 0.898305
0.861283, 0.898305
0.861609, 0.898305
0.861934, 0.898305
0.862260, 0.898305
0.862585, 0.898305
0.862911, 0.898305
0.862911, 0.915254
0.863237, 0.915254
0.863562, 0.915254
0.863888, 0.915254
0.864214, 0.915254
0.864214, 0.932203
0.864539, 0.932203
0.864865, 0.932203
0.865190, 0.932203
0.865516, 0.932203
0.865842, 0.932203
0.866167, 0.932203
0.866167, 0.949153
0.866493, 0.949153
0.866819, 0.949153
0.867144, 0.949153
0.867470, 0.949153
0.867796, 0.949153
0.868121, 0.949153
0.868447, 0.949153
0.868772, 0.949153
0.869098, 0.949153
0.869424, 0.949153
0.869749, 0.949153
0.870075, 0.949153
0.870401, 0.949153
0.870726, 0.949153
0.871052, 0.949153
0.871377, 0.949153
0.871703, 0.949153
0.872029, 0.949153
0.872354, 0.949153
0.872680, 0.949153
0.873006, 0.949153
0.873331, 0.949153
0.873657, 0.949153
0.873982, 0.949153
0.874308, 0.949153
0.874634, 0.949153
0.874959, 0.949153
0.875285, 0.949153
0.875611, 0.949153
0.875936, 0.949153
0.876262, 0.949153
0.876587, 0.949153
0.876913, 0.949153
0.877239, 0.949153
0.877564, 0.949153
0.877564, 0.966102
0.877890, 0.966102
0.878216, 0.966102
0.878541, 0.966102
0.878867, 0.966102
0.879192, 0.966102
0.879518, 0.966102
0.879844, 0.966102
0.880169, 0.966102
0.880495, 0.966102
0.880821, 0.966102
0.881146, 0.966102
0.881472, 0.966102
0.881797, 0.966102
0.882123, 0.966102
0.882449, 0.966102
0.882774, 0.966102
0.883100, 0.966102
0.883426, 0.966102
0.883751, 0.966102
0.884077, 0.966102
0.884402, 0.966102
0.884728, 0.966102
0.885054, 0.966102
0.885379, 0.966102
0.885705, 0.966102
0.886031, 0.966102
0.886356, 0.966102
0.886682, 0.966102
0.887007, 0.966102
0.887333, 0.966102
0.887659, 0.966102
0.887984, 0.966102
0.888310, 0.966102
0.888636, 0.966102
0.888961, 0.966102
0.889287, 0.966102
0.889613, 0.966102
0.889938, 0.966102
0.890264, 0.966102
0.890589, 0.966102
0.890915, 0.966102
0.891241, 0.966102
0.891566, 0.966102
0.891892, 0.966102
0.892218, 0.966102
0.892543, 0.966102
0.892869, 0.966102
0.893194, 0.966102
0.893520, 0.966102
0.893846, 0.966102
0.894171, 0.966102
0.894497, 0.966102
0.894823, 0.966102
0.895148, 0.966102
0.895474, 0.966102
0.895799, 0.966102
0.896125, 0.966102
0.896451, 0.966102
0.896776, 0.966102
0.897102, 0.966102
0.897428, 0.966102
0.897753, 0.966102
0.898079, 0.966102
0.898404, 0.966102
0.898730, 0.966102
0.899056, 0.966102
0.899381, 0.966102
0.899707, 0.966102
0.900033, 0.966102
0.900358, 0.966102
0.900684, 0.966102
0.901009, 0.966102
0.901335, 0.966102
0.901661, 0.966102
0.901986, 0.966102
0.902312, 0.966102
0.902638, 0.966102
0.902963, 0.966102
0.903289, 0.966102
0.903614, 0.966102
0.903940, 0.966102
0.904266, 0.966102
0.904591, 0.966102
0.904917, 0.966102
0.905243, 0.966102
0.905568, 0.966102
0.905894, 0.966102
0.906219, 0.966102
0.906545, 0.966102
0.906871, 0.966102
0.907196, 0.966102
0.907522, 0.966102
0.907848, 0.966102
0.908173, 0.966102
0.908499, 0.966102
0.908824, 0.966102
0.909150, 0.966102
0.909476, 0.966102
0.909801, 0.966102
0.910127, 0.966102
0.910453, 0.966102
0.910778, 0.966102
0.911104, 0.966102
0.911430, 0.966102
0.911755, 0.966102
0.912081, 0.966102
0.912406, 0.966102
0.912732, 0.966102
0.913058, 0.966102
0.913383, 0.966102
0.913709, 0.966102
0.914035, 0.966102
0.914360, 0.966102
0.914686, 0.966102
0.915011, 0.966102
0.915337, 0.966102
0.915663, 0.966102
0.915988, 0.966102
0.916314, 0.966102
0.916640, 0.966102
0.916965, 0.966102
0.917291, 0.966102
0.917616, 0.966102
0.917942, 0.966102
0.918268, 0.966102
0.918593, 0.966102
0.918919, 0.966102
0.919245, 0.966102
0.919570, 0.966102
0.919896, 0.966102
0.920221, 0.966102
0.920547, 0.966102
0.920873, 0.966102
0.921198, 0.966102
0.921524, 0.966102
0.921850, 0.966102
0.922175, 0.966102
0.922501, 0.966102
0.922826, 0.966102
0.923152, 0.966102
0.923478, 0.966102
0.923803, 0.966102
0.924129, 0.966102
0.924455, 0.966102
0.924780, 0.966102
0.925106, 0.966102
0.925431, 0.966102
0.925757, 0.966102
0.926083, 0.966102
0.926408, 0.966102
0.926734, 0.966102
0.927060, 0.966102
0.927385, 0.966102
0.927711, 0.966102
0.928036, 0.966102
0.928036, 0.983051
0.928362, 0.983051
0.928688, 0.983051
0.929013, 0.983051
0.929339, 0.983051
0.929665, 0.983051
0.929990, 0.983051
0.930316, 0.983051
0.930641, 0.983051
0.930967, 0.983051
0.931293, 0.983051
0.931618, 0.983051
0.931944, 0.983051
0.932270, 0.983051
0.932595, 0.983051
0.932921, 0.983051
0.933246, 0.983051
0.933572, 0.983051
0.933898, 0.983051
0.934223, 0.983051
0.934549, 0.983051
0.934875, 0.983051
0.935200, 0.983051
0.935526, 0.983051
0.935852, 0.983051
0.936177, 0.983051
0.936503, 0.983051
0.936828, 0.983051
0.937154, 0.983051
0.937480, 0.983051
0.937805, 0.983051
0.938131, 0.983051
0.938457, 0.983051
0.938782, 0.983051
0.939108, 0.983051
0.939433, 0.983051
0.939759, 0.983051
0.940085, 0.983051
0.940410, 0.983051
0.940736, 0.983051
0.941062, 0.983051
0.941387, 0.983051
0.941713, 0.983051
0.942038, 0.983051
0.942364, 0.983051
0.942690, 0.983051
0.943015, 0.983051
0.943341, 0.983051
0.943667, 0.983051
0.943992, 0.983051
0.944318, 0.983051
0.944643, 0.983051
0.944969, 0.983051
0.945295, 0.983051
0.945620, 0.983051
0.945946, 0.983051
0.946272, 0.983051
0.946597, 0.983051
0.946923, 0.983051
0.947248, 0.983051
0.947574, 0.983051
0.947900, 0.983051
0.948225, 0.983051
0.948551, 0.983051
0.948877, 0.983051
0.949202, 0.983051
0.949528, 0.983051
0.949853, 0.983051
0.950179, 0.983051
0.950505, 0.983051
0.950830, 0.983051
0.951156, 0.983051
0.951482, 0.983051
0.951807, 0.983051
0.952133, 0.983051
0.952458, 0.983051
0.952784, 0.983051
0.953110, 0.983051
0.953435, 0.983051
0.953761, 0.983051
0.954087, 0.983051
0.954412, 0.983051
0.954738, 0.983051
0.955063, 0.983051
0.955389, 0.983051
0.955715, 0.983051
0.956040, 0.983051
0.956366, 0.983051
0.956692, 0.983051
0.957017, 0.983051
0.957343, 0.983051
0.957669, 0.983051
0.957994, 0.983051
0.958320, 0.983051
0.958645, 0.983051
0.958971, 0.983051
0.959297, 0.983051
0.959622, 0.983051
0.959948, 0.983051
0.960274, 0.983051
0.960599, 0.983051
0.960925, 0.983051
0.961250, 0.983051
0.961576, 0.983051
0.961902, 0.983051
0.962227, 0.983051
0.962553, 0.983051
0.962879, 0.983051
0.963204, 0.983051
0.963530, 0.983051
0.963855, 0.983051
0.964181, 0.983051
0.964507, 0.983051
0.964832, 0.983051
0.965158, 0.983051
0.965484, 0.983051
0.965809, 0.983051
0.966135, 0.983051
0.966460, 0.983051
0.966786, 0.983051
0.967112, 0.983051
0.967437, 0.983051
0.967763, 0.983051
0.968089, 0.983051
0.968414, 0.983051
0.968740, 0.983051
0.969065, 0.983051
0.969391, 0.983051
0.969717, 0.983051
0.970042, 0.983051
0.970368, 0.983051
0.970694, 0.983051
0.971019, 0.983051
0.971345, 0.983051
0.971670, 0.983051
0.971670, 1.000000
0.971996, 1.000000
0.972322, 1.000000
0.972647, 1.000000
0.972973, 1.000000
0.973299, 1.000000
0.973624, 1.000000
0.973950, 1.000000
0.974275, 1.000000
0.974601, 1.000000
0.974927, 1.000000
0.975252, 1.000000
0.975578, 1.000000
0.975904, 1.000000
0.976229, 1.000000
0.976555, 1.000000
0.976880, 1.000000
0.977206, 1.000000
0.977532, 1.000000
0.977857, 1.000000
0.978183, 1.000000
0.978509, 1.000000
0.978834, 1.000000
0.979160, 1.000000
0.979486, 1.000000
0.979811, 1.000000
0.980137, 1.000000
0.980462, 1.000000
0.980788, 1.000000
0.981114, 1.000000
0.981439, 1.000000
0.981765, 1.000000
0.982091, 1.000000
0.982416, 1.000000
0.982742, 1.000000
0.983067, 1.000000
0.983393, 1.000000
0.983719, 1.000000
0.984044, 1.000000
0.984370, 1.000000
0.984696, 1.000000
0.985021, 1.000000
0.985347, 1.000000
0.985672, 1.000000
0.985998, 1.000000
0.986324, 1.000000
0.986649, 1.000000
0.986975, 1.000000
0.987301, 1.000000
0.987626, 1.000000
0.987952, 1.000000
0.988277, 1.000000
0.988603, 1.000000
0.988929, 1.000000
0.989254, 1.000000
0.989580, 1.000000
0.989906, 1.000000
0.990231, 1.000000
0.990557, 1.000000
0.990882, 1.000000
0.991208, 1.000000
0.991534, 1.000000
0.991859, 1.000000
0.992185, 1.000000
0.992511, 1.000000
0.992836, 1.000000
0.993162, 1.000000
0.993487, 1.000000
0.993813, 1.000000
0.994139, 1.000000
0.994464, 1.000000
0.994790, 1.000000
0.995116, 1.000000
0.995441, 1.000000
0.995767, 1.000000
0.996092, 1.000000
0.996418, 1.000000
0.996744, 1.000000
0.997069, 1.000000
0.997395, 1.000000
0.997721, 1.000000
0.998046, 1.000000
0.998372, 1.000000
0.998697, 1.000000
0.999023, 1.000000
0.999349, 1.000000
0.999674, 1.000000
1.000000, 1.000000
