0.011200000000000002 0.9201960784314456 0.014117647058823546
0.033600000000000005 0.0411764705882353 0.0033333333333333322
0.05600000000000001 0.012352941176470601 3.92156862745098E-4
0.07840000000000001 0.003529411764705881 1.96078431372549E-4
0.10080000000000001 0.001176470588235294 3.92156862745098E-4
0.12320000000000002 1.96078431372549E-4 3.92156862745098E-4
0.1456 3.92156862745098E-4 0.0
0.16800000000000004 0.0 0.0
0.1904 0.0 0.0
0.21280000000000004 0.0 0.0
0.23520000000000002 1.96078431372549E-4 1.96078431372549E-4
0.25760000000000005 0.0 0.0
0.28 0.0 0.0
0.30240000000000006 0.0 0.0
0.32480000000000003 0.0 0.0
0.34720000000000006 0.0 0.0
0.36960000000000004 0.0 0.0
0.39200000000000007 0.0 0.0
0.41440000000000005 0.0 0.0
0.4368000000000001 0.0 0.0
0.45920000000000005 0.0 0.0
0.4816000000000001 0.0 0.0
0.5040000000000001 0.0 0.0
0.5264000000000001 0.0 0.0
0.5488000000000001 0.0 0.0
0.5712 0.0 0.0
0.5936000000000001 0.0 0.0
0.6160000000000001 0.0 0.0
0.6384000000000001 0.0 0.0
0.6608 0.0 0.0
0.6832000000000001 0.0 0.0
0.7056000000000001 0.0 0.0
0.7280000000000001 0.0 0.0
0.7504000000000001 0.0 0.0
0.7728000000000002 0.0 0.0
0.7952000000000001 0.0 0.0
0.8176000000000001 0.0 0.0
0.8400000000000001 0.0 0.0
0.8624000000000002 0.0 0.0
0.8848000000000001 0.0 0.0
0.9072000000000001 0.0 0.0
0.9296000000000001 1.96078431372549E-4 0.0
0.9520000000000002 0.0 0.0
0.9744000000000002 1.96078431372549E-4 0.0
0.9968000000000001 0.0 0.0
1.0192 0.0 0.0
1.0416 0.0 0.0
1.064 0.0 0.0
1.0864000000000003 0.0 0.0
1.1088000000000002 0.0 0.0
1.1312000000000002 0.0 0.0
1.1536000000000002 0.0 0.0
1.1760000000000002 0.0 0.0
1.1984000000000001 0.0 0.0
1.2208 0.0 0.0
1.2432 0.0 0.0
1.2656000000000003 0.0 0.0
1.2880000000000003 0.0 0.0
1.3104000000000002 0.0 0.0
1.3328000000000002 3.92156862745098E-4 0.0
1.3552000000000002 1.96078431372549E-4 1.96078431372549E-4
1.3776000000000002 0.0 0.0
1.4000000000000001 0.0 0.0
1.4224 0.0 0.0
1.4448000000000003 0.0 0.0
1.4672000000000003 0.0 0.0
1.4896000000000003 0.0 1.96078431372549E-4
1.5120000000000002 0.0 0.0
1.5344000000000002 0.0 0.0
1.5568000000000002 0.0 1.96078431372549E-4
