# ROCAUC: 0.341904
# False Positive Rate True Positive Rate
0.0 0.0
0.0 0.02
2.0E-4 0.02
2.0E-4 0.03
0.001 0.03
0.001 0.04
0.0016 0.04
0.0016 0.05
0.0018000000000000002 0.05
0.0018000000000000002 0.06
0.0026000000000000003 0.06
0.0026000000000000003 0.08
0.0044 0.08
0.0044 0.09
0.019200000000000002 0.09
0.019200000000000002 0.11
0.021400000000000002 0.11
0.021400000000000002 0.12
0.0268 0.12
0.0268 0.13
0.029 0.13
0.029 0.14
0.0298 0.14
0.0298 0.15
0.0376 0.15
0.0376 0.16
0.0378 0.16
0.0378 0.17
0.0392 0.17
0.0392 0.18
0.040400000000000005 0.18
0.040400000000000005 0.19
0.041 0.19
0.041 0.21
0.041600000000000005 0.21
0.041600000000000005 0.22
0.0426 0.22
0.0426 0.23
0.05 0.23
0.05 0.24
0.052000000000000005 0.24
0.052000000000000005 0.25
0.0548 0.25
0.0548 0.26
0.055400000000000005 0.26
0.055400000000000005 0.27
0.0596 0.27
0.0596 0.28
0.0632 0.28
0.0632 0.29
0.06380000000000001 0.29
0.06380000000000001 0.3
0.064 0.3
0.064 0.31
0.0644 0.31
0.0644 0.32
0.234 0.32
0.234 0.36
0.9958 0.36
1.0 1.0
1.0 1.0
