0.016 0.018000000000000002 0.0
0.048 0.038000000000000006 0.0
0.08 0.05600000000000002 0.0
0.112 0.04000000000000001 0.0
0.14400000000000002 0.060000000000000026 0.0
0.176 0.05400000000000002 0.0
0.20800000000000002 0.06600000000000003 0.0
0.24 0.060000000000000026 0.0
0.272 0.058000000000000024 0.0
0.304 0.05200000000000002 0.0
0.336 0.048000000000000015 0.0
0.368 0.022 0.0
0.4 0.05600000000000002 0.0
0.432 0.05200000000000002 0.0
0.464 0.028000000000000004 0.0
0.496 0.028 0.0
0.528 0.034 0.0
0.56 0.026000000000000002 0.0
0.592 0.016 0.0
0.624 0.036000000000000004 0.0
0.656 0.016 0.0
0.6880000000000001 0.026000000000000002 0.0
0.72 0.02 0.0
0.752 0.014 0.0
0.784 0.01 0.0
0.8160000000000001 0.006 0.0
0.848 0.0 0.004
0.88 0.014 0.004
0.912 0.006 0.0
0.9440000000000001 0.004 0.002
0.976 0.004 0.0
1.008 0.002 0.0
1.04 0.004 0.0
1.072 0.002 0.0
1.104 0.004 0.002
1.1360000000000001 0.0 0.0
1.168 0.0 0.0
1.2 0.0 0.0
1.232 0.0 0.0
1.264 0.0 0.0
1.296 0.0 0.002
1.328 0.0 0.0
1.36 0.0 0.0
1.3920000000000001 0.0 0.0
1.424 0.0 0.002
1.456 0.0 0.0
1.488 0.0 0.0
1.52 0.0 0.002
1.552 0.0 0.0
1.584 0.0 0.0
1.616 0.0 0.0
1.6480000000000001 0.0 0.0
1.68 0.0 0.0
1.712 0.0 0.0
1.744 0.0 0.0
1.776 0.0 0.0
1.808 0.0 0.0
1.84 0.0 0.0
1.872 0.0 0.0
1.9040000000000001 0.0 0.002
