# Cluster: Outlier
# Cluster name: Outlier
# Cluster noise flag: false
# Cluster size: 7
ID=7 -7.54983443527 -2.94634065657 -0.326565218185 -6.28121068843 -3.587885379 0.978184481036 2.04469878394 -3.70635598362 1.94102051485 -2.9796062782 1.98893070465 0.88715065753 -2.99359031831 0.872260138619 2.3699666937 -2.28943582632 -2.64370697466 -2.27384737147 2.42765989403 1.00875847384 -2.21041034495 -2.68526247303 2.47181760036 -2.91845968355 2.52908630193 1.05183365476 -2.30210309125 -3.15354903054 2.42578146138 -3.21054982554 -2.36083201286 1.20164157618 -2.39660651082 Outlier sod-outlier=0.49936211188845137
ID=6 0.132453235707 -2.26914047963 -0.985656676666 -2.74244355304 -0.475507601197 -2.36096720751 -0.505740583659 -1.39435595577 -0.554004632522 -1.04306014244 -0.521476910655 -0.61479030674 -0.902262229338 -0.694473911747 -0.320171953027 -0.667987456077 -0.0894814559633 -0.645840550924 0.0327173921031 -0.746530155431 0.0706138224625 -0.922937288972 -0.0513488867143 -0.78140585256 0.382715919767 -0.715443343676 -0.118590110358 -0.750814566498 0.293746767314 -0.9694224094 -0.0666625550563 -0.602700952869 0.501025129212 Outlier sod-outlier=0.09065602962064476
ID=5 -7.54983443527 -6.5891603281 -4.28103487968 -2.74244355304 -0.475507601197 -2.36096720751 -0.505740583659 -1.39435595577 -0.554004632522 -1.04306014244 -0.521476910655 -0.810686791624 -0.409438668133 0.872260138619 -3.01031059976 -0.667987456077 -0.0894814559633 -2.27384737147 -2.36222510982 -0.746530155431 0.0706138224625 1.02990150382 2.47181760036 1.04444135952 -2.18686382696 1.05183365476 -2.30210309125 -1.0177850625 0.066944603421 -1.0254484097 0.0492123793198 -0.967743355288 0.0271554318097 Outlier sod-outlier=0.24946999355936955
ID=4 -7.54983443527 -6.5891603281 3.62790444331 -6.28121068843 -3.587885379 -2.36096720751 -0.505740583659 -3.70635598362 1.94102051485 0.893485993331 -3.03188452596 -2.50852424078 -2.99359031831 -2.26120796211 2.3699666937 -0.667987456077 -0.0894814559633 -2.27384737147 -2.36222510982 -2.5018187847 2.35163798987 -0.827680484606 0.104225584638 1.04444135952 -2.18686382696 1.05183365476 2.5989955943 1.11797890554 -2.29189225454 1.15965300613 2.4592567715 -0.967743355288 0.0271554318097 Outlier sod-outlier=0.40622422675043723
ID=3 -7.54983443527 -2.94634065657 -0.326565218185 -2.74244355304 -0.475507601197 -2.36096720751 -0.505740583659 -1.39435595577 -0.554004632522 -1.04306014244 -0.521476910655 -0.810686791624 -0.409438668133 -0.694473911747 -0.320171953027 -0.667987456077 -0.0894814559633 -0.645840550924 0.0327173921031 -0.746530155431 0.0706138224625 -0.827680484606 0.104225584638 -0.937009162016 0.171111237484 1.05183365476 -2.30210309125 -1.0177850625 0.066944603421 -1.0254484097 0.0492123793198 -0.967743355288 0.0271554318097 Outlier sod-outlier=0.1632483114010754
ID=2 0.132453235707 0.696479014958 -0.229245719815 0.784716426149 -0.324214917418 0.896208307082 -0.323562699631 0.0331884614344 -3.04902977989 0.719893997721 -0.241641773777 0.691254172647 0.976700277024 0.591454394772 0.0601329474605 0.579376560664 0.298479858071 0.982166269617 1.01471566617 0.409327406945 0.444040288909 0.289432171594 0.495257081954 0.141811388938 0.557583350547 -0.040970664414 0.540999750742 -0.0891335315599 0.431054660816 -0.187418314701 0.40293459476 1.20164157618 2.45091737444 Outlier sod-outlier=0.15336936423322084
ID=1 0.132453235707 -0.350722356016 -0.4291837059 -1.28139276585 -1.1934397832 0.912035886086 -0.747343704952 0.91091615201 -0.809395406607 0.893485993331 -0.796391648607 0.19044306027 2.17471298205 0.617289839262 -3.01031059976 0.665978118118 -0.545742760368 0.668937757345 -0.644021510667 -1.20139565082 2.1858075329 0.137017569444 0.233401405016 0.360702228052 -0.309727037658 0.904881148574 -0.863802165496 0.345067283142 -0.449664256841 0.856710545843 -2.05605779903 -1.4707369455 -2.39660651082 Outlier sod-outlier=0.1600000026487578
