0.0027 0.0 0.0
0.0081 0.004310344827586207 0.0
0.013500000000000002 0.017241379310344827 0.0
0.0189 0.04310344827586208 0.0
0.024300000000000002 0.06465517241379312 0.0
0.0297 0.04310344827586208 0.0
0.0351 0.06896551724137932 0.0
0.0405 0.056034482758620704 0.0
0.0459 0.06896551724137932 0.0
0.051300000000000005 0.030172413793103453 0.0
0.0567 0.03879310344827587 0.0
0.0621 0.017241379310344827 0.0
0.0675 0.030172413793103453 0.0
0.0729 0.017241379310344827 0.0
0.07830000000000001 0.021551724137931036 0.0
0.08370000000000001 0.030172413793103453 0.0
0.0891 0.051724137931034496 0.004310344827586207
0.0945 0.017241379310344827 0.0
0.0999 0.056034482758620704 0.0
0.1053 0.025862068965517244 0.0
0.1107 0.03448275862068966 0.0
0.11610000000000001 0.017241379310344827 0.0
0.12150000000000001 0.021551724137931036 0.0
0.1269 0.01293103448275862 0.0
0.1323 0.017241379310344827 0.0
0.13770000000000002 0.004310344827586207 0.0
0.1431 0.017241379310344827 0.0
0.14850000000000002 0.0 0.0
0.1539 0.01293103448275862 0.004310344827586207
0.1593 0.008620689655172414 0.004310344827586207
0.1647 0.01293103448275862 0.004310344827586207
0.1701 0.021551724137931036 0.0
0.17550000000000002 0.0 0.0
0.1809 0.021551724137931036 0.0
0.18630000000000002 0.0 0.0
0.1917 0.01293103448275862 0.0
0.1971 0.01293103448275862 0.0
0.2025 0.0 0.0
0.2079 0.004310344827586207 0.0
0.21330000000000002 0.004310344827586207 0.0
0.2187 0.0 0.0
0.22410000000000002 0.008620689655172414 0.0
0.2295 0.0 0.0
0.23490000000000003 0.0 0.0
0.2403 0.004310344827586207 0.0
0.2457 0.0 0.0
0.2511 0.004310344827586207 0.004310344827586207
0.2565 0.004310344827586207 0.0
0.2619 0.004310344827586207 0.0
0.26730000000000004 0.004310344827586207 0.0
0.2727 0.0 0.0
0.2781 0.0 0.0
0.28350000000000003 0.0 0.0
0.2889 0.0 0.0
0.2943 0.0 0.0
0.2997 0.0 0.0
0.30510000000000004 0.0 0.0
0.3105 0.0 0.0
0.3159 0.0 0.0
0.32130000000000003 0.0 0.0
0.3267 0.0 0.0
0.3321 0.0 0.0
0.3375 0.0 0.0
0.34290000000000004 0.0 0.0
0.3483 0.0 0.0
0.3537 0.0 0.0
0.35910000000000003 0.0 0.0
0.36450000000000005 0.0 0.0
0.3699 0.0 0.0
0.3753 0.0 0.0
0.38070000000000004 0.0 0.0
0.3861 0.0 0.0
0.3915 0.0 0.0
0.39690000000000003 0.0 0.0
0.40230000000000005 0.0 0.0
0.4077 0.0 0.004310344827586207
0.4131 0.0 0.0
0.41850000000000004 0.0 0.0
0.4239 0.0 0.0
0.4293 0.0 0.0
0.43470000000000003 0.0 0.0
0.44010000000000005 0.0 0.0
0.4455 0.0 0.0
0.4509 0.0 0.0
0.45630000000000004 0.0 0.0
0.4617 0.0 0.0
0.4671 0.0 0.0
0.47250000000000003 0.0 0.0
0.47790000000000005 0.0 0.0
0.4833 0.0 0.0
0.4887 0.0 0.0
0.49410000000000004 0.0 0.0
0.4995 0.0 0.004310344827586207
