0.0192 0.97132352941141 0.01769607843137263
0.0576 0.006372549019607828 0.0013725490196078436
0.09599999999999999 0.0011274509803921569 4.901960784313725E-5
0.1344 5.392156862745097E-4 1.4705882352941175E-4
0.17279999999999998 4.411764705882352E-4 0.0
0.21119999999999997 1.4705882352941175E-4 0.0
0.2496 4.901960784313725E-5 0.0
0.288 9.80392156862745E-5 4.901960784313725E-5
0.32639999999999997 4.901960784313725E-5 0.0
0.36479999999999996 4.901960784313725E-5 0.0
0.40319999999999995 0.0 0.0
0.44159999999999994 0.0 0.0
0.48 0.0 0.0
0.5184 0.0 0.0
0.5568 0.0 0.0
0.5952 0.0 0.0
0.6335999999999999 0.0 0.0
0.6719999999999999 0.0 0.0
0.7103999999999999 0.0 0.0
0.7487999999999999 0.0 0.0
0.7871999999999999 0.0 0.0
0.8255999999999999 0.0 0.0
0.8639999999999999 0.0 0.0
0.9023999999999999 0.0 0.0
0.9408 0.0 0.0
0.9792 0.0 0.0
1.0175999999999998 0.0 0.0
1.0559999999999998 0.0 0.0
1.0943999999999998 0.0 0.0
1.1327999999999998 0.0 0.0
1.1711999999999998 0.0 0.0
1.2095999999999998 4.901960784313725E-5 0.0
1.248 0.0 0.0
1.2864 0.0 0.0
1.3248 0.0 0.0
1.3632 0.0 0.0
1.4016 0.0 0.0
1.44 0.0 4.901960784313725E-5
1.4784 0.0 0.0
1.5168 0.0 0.0
1.5552 0.0 0.0
1.5936 4.901960784313725E-5 0.0
1.632 0.0 0.0
1.6703999999999999 0.0 0.0
1.7087999999999999 0.0 0.0
1.7471999999999999 0.0 0.0
1.7855999999999999 0.0 0.0
1.8239999999999998 0.0 0.0
1.8623999999999998 0.0 0.0
1.9007999999999998 0.0 0.0
1.9391999999999998 0.0 0.0
1.9775999999999998 0.0 0.0
2.016 0.0 0.0
2.0544 0.0 4.901960784313725E-5
2.0928 0.0 4.901960784313725E-5
2.1311999999999998 0.0 0.0
2.1696 0.0 9.80392156862745E-5
2.2079999999999997 0.0 0.0
2.2464 4.901960784313725E-5 4.901960784313725E-5
2.2847999999999997 4.901960784313725E-5 0.0
