# ROCAUC: 0.374398375
# False Positive Rate True Positive Rate
0.0 0.0
5.0E-5 0.0
5.0E-5 0.0025
1.0E-4 0.0025
1.0E-4 0.0125
1.5000000000000001E-4 0.0125
1.5000000000000001E-4 0.015
3.0000000000000003E-4 0.015
3.0000000000000003E-4 0.0175
0.00125 0.0175
0.00125 0.02
0.00135 0.02
0.00135 0.0225
0.0014500000000000001 0.0225
0.0014500000000000001 0.025
0.0016 0.025
0.0016 0.0275
0.003 0.0275
0.003 0.03
0.00365 0.03
0.00365 0.0375
0.0037 0.0375
0.0037 0.04
0.0037500000000000003 0.04
0.0037500000000000003 0.0425
0.004 0.0425
0.004 0.0475
0.00405 0.0475
0.00405 0.0575
0.0041 0.0575
0.0041 0.06
0.00415 0.06
0.00415 0.065
0.004200000000000001 0.065
0.004200000000000001 0.0725
0.0048000000000000004 0.0725
0.0048000000000000004 0.0775
0.005350000000000001 0.0775
0.005350000000000001 0.08
0.0054 0.08
0.0054 0.0825
0.0066 0.0825
0.0066 0.085
0.006900000000000001 0.085
0.006900000000000001 0.08750000000000001
0.0069500000000000004 0.08750000000000001
0.0069500000000000004 0.09
0.0071 0.09
0.0071 0.0925
0.00755 0.0925
0.00755 0.095
0.00865 0.095
0.00865 0.0975
0.010150000000000001 0.0975
0.010150000000000001 0.1
0.0106 0.1
0.0106 0.10250000000000001
0.010700000000000001 0.10250000000000001
0.010700000000000001 0.105
0.01085 0.105
0.01085 0.1075
0.013250000000000001 0.1075
0.013250000000000001 0.11
0.014 0.11
0.014 0.1125
0.0143 0.1125
0.0143 0.115
0.014400000000000001 0.115
0.014400000000000001 0.11750000000000001
0.015000000000000001 0.11750000000000001
0.015000000000000001 0.1225
0.0155 0.1225
0.0155 0.125
0.015950000000000002 0.125
0.015950000000000002 0.1275
0.016800000000000002 0.1275
0.016800000000000002 0.13
0.0171 0.13
0.0171 0.135
0.0172 0.135
0.0172 0.14
0.01725 0.14
0.01725 0.14250000000000002
0.017650000000000002 0.14250000000000002
0.017650000000000002 0.145
0.0179 0.145
0.0179 0.1475
0.0187 0.1475
0.0187 0.15
0.01905 0.15
0.01905 0.1525
0.019700000000000002 0.1525
0.019700000000000002 0.155
0.01985 0.155
0.01985 0.1575
0.02 0.1575
0.02 0.16
0.0206 0.16
0.0206 0.1625
0.02085 0.1625
0.02085 0.165
0.021050000000000003 0.165
0.021050000000000003 0.1675
0.021400000000000002 0.1675
0.021400000000000002 0.17250000000000001
0.02145 0.17250000000000001
0.02145 0.17500000000000002
0.0216 0.17500000000000002
0.0216 0.1775
0.02325 0.1775
0.02325 0.18
0.02525 0.18
0.02525 0.1825
0.025900000000000003 0.1825
0.025900000000000003 0.185
0.02605 0.185
0.02605 0.1875
0.03355 0.1875
0.03355 0.19
0.034 0.19
0.034 0.195
0.03755 0.195
0.03755 0.1975
0.0376 0.1975
0.0376 0.2
0.03815 0.2
0.03815 0.2025
0.03825 0.2025
0.03825 0.20500000000000002
0.0383 0.20500000000000002
0.0383 0.20750000000000002
0.038650000000000004 0.20750000000000002
0.038650000000000004 0.21
0.0395 0.21
0.0395 0.2125
0.04025 0.2125
0.04025 0.215
0.040600000000000004 0.215
0.040600000000000004 0.2175
0.04145 0.2175
0.04145 0.22
0.04295 0.22
0.04295 0.2225
0.0441 0.2225
0.0441 0.225
0.04415 0.225
0.04415 0.23
0.048100000000000004 0.23
0.048100000000000004 0.23500000000000001
0.05025 0.23500000000000001
0.05025 0.23750000000000002
0.050300000000000004 0.23750000000000002
0.050300000000000004 0.24
0.0504 0.24
0.0504 0.2425
0.0509 0.2425
0.0509 0.245
0.05185 0.245
0.05185 0.2475
0.0529 0.2475
0.0529 0.25
0.052950000000000004 0.25
0.052950000000000004 0.2525
0.05365 0.2525
0.05365 0.255
0.05405 0.255
0.05405 0.2575
0.054200000000000005 0.2575
0.054200000000000005 0.26
0.056400000000000006 0.26
0.056400000000000006 0.2625
0.057 0.2625
0.057 0.265
0.0591 0.265
0.0591 0.2675
0.0592 0.2675
0.0592 0.27
0.059300000000000005 0.27
0.059300000000000005 0.2725
0.059750000000000004 0.2725
0.059750000000000004 0.275
0.0604 0.275
0.0604 0.2775
0.06135 0.2775
0.06135 0.28
0.061950000000000005 0.28
0.061950000000000005 0.28250000000000003
0.06335 0.28250000000000003
0.06335 0.28500000000000003
0.06465 0.28500000000000003
0.06465 0.28750000000000003
0.0664 0.28750000000000003
0.0664 0.29
0.06785000000000001 0.29
0.06785000000000001 0.2925
0.0679 0.2925
0.0679 0.295
0.0716 0.295
0.0716 0.2975
0.0752 0.2975
0.0752 0.3
0.07805000000000001 0.3
0.07805000000000001 0.3025
0.08215 0.3025
0.08215 0.305
0.0892 0.305
0.0892 0.3075
0.1044 0.3075
0.1044 0.31
0.11130000000000001 0.31
0.11130000000000001 0.3125
0.11295000000000001 0.3125
0.11295000000000001 0.315
0.11425 0.315
0.11425 0.3175
0.11705 0.3175
0.11705 0.32
0.52585 0.32
0.52585 0.36
0.6623 0.36
0.6623 0.4425
0.6661 0.4425
0.6661 0.45
0.9462 0.45
1.0 1.0
1.0 1.0
